0
1
2
3
7
8
10
11
12
14
15
17
18
19
20
22
23
24
25
26
28
29
30
32
33
34
36
37
38
40
41
42
43
44
45
46
47
48
49
50
52
53
54
55
56
57
58
59
61
62
65
66
68
69
70
71
72
76
77
78
79
80
81
83
84
85
87
88
89
91
92
97
99
100
101
102
104
105
106
107
109
111
113
114
115
116
120
121
122
123
125
126
127
128
129
130
131
132
133
134
135
136
137
140
141
142
143
144
145
146
147
149
150
151
152
153
154
155
156
157
158
159
160
162
164
166
167
170
171
172
173
174
175
176
177
178
179
181
182
183
184
185
186
187
188
189
191
192
195
196
197
199
200
201
202
203
204
205
206
207
208
209
210
211
212
213
214
215
217
218
219
220
221
222
223
225
226
227
228
229
230
231
232
233
234
236
238
239
242
243
244
245
246
247
248
249
250
251
252
253
255
256
258
261
262
263
264
265
266
269
270
272
273
274
275
277
278
279
281
282
283
284
285
286
287
288
290
293
294
295
297
298
299
301
302
303
304
305
306
307
308
309
311
312
313
314
315
316
317
318
319
320
321
322
323
324
325
326
327
328
329
331
332
335
336
337
338
339
341
342
343
345
346
347
348
349
350
351
353
354
355
356
357
358
361
362
364
365
366
367
368
370
372
373
375
376
377
379
380
383
384
385
386
387
388
389
391
392
393
394
395
396
397
399
400
401
402
403
404
406
407
408
409
410
412
413
414
415
416
417
418
419
420
421
422
423
424
425
426
427
429
430
431
432
433
435
436
438
439
440
442
443
444
445
446
447
448
450
451
452
453
454
455
456
457
458
459
460
461
462
463
464
465
467
468
469
470
471
472
473
474
476
477
479
480
481
482
483
484
487
490
491
492
493
494
499
500
501
502
503
507
508
509
510
511
512
513
515
516
518
519
520
521
522
523
524
525
527
528
531
532
533
534
535
536
537
540
541
542
543
544
545
546
547
549
550
551
552
553
554
555
556
557
558
559
560
561
562
563
564
566
569
570
571
572
573
574
575
576
577
578
579
580
581
582
583
584
585
586
587
589
590
591
592
593
594
595
597
598
599
600
601
602
603
604
606
607
610
611
612
613
614
615
617
619
621
622
624
625
626
627
628
629
630
631
632
633
634
635
636
639
640
641
642
643
645
647
648
649
650
651
653
654
655
657
658
659
660
662
663
665
666
667
668
669
670
672
673
674
676
678
679
681
682
683
685
686
687
689
690
691
695
696
697
698
700
701
703
704
705
706
707
708
709
711
713
714
715
716
718
719
720
721
722
723
724
725
726
727
728
730
732
735
736
737
738
739
740
741
742
743
744
745
746
748
751
752
753
755
756
757
758
759
761
762
763
764
765
766
767
769
770
771
772
773
774
775
778
779
780
781
782
783
784
785
786
787
788
789
790
791
792
794
796
797
799
800
802
804
805
806
807
808
809
810
811
812
813
814
816
817
818
819
820
822
823
824
825
826
827
828
829
830
832
833
834
835
836
837
838
839
840
841
843
846
847
848
849
850
851
853
855
856
857
859
860
861
862
863
864
865
866
867
868
869
870
872
873
874
875
876
878
879
880
881
882
883
885
886
887
889
890
891
892
894
896
897
900
901
902
903
904
905
906
907
908
909
910
911
912
913
914
915
917
919
920
921
924
925
926
927
928
929
930
931
932
934
935
936
938
939
941
942
943
945
946
948
949
951
952
954
955
956
957
959
960
961
962
963
964
965
966
968
969
970
971
973
974
975
976
977
978
979
980
981
982
983
984
985
986
988
990
991
992
993
994
995
996
997
998
999
1000
1001
1003
1004
1005
1007
1009
1010
1011
1013
1014
1017
1019
1020
1022
1023
1024
1025
1028
1029
1031
1032
1033
1034
1035
1036
1037
1038
1040
1041
1042
1043
1044
1045
1046
1047
1050
1051
1053
1054
1055
1056
1057
1058
1059
1061
1063
1064
1065
1066
1068
1069
1070
1071
1072
1073
1076
1079
1080
1082
1083
1084
1085
1086
1088
1089
1090
1091
1092
1094
1095
1096
1097
1098
1099
1100
1101
1102
1103
1104
1106
1107
1108
1109
1110
1111
1112
1113
1114
1116
1117
1118
1119
1120
1121
1124
1125
1126
1127
1128
1129
1131
1132
1133
1134
1135
1136
1138
1139
1140
1141
1142
1144
1145
1146
1148
1149
1150
1151
1152
1153
1154
1155
1156
1157
1158
1159
1160
1161
1162
1163
1164
1165
1166
1167
1168
1170
1171
1172
1174
1175
1176
1178
1179
1180
1181
1182
1183
1185
1186
1187
1189
1190
1191
1193
1194
1195
1196
1197
1198
1201
1202
1203
1204
1205
1207
1208
1209
1211
1213
1215
1216
1217
1218
1221
1222
1223
1224
1225
1227
1228
1229
1231
1232
1233
1234
1236
1237
1238
1240
1241
1242
1243
1245
1246
1247
1248
1249
1250
1251
1252
1253
1255
1256
1257
1258
1261
1262
1263
1264
1265
1266
1267
1268
1269
