0	75	1
0	112	1
2	146	1
2	170	1
2	318	1
2	324	1
2	453	1
2	530	1
3	327	1
4	430	1
5	33	1
6	124	1
7	459	1
8	121	1
8	984	1
9	64	1
9	366	1
10	423	1
10	493	1
10	494	1
10	985	1
10	1163	1
10	1164	1
10	1165	1
11	26	1
11	49	1
12	71	1
12	273	1
12	302	1
12	421	1
12	460	1
12	987	1
12	988	1
12	989	1
12	1166	1
12	1167	1
12	1168	1
12	1169	1
12	1170	1
13	98	1
14	264	1
14	269	1
14	990	1
14	991	1
14	992	1
15	278	1
15	366	1
15	430	1
15	922	1
15	924	1
16	26	1
16	243	1
16	278	1
16	309	1
16	358	1
16	362	1
16	430	1
16	442	1
17	98	1
17	394	1
19	119	1
19	134	1
19	744	1
19	856	1
19	1203	1
20	538	1
20	1060	1
22	181	1
22	260	1
22	419	1
22	439	1
22	449	1
22	554	1
23	6	1
23	279	1
23	424	1
23	546	1
24	26	1
24	49	1
24	322	1
25	102	1
25	1148	1
25	1149	1
26	48	1
26	694	1
27	189	1
28	64	1
30	58	1
31	43	1
31	82	1
31	114	1
31	237	1
31	377	1
31	401	1
32	288	1
32	328	1
34	430	1
35	165	1
35	223	1
35	263	1
35	368	1
35	374	1
35	461	1
36	426	1
38	115	1
38	364	1
38	402	1
40	296	1
40	327	1
40	1000	1
41	290	1
41	317	1
41	361	1
41	452	1
41	460	1
42	203	1
43	71	1
43	273	1
43	302	1
43	421	1
43	460	1
43	987	1
43	988	1
43	989	1
43	1166	1
43	1167	1
43	1168	1
43	1169	1
43	1170	1
46	142	1
46	186	1
46	315	1
46	1038	1
46	1176	1
46	1177	1
46	1178	1
46	1179	1
46	1180	1
47	108	1
48	12	1
48	26	1
48	49	1
48	83	1
48	139	1
48	164	1
48	165	1
48	175	1
48	194	1
48	221	1
48	232	1
48	256	1
48	288	1
48	309	1
48	322	1
48	326	1
48	328	1
48	330	1
48	368	1
48	374	1
48	435	1
48	461	1
48	561	1
49	165	1
49	223	1
49	256	1
49	309	1
49	368	1
50	12	1
50	83	1
50	164	1
50	165	1
50	194	1
50	221	1
50	223	1
50	256	1
50	309	1
50	326	1
50	330	1
50	368	1
50	374	1
50	435	1
50	461	1
52	108	1
54	238	1
57	98	1
57	394	1
58	12	1
58	83	1
58	164	1
58	165	1
58	194	1
58	221	1
58	223	1
58	256	1
58	309	1
58	326	1
58	330	1
58	374	1
58	435	1
58	461	1
60	183	1
60	197	1
60	311	1
60	460	1
61	48	1
61	426	1
62	6	1
62	102	1
62	135	1
62	279	1
62	546	1
62	696	1
63	28	1
64	26	1
64	49	1
64	108	1
64	322	1
64	1173	1
64	1174	1
65	99	1
65	108	1
65	440	1
66	448	1
68	482	1
68	512	1
68	726	1
68	1055	1
69	278	1
69	366	1
69	430	1
70	346	1
71	244	1
71	459	1
72	278	1
72	430	1
74	326	1
74	460	1
75	185	1
76	243	1
76	358	1
76	442	1
77	99	1
78	34	1
78	99	1
80	117	1
82	43	1
82	237	1
82	401	1
83	48	1
83	88	1
83	248	1
83	402	1
84	289	1
85	273	1
85	302	1
85	460	1
85	472	1
85	475	1
85	493	1
85	985	1
86	144	1
86	515	1
87	165	1
87	263	1
87	374	1
87	461	1
88	10	1
88	150	1
89	440	1
90	243	1
90	358	1
90	442	1
92	164	1
92	223	1
92	374	1
92	461	1
93	26	1
93	49	1
93	139	1
93	164	1
93	165	1
93	232	1
93	243	1
93	256	1
93	278	1
93	288	1
93	322	1
93	358	1
93	407	1
93	430	1
93	452	1
93	528	1
93	635	1
93	1173	1
93	1174	1
93	1175	1
94	857	1
95	459	1
96	243	1
96	358	1
96	442	1
97	10	1
97	119	1
97	150	1
97	574	1
97	814	1
99	145	1
100	243	1
100	362	1
100	442	1
101	12	1
101	26	1
101	49	1
101	83	1
101	139	1
101	164	1
101	165	1
101	175	1
101	194	1
101	221	1
101	232	1
101	256	1
101	288	1
101	309	1
101	322	1
101	326	1
101	328	1
101	330	1
101	368	1
101	374	1
101	435	1
101	461	1
101	561	1
102	98	1
103	395	1
103	1011	1
108	278	1
108	430	1
109	288	1
109	328	1
109	407	1
110	71	1
110	273	1
110	302	1
110	460	1
110	987	1
110	988	1
110	989	1
110	1166	1
110	1167	1
110	1168	1
110	1169	1
110	1170	1
111	10	1
111	364	1
112	320	1
112	459	1
114	317	1
115	858	1
115	1145	1
116	72	1
116	546	1
118	81	1
120	12	1
120	26	1
120	49	1
120	84	1
120	139	1
120	164	1
120	165	1
120	175	1
120	194	1
120	221	1
120	232	1
120	256	1
120	288	1
120	309	1
120	322	1
120	326	1
120	328	1
120	330	1
120	368	1
120	374	1
120	379	1
120	435	1
120	461	1
120	561	1
121	312	1
121	568	1
121	614	1
121	859	1
121	860	1
122	67	1
122	73	1
122	320	1
123	98	1
123	164	1
123	194	1
123	288	1
123	326	1
123	328	1
123	394	1
123	407	1
123	613	1
125	164	1
125	175	1
125	256	1
125	309	1
125	358	1
126	273	1
126	302	1
126	460	1
127	98	1
127	394	1
128	58	1
128	271	1
128	608	1
130	26	1
130	49	1
130	139	1
130	232	1
130	322	1
131	175	1
132	108	1
132	1202	1
133	248	1
133	940	1
133	993	1
133	994	1
133	998	1
134	246	1
134	916	1
135	14	1
135	106	1
135	285	1
135	286	1
136	288	1
136	328	1
136	407	1
137	418	1
138	248	1
138	380	1
138	993	1
138	994	1
138	995	1
138	996	1
138	997	1
138	998	1
138	1202	1
140	67	1
140	195	1
140	320	1
140	380	1
141	13	1
141	21	1
141	85	1
141	113	1
141	208	1
141	258	1
141	359	1
143	248	1
143	993	1
143	994	1
143	998	1
144	71	1
144	273	1
144	302	1
144	421	1
144	460	1
144	987	1
144	988	1
144	989	1
144	1166	1
144	1167	1
144	1168	1
144	1169	1
144	1170	1
145	12	1
145	256	1
145	309	1
145	435	1
146	49	1
146	322	1
146	423	1
147	119	1
148	12	1
148	83	1
148	164	1
148	165	1
148	194	1
148	221	1
148	223	1
148	256	1
148	309	1
148	326	1
148	330	1
148	374	1
148	435	1
148	461	1
151	273	1
151	302	1
151	460	1
151	472	1
151	475	1
151	493	1
151	985	1
152	272	1
153	73	1
153	380	1
154	278	1
154	366	1
154	430	1
156	302	1
156	460	1
158	31	1
158	427	1
158	987	1
159	435	1
160	26	1
160	49	1
160	256	1
160	309	1
160	322	1
161	927	1
163	327	1
164	185	1
164	189	1
165	185	1
165	186	1
165	360	1
167	426	1
168	549	1
170	164	1
170	288	1
170	394	1
170	916	1
171	288	1
171	435	1
172	206	1
172	225	1
172	240	1
172	259	1
172	358	1
174	48	1
174	288	1
174	328	1
174	407	1
175	26	1
175	49	1
175	139	1
175	232	1
175	256	1
175	278	1
175	288	1
175	322	1
175	407	1
175	430	1
175	1173	1
175	1174	1
176	43	1
176	82	1
176	114	1
176	170	1
176	237	1
176	377	1
176	401	1
178	10	1
178	150	1
179	10	1
179	150	1
180	140	1
181	430	1
182	460	1
183	71	1
183	273	1
183	302	1
183	460	1
183	987	1
183	988	1
183	989	1
183	1166	1
183	1167	1
183	1168	1
183	1169	1
183	1170	1
184	278	1
184	366	1
184	430	1
185	12	1
185	165	1
185	256	1
185	288	1
185	328	1
185	435	1
188	150	1
188	1119	1
188	1138	1
189	67	1
189	457	1
190	150	1
190	738	1
191	164	1
191	194	1
191	326	1
193	32	1
193	51	1
194	48	1
194	98	1
194	394	1
195	165	1
195	435	1
196	482	1
196	512	1
197	124	1
199	857	1
201	26	1
201	49	1
201	139	1
201	232	1
201	322	1
202	243	1
202	358	1
202	442	1
203	73	1
203	1202	1
204	10	1
204	150	1
205	60	1
206	12	1
206	240	1
206	256	1
206	330	1
206	435	1
210	773	1
210	778	1
211	124	1
213	98	1
213	394	1
214	242	1
217	440	1
217	570	1
219	108	1
220	150	1
220	640	1
221	654	1
222	426	1
224	67	1
225	26	1
225	49	1
225	139	1
225	165	1
225	232	1
225	256	1
225	278	1
225	288	1
225	322	1
225	407	1
225	430	1
226	81	1
226	783	1
227	124	1
228	12	1
228	49	1
228	164	1
228	278	1
228	288	1
228	430	1
228	435	1
228	460	1
229	459	1
230	143	1
232	291	1
233	10	1
233	150	1
234	852	1
236	25	1
236	300	1
238	1161	1
238	1162	1
239	189	1
240	108	1
242	98	1
242	165	1
242	394	1
242	461	1
242	613	1
243	26	1
243	49	1
243	139	1
243	232	1
243	322	1
244	10	1
244	150	1
245	164	1
245	194	1
245	326	1
247	150	1
250	60	1
251	10	1
251	140	1
251	150	1
251	201	1
251	528	1
251	814	1
251	854	1
251	1015	1
252	48	1
252	288	1
252	328	1
252	407	1
253	459	1
254	276	1
255	14	1
255	106	1
255	200	1
255	201	1
255	285	1
255	286	1
255	389	1
255	433	1
255	526	1
257	98	1
257	288	1
257	328	1
257	394	1
259	988	1
260	67	1
260	320	1
261	10	1
261	150	1
261	428	1
261	608	1
261	646	1
262	400	1
262	722	1
262	918	1
264	243	1
264	358	1
264	442	1
265	98	1
265	394	1
266	686	1
266	717	1
268	7	1
268	113	1
268	258	1
268	495	1
268	496	1
268	635	1
268	674	1
268	689	1
268	1022	1
269	459	1
270	73	1
271	26	1
271	49	1
271	139	1
271	232	1
271	241	1
271	248	1
271	288	1
271	322	1
271	328	1
271	407	1
271	993	1
271	998	1
271	1151	1
272	12	1
272	241	1
272	435	1
273	73	1
275	448	1
275	589	1
275	1153	1
275	1154	1
275	1155	1
276	186	1
276	315	1
277	164	1
278	459	1
279	6	1
279	135	1
279	546	1
280	327	1
280	637	1
281	185	1
281	189	1
281	516	1
281	752	1
283	136	1
283	417	1
285	185	1
286	6	1
286	279	1
286	546	1
286	696	1
286	765	1
287	90	1
287	358	1
287	442	1
288	346	1
289	164	1
289	165	1
289	256	1
289	288	1
289	309	1
289	430	1
290	423	1
291	362	1
291	470	1
291	584	1
291	737	1
291	986	1
292	48	1
292	108	1
292	203	1
292	248	1
292	276	1
292	402	1
292	430	1
292	940	1
292	993	1
292	994	1
292	995	1
292	996	1
292	997	1
292	998	1
293	73	1
294	98	1
294	164	1
294	288	1
294	326	1
294	328	1
294	394	1
294	407	1
295	165	1
295	263	1
295	374	1
295	461	1
297	115	1
298	218	1
299	246	1
299	423	1
299	493	1
299	494	1
299	916	1
299	985	1
299	1163	1
299	1164	1
299	1165	1
299	1504	1
299	1505	1
299	1506	1
299	1507	1
299	1508	1
300	67	1
300	457	1
301	33	1
302	12	1
302	48	1
302	256	1
302	288	1
302	328	1
302	435	1
303	108	1
306	71	1
306	273	1
306	302	1
306	460	1
306	987	1
306	988	1
306	989	1
306	1166	1
306	1167	1
306	1168	1
306	1169	1
306	1170	1
308	426	1
309	73	1
309	380	1
309	459	1
310	71	1
310	273	1
310	302	1
310	460	1
310	987	1
310	988	1
310	989	1
310	1166	1
310	1167	1
310	1168	1
310	1169	1
310	1170	1
311	124	1
311	591	1
312	164	1
312	288	1
314	426	1
314	1029	1
315	183	1
315	289	1
316	164	1
316	256	1
316	278	1
316	288	1
316	326	1
316	328	1
316	374	1
316	407	1
316	435	1
316	461	1
317	164	1
317	194	1
317	326	1
317	1160	1
319	380	1
321	183	1
321	311	1
322	243	1
322	358	1
322	442	1
324	288	1
324	328	1
324	407	1
325	243	1
325	358	1
325	442	1
327	10	1
327	150	1
329	12	1
329	83	1
329	164	1
329	165	1
329	194	1
329	221	1
329	223	1
329	256	1
329	309	1
329	326	1
329	330	1
329	374	1
329	379	1
329	435	1
329	461	1
330	26	1
330	49	1
330	139	1
330	232	1
330	256	1
330	278	1
330	322	1
330	430	1
332	99	1
332	175	1
332	362	1
332	366	1
332	423	1
333	89	1
333	1139	1
334	319	1
335	175	1
335	322	1
335	423	1
337	115	1
337	119	1
338	423	1
339	246	1
339	916	1
340	12	1
340	164	1
340	165	1
340	194	1
340	221	1
340	256	1
340	288	1
340	309	1
340	326	1
340	328	1
340	330	1
340	374	1
340	435	1
341	19	1
341	108	1
343	328	1
343	366	1
344	10	1
344	150	1
344	237	1
345	108	1
346	60	1
346	164	1
346	256	1
346	288	1
346	368	1
347	241	1
347	361	1
347	452	1
347	460	1
348	108	1
349	62	1
349	101	1
349	422	1
350	175	1
351	58	1
352	675	1
354	581	1
355	291	1
356	518	1
356	665	1
356	727	1
356	745	1
356	1172	1
357	916	1
358	426	1
359	108	1
361	144	1
361	605	1
361	922	1
361	924	1
362	49	1
363	67	1
363	457	1
363	570	1
364	10	1
364	150	1
365	10	1
365	150	1
366	124	1
367	273	1
367	302	1
367	460	1
367	472	1
367	475	1
367	493	1
367	985	1
368	10	1
368	19	1
368	119	1
368	140	1
368	150	1
368	709	1
368	1502	1
369	33	1
370	43	1
370	82	1
370	114	1
370	377	1
371	12	1
371	83	1
371	164	1
371	194	1
371	326	1
372	442	1
373	49	1
373	322	1
374	6	1
374	102	1
374	279	1
374	546	1
374	670	1
374	696	1
375	280	1
375	383	1
376	26	1
376	49	1
376	232	1
376	322	1
377	49	1
377	423	1
378	149	1
378	261	1
379	243	1
379	358	1
379	442	1
380	10	1
380	150	1
381	852	1
381	854	1
381	988	1
381	989	1
382	183	1
382	311	1
382	514	1
382	1183	1
383	102	1
384	74	1
384	78	1
388	71	1
388	302	1
388	421	1
388	460	1
388	987	1
388	988	1
388	989	1
388	1166	1
388	1167	1
388	1168	1
388	1169	1
388	1170	1
389	241	1
389	288	1
389	379	1
389	435	1
389	621	1
389	1375	1
391	320	1
391	459	1
392	26	1
392	49	1
392	139	1
392	232	1
392	322	1
393	203	1
393	241	1
393	243	1
393	358	1
393	442	1
393	563	1
394	364	1
395	98	1
395	394	1
396	71	1
396	273	1
396	302	1
396	460	1
396	987	1
396	988	1
396	989	1
396	1166	1
396	1167	1
396	1168	1
396	1169	1
396	1170	1
397	246	1
397	256	1
398	243	1
398	358	1
398	442	1
400	12	1
400	241	1
400	435	1
401	408	1
401	1150	1
404	459	1
405	10	1
405	150	1
406	102	1
406	1148	1
406	1149	1
407	60	1
408	395	1
409	108	1
410	183	1
410	311	1
411	10	1
411	150	1
412	394	1
413	95	1
413	166	1
415	33	1
418	124	1
419	319	1
420	160	1
420	289	1
420	340	1
420	739	1
421	175	1
422	459	1
423	71	1
423	273	1
423	302	1
423	421	1
423	460	1
423	987	1
423	988	1
423	989	1
423	1166	1
423	1167	1
423	1168	1
423	1169	1
423	1170	1
424	127	1
424	266	1
424	362	1
424	427	1
424	460	1
425	243	1
425	358	1
425	442	1
426	142	1
427	289	1
427	418	1
428	45	1
428	165	1
428	175	1
428	442	1
428	461	1
429	34	1
429	335	1
429	346	1
429	1006	1
430	141	1
431	49	1
431	99	1
431	108	1
431	278	1
431	322	1
431	366	1
431	430	1
432	48	1
432	88	1
432	108	1
433	108	1
433	183	1
433	276	1
433	311	1
433	505	1
433	817	1
433	852	1
433	853	1
433	854	1
433	922	1
433	924	1
433	1034	1
433	1183	1
433	1184	1
433	1185	1
433	1186	1
433	1187	1
433	1188	1
434	450	1
436	115	1
436	119	1
437	362	1
437	435	1
439	374	1
439	461	1
441	279	1
441	696	1
441	765	1
441	1150	1
442	243	1
442	358	1
442	442	1
443	256	1
444	164	1
444	194	1
444	241	1
444	288	1
444	326	1
444	394	1
445	60	1
446	207	1
446	1006	1
448	256	1
448	435	1
449	278	1
449	366	1
450	394	1
451	240	1
451	362	1
454	165	1
454	263	1
454	374	1
454	461	1
455	263	1
455	374	1
455	461	1
457	459	1
458	98	1
458	165	1
458	394	1
458	461	1
459	99	1
460	421	1
460	460	1
461	10	1
461	150	1
462	164	1
462	288	1
463	33	1
463	119	1
465	164	1
466	175	1
468	656	1
469	102	1
469	357	1
469	696	1
469	931	1
471	426	1
472	49	1
473	188	1
473	295	1
474	246	1
475	394	1
476	49	1
477	12	1
477	78	1
477	83	1
477	221	1
477	330	1
477	366	1
477	435	1
478	246	1
478	916	1
479	858	1
480	10	1
480	150	1
481	42	1
483	6	1
483	940	1
484	426	1
485	374	1
485	461	1
486	183	1
486	242	1
486	311	1
486	317	1
486	817	1
486	1034	1
488	186	1
489	858	1
491	10	1
491	150	1
491	1146	1
492	417	1
493	292	1
494	459	1
495	10	1
495	119	1
495	140	1
495	150	1
496	94	1
496	140	1
496	253	1
496	610	1
496	642	1
496	715	1
497	164	1
498	322	1
499	241	1
499	248	1
499	380	1
499	505	1
499	621	1
499	993	1
499	994	1
499	998	1
499	1151	1
499	1152	1
500	413	1
502	33	1
502	636	1
503	581	1
504	513	1
504	648	1
504	1201	1
505	108	1
505	524	1
506	26	1
506	49	1
506	139	1
506	232	1
506	322	1
507	922	1
507	924	1
508	39	1
508	617	1
508	1196	1
509	150	1
509	400	1
509	429	1
509	661	1
511	175	1
511	240	1
511	362	1
514	459	1
514	1503	1
516	10	1
516	150	1
518	426	1
520	26	1
520	49	1
520	322	1
521	98	1
521	394	1
521	545	1
521	569	1
521	613	1
521	1009	1
521	1010	1
522	115	1
522	119	1
523	71	1
523	273	1
523	302	1
523	421	1
523	460	1
523	987	1
523	988	1
523	989	1
523	1166	1
523	1167	1
523	1168	1
523	1169	1
523	1170	1
524	26	1
524	49	1
524	139	1
524	232	1
524	241	1
524	256	1
524	288	1
524	322	1
524	435	1
526	186	1
526	315	1
526	1066	1
528	327	1
528	497	1
528	1202	1
529	45	1
529	223	1
529	256	1
529	309	1
530	121	1
530	144	1
532	390	1
532	573	1
532	1181	1
534	26	1
534	49	1
534	322	1
535	99	1
536	123	1
536	1041	1
537	34	1
537	271	1
537	279	1
537	663	1
537	696	1
537	765	1
538	327	1
539	509	1
539	1202	1
540	327	1
541	48	1
541	241	1
541	330	1
541	435	1
542	185	1
543	366	1
543	430	1
544	278	1
544	366	1
544	430	1
545	265	1
546	2	1
546	48	1
546	151	1
546	238	1
546	317	1
546	1381	1
546	1382	1
548	279	1
548	357	1
549	278	1
549	366	1
549	430	1
550	241	1
550	248	1
550	452	1
550	505	1
550	993	1
550	994	1
550	998	1
552	48	1
552	98	1
552	505	1
553	183	1
553	242	1
553	317	1
553	402	1
553	418	1
554	94	1
554	115	1
557	73	1
559	459	1
560	119	1
561	48	1
561	94	1
561	98	1
561	288	1
561	394	1
561	588	1
561	669	1
561	681	1
564	26	1
564	49	1
564	60	1
564	139	1
564	164	1
564	165	1
564	194	1
564	223	1
564	232	1
564	256	1
564	278	1
564	288	1
564	309	1
564	322	1
564	326	1
564	328	1
564	407	1
564	430	1
564	435	1
565	261	1
565	527	1
566	49	1
566	322	1
567	164	1
567	165	1
567	256	1
567	278	1
567	288	1
567	309	1
567	328	1
567	366	1
567	430	1
569	26	1
569	49	1
569	98	1
569	139	1
569	232	1
569	256	1
569	278	1
569	288	1
569	322	1
569	394	1
569	430	1
569	583	1
570	278	1
570	366	1
570	1164	1
571	189	1
572	418	1
573	238	1
573	290	1
573	310	1
573	317	1
573	362	1
573	460	1
573	625	1
573	627	1
573	657	1
573	742	1
573	1161	1
573	1162	1
574	99	1
574	175	1
574	362	1
574	366	1
575	48	1
575	288	1
575	328	1
575	407	1
576	426	1
579	247	1
579	545	1
579	624	1
579	636	1
579	646	1
579	709	1
579	851	1
580	99	1
580	206	1
580	225	1
580	278	1
580	310	1
580	362	1
581	273	1
581	302	1
581	460	1
581	472	1
581	475	1
581	493	1
581	985	1
582	426	1
584	48	1
584	108	1
585	67	1
585	243	1
585	358	1
585	442	1
585	572	1
586	330	1
586	435	1
587	67	1
587	73	1
587	196	1
587	459	1
588	12	1
588	83	1
588	164	1
588	165	1
588	194	1
588	221	1
588	223	1
588	256	1
588	288	1
588	309	1
588	326	1
588	328	1
588	330	1
588	374	1
588	407	1
588	435	1
588	461	1
590	290	1
590	361	1
590	452	1
590	460	1
592	98	1
592	394	1
593	183	1
593	311	1
594	108	1
594	854	1
595	67	1
595	457	1
595	673	1
595	720	1
596	302	1
596	421	1
596	460	1
597	12	1
597	83	1
597	164	1
597	165	1
597	194	1
597	221	1
597	223	1
597	256	1
597	288	1
597	309	1
597	326	1
597	328	1
597	330	1
597	368	1
597	374	1
597	407	1
597	435	1
597	461	1
599	98	1
599	394	1
600	426	1
601	460	1
601	1166	1
602	1299	1
603	98	1
603	394	1
606	98	1
606	394	1
607	71	1
607	302	1
607	460	1
607	987	1
607	988	1
607	989	1
607	1166	1
607	1167	1
607	1168	1
607	1169	1
607	1170	1
609	858	1
610	48	1
611	424	1
612	570	1
613	218	1
613	362	1
613	435	1
614	459	1
615	6	1
616	12	1
616	26	1
616	49	1
616	83	1
616	139	1
616	164	1
616	165	1
616	175	1
616	194	1
616	221	1
616	232	1
616	256	1
616	288	1
616	309	1
616	322	1
616	326	1
616	328	1
616	330	1
616	368	1
616	374	1
616	407	1
616	435	1
616	461	1
616	561	1
617	26	1
617	322	1
617	423	1
617	916	1
618	16	1
618	138	1
621	45	1
621	49	1
621	435	1
622	2	1
622	40	1
622	244	1
622	459	1
623	290	1
623	361	1
623	452	1
623	460	1
624	12	1
624	26	1
624	49	1
624	83	1
624	139	1
624	164	1
624	165	1
624	175	1
624	194	1
624	221	1
624	232	1
624	256	1
624	288	1
624	309	1
624	322	1
624	326	1
624	328	1
624	330	1
624	368	1
624	374	1
624	435	1
624	461	1
624	561	1
625	39	1
626	223	1
626	256	1
626	278	1
626	309	1
626	430	1
626	466	1
627	922	1
627	924	1
628	16	1
628	138	1
630	560	1
631	7	1
631	113	1
631	250	1
631	258	1
631	483	1
631	484	1
631	485	1
631	486	1
631	487	1
631	523	1
632	155	1
633	459	1
634	497	1
637	13	1
637	18	1
637	85	1
637	113	1
637	208	1
637	258	1
637	495	1
637	496	1
638	493	1
638	985	1
638	1164	1
639	605	1
640	315	1
641	98	1
641	394	1
643	108	1
644	242	1
645	550	1
650	26	1
650	322	1
650	423	1
651	124	1
652	477	1
652	592	1
652	647	1
652	707	1
654	64	1
654	246	1
654	278	1
654	288	1
655	138	1
655	922	1
656	418	1
658	39	1
658	119	1
658	608	1
659	16	1
659	81	1
660	246	1
661	67	1
661	73	1
661	112	1
661	320	1
661	641	1
662	26	1
662	49	1
662	322	1
663	459	1
667	279	1
667	400	1
668	71	1
668	273	1
668	302	1
668	460	1
668	987	1
668	988	1
668	989	1
668	1166	1
668	1167	1
668	1168	1
668	1169	1
668	1170	1
669	64	1
669	164	1
669	194	1
669	278	1
669	326	1
669	366	1
669	430	1
669	922	1
669	924	1
671	26	1
671	49	1
671	139	1
671	232	1
671	322	1
672	71	1
672	273	1
672	302	1
672	460	1
672	987	1
672	988	1
672	989	1
672	1166	1
672	1167	1
672	1168	1
672	1169	1
672	1170	1
675	89	1
675	722	1
676	319	1
677	49	1
677	165	1
677	256	1
677	435	1
678	12	1
678	256	1
678	435	1
680	279	1
680	696	1
680	765	1
682	73	1
683	64	1
684	786	1
685	98	1
685	394	1
686	206	1
686	278	1
686	430	1
689	276	1
690	737	1
691	175	1
691	243	1
691	278	1
691	358	1
691	430	1
691	442	1
692	58	1
693	95	1
693	166	1
694	12	1
694	60	1
694	98	1
694	164	1
694	165	1
694	194	1
694	221	1
694	223	1
694	256	1
694	288	1
694	309	1
694	326	1
694	330	1
694	368	1
694	394	1
694	435	1
694	461	1
694	561	1
695	120	1
696	243	1
696	358	1
696	442	1
697	1011	1
698	497	1
700	28	1
702	73	1
703	164	1
703	288	1
704	358	1
704	442	1
707	327	1
395	1347	0
570	993	0
404	921	0
446	94	0
142	913	0
287	1344	0
478	460	0
419	986	0
18	1410	0
634	839	0
368	1345	0
460	1004	0
596	276	0
74	534	0
669	1151	0
432	1073	0
66	306	0
223	1111	0
91	219	0
366	727	0
180	1060	0
594	657	0
59	459	0
412	351	0
467	1166	0
321	984	0
81	242	0
465	975	0
1	7	0
356	1153	0
349	895	0
157	75	0
503	1191	0
614	647	0
331	594	0
344	585	0
141	941	0
659	390	0
181	519	0
650	534	0
370	997	0
666	943	0
273	959	0
87	309	0
53	514	0
23	177	0
342	556	0
450	762	0
679	1252	0
663	215	0
493	148	0
480	1160	0
94	692	0
620	857	0
195	277	0
560	167	0
538	450	0
597	938	0
165	789	0
387	1309	0
325	1115	0
674	817	0
24	861	0
289	283	0
43	596	0
348	905	0
239	1486	0
335	833	0
510	345	0
289	505	0
381	92	0
579	797	0
296	467	0
206	1349	0
466	1323	0
12	1216	0
108	251	0
32	1307	0
674	1365	0
511	1320	0
320	1304	0
38	1350	0
415	1009	0
500	378	0
43	25	0
573	85	0
19	1364	0
552	997	0
353	976	0
384	264	0
78	1309	0
517	569	0
411	878	0
577	1365	0
414	30	0
447	134	0
512	1337	0
632	394	0
120	1118	0
514	1435	0
336	305	0
470	807	0
363	614	0
539	1076	0
527	701	0
339	1033	0
221	986	0
30	11	0
364	394	0
562	481	0
31	1361	0
460	322	0
218	554	0
274	1409	0
208	206	0
115	229	0
469	92	0
701	783	0
67	1188	0
614	900	0
87	1411	0
317	1165	0
161	1207	0
284	683	0
577	446	0
588	413	0
26	217	0
86	667	0
381	649	0
209	913	0
101	578	0
440	171	0
532	1246	0
637	653	0
596	652	0
107	321	0
336	111	0
114	228	0
297	495	0
325	805	0
516	816	0
413	650	0
376	1399	0
348	878	0
105	1259	0
120	1142	0
62	882	0
33	435	0
399	754	0
379	914	0
237	115	0
257	721	0
271	1253	0
344	3	0
668	414	0
277	424	0
685	1326	0
30	889	0
699	1056	0
38	348	0
79	774	0
544	388	0
299	926	0
692	45	0
419	342	0
507	991	0
585	1437	0
83	318	0
414	634	0
528	1463	0
86	352	0
150	1154	0
424	1065	0
157	92	0
631	917	0
206	959	0
390	1474	0
83	707	0
111	1471	0
419	791	0
332	146	0
339	154	0
469	853	0
397	1113	0
707	681	0
489	1213	0
595	773	0
53	1120	0
445	184	0
497	583	0
614	858	0
250	290	0
444	244	0
562	1356	0
636	1376	0
497	726	0
672	1042	0
602	1112	0
323	89	0
13	737	0
114	727	0
660	662	0
362	81	0
685	506	0
365	1309	0
33	1213	0
181	1293	0
493	796	0
234	432	0
372	455	0
276	127	0
305	498	0
608	182	0
366	562	0
392	1174	0
611	1480	0
34	1018	0
523	451	0
117	703	0
167	1409	0
19	1032	0
32	1475	0
412	1351	0
193	187	0
271	819	0
66	829	0
517	1451	0
277	889	0
89	249	0
388	528	0
470	189	0
378	194	0
442	925	0
639	1280	0
68	1074	0
409	173	0
177	432	0
149	1139	0
413	52	0
244	326	0
475	391	0
640	117	0
380	1085	0
605	1369	0
157	1156	0
135	59	0
2	90	0
193	53	0
364	906	0
322	957	0
125	141	0
650	1457	0
91	538	0
491	775	0
487	1437	0
655	687	0
343	1268	0
531	1273	0
73	338	0
420	117	0
338	437	0
352	454	0
211	1352	0
333	551	0
361	392	0
346	1238	0
191	1489	0
521	263	0
138	579	0
520	1471	0
279	716	0
424	828	0
115	20	0
117	1021	0
699	385	0
514	172	0
261	1008	0
571	487	0
610	958	0
41	1506	0
236	457	0
366	1315	0
691	202	0
37	861	0
28	1152	0
344	983	0
534	142	0
373	1489	0
216	475	0
187	328	0
109	902	0
463	1136	0
164	230	0
79	630	0
403	247	0
343	490	0
563	1037	0
150	136	0
343	232	0
43	7	0
272	181	0
359	490	0
557	1046	0
16	157	0
43	1173	0
260	531	0
518	36	0
276	1211	0
692	674	0
506	20	0
172	203	0
363	561	0
643	709	0
659	1029	0
583	803	0
27	281	0
197	206	0
57	355	0
19	1215	0
387	1238	0
552	1082	0
522	797	0
561	63	0
167	1032	0
204	1086	0
197	631	0
278	1342	0
19	977	0
141	381	0
680	241	0
685	581	0
634	656	0
475	905	0
76	401	0
211	1368	0
116	768	0
651	984	0
257	1335	0
669	748	0
290	539	0
336	1031	0
341	1437	0
254	745	0
35	764	0
285	761	0
691	336	0
621	800	0
422	490	0
147	296	0
133	185	0
167	92	0
28	870	0
385	832	0
244	1376	0
93	10	0
231	164	0
532	1397	0
409	913	0
577	378	0
634	1456	0
160	1180	0
19	178	0
514	1370	0
354	497	0
631	1306	0
180	514	0
292	71	0
382	91	0
214	0	0
600	1233	0
36	934	0
92	1203	0
47	861	0
373	1249	0
262	873	0
42	564	0
399	1505	0
454	995	0
48	613	0
187	722	0
369	473	0
270	105	0
204	402	0
388	518	0
650	823	0
97	544	0
355	1234	0
574	544	0
437	1425	0
38	557	0
526	331	0
18	1006	0
102	179	0
527	349	0
489	598	0
243	291	0
325	1410	0
542	1068	0
24	908	0
512	1299	0
375	1300	0
530	575	0
612	442	0
97	1007	0
441	544	0
270	1382	0
541	284	0
245	439	0
75	1017	0
415	1259	0
476	175	0
120	1357	0
597	1285	0
581	818	0
409	781	0
421	218	0
474	191	0
275	245	0
17	1092	0
221	328	0
545	1185	0
43	482	0
196	59	0
253	705	0
343	1190	0
123	14	0
353	947	0
388	116	0
373	655	0
367	124	0
359	888	0
190	1356	0
145	602	0
120	47	0
706	283	0
228	1390	0
345	662	0
233	1450	0
30	157	0
98	867	0
280	613	0
175	157	0
577	851	0
156	1416	0
611	1447	0
475	267	0
651	1047	0
120	136	0
459	48	0
126	946	0
45	1100	0
591	941	0
230	892	0
4	1078	0
312	1249	0
51	1204	0
219	463	0
207	969	0
619	933	0
420	633	0
647	1276	0
549	725	0
322	289	0
351	1331	0
461	278	0
307	1274	0
333	1379	0
201	1429	0
668	77	0
520	1048	0
407	719	0
524	1129	0
70	1332	0
18	559	0
188	780	0
206	993	0
225	44	0
512	1037	0
170	45	0
311	1172	0
649	649	0
458	636	0
45	193	0
171	1084	0
536	425	0
428	109	0
480	68	0
481	46	0
47	509	0
546	1179	0
685	1045	0
554	269	0
25	682	0
113	691	0
311	1091	0
559	65	0
592	85	0
671	895	0
202	931	0
666	1331	0
508	571	0
61	78	0
149	76	0
341	301	0
231	344	0
251	1424	0
604	183	0
271	815	0
378	121	0
634	573	0
184	192	0
367	1383	0
375	782	0
387	633	0
188	933	0
597	1461	0
120	349	0
565	465	0
640	746	0
321	123	0
177	588	0
576	719	0
595	1190	0
16	875	0
313	1038	0
324	1321	0
177	470	0
606	396	0
651	1238	0
172	56	0
397	466	0
328	494	0
449	161	0
385	1319	0
166	1427	0
402	365	0
34	325	0
528	294	0
391	1043	0
571	470	0
282	1425	0
526	263	0
654	1435	0
692	119	0
99	572	0
481	460	0
117	1159	0
118	1300	0
313	588	0
288	856	0
17	1035	0
118	543	0
155	998	0
256	1212	0
620	781	0
522	588	0
350	1510	0
185	429	0
360	1140	0
566	132	0
187	391	0
622	1306	0
268	688	0
496	1305	0
330	1285	0
162	1032	0
308	1293	0
700	342	0
387	236	0
560	1152	0
357	910	0
511	1269	0
124	150	0
610	1287	0
560	1371	0
558	341	0
690	559	0
181	104	0
64	95	0
235	566	0
109	950	0
224	1508	0
286	209	0
611	1158	0
697	713	0
69	121	0
656	437	0
274	991	0
538	775	0
544	769	0
395	573	0
387	329	0
249	1355	0
462	714	0
408	1241	0
481	732	0
131	1225	0
302	292	0
27	1238	0
479	865	0
663	430	0
16	543	0
148	889	0
681	5	0
258	1166	0
327	859	0
297	55	0
101	76	0
278	944	0
291	728	0
501	492	0
591	1093	0
51	1034	0
267	1380	0
227	707	0
700	951	0
484	36	0
623	1088	0
90	248	0
300	156	0
169	396	0
585	162	0
402	265	0
478	617	0
101	372	0
670	190	0
338	205	0
458	676	0
389	908	0
436	403	0
212	484	0
636	287	0
435	1420	0
7	1348	0
202	608	0
576	857	0
483	619	0
317	381	0
93	137	0
113	774	0
670	1189	0
599	205	0
344	1193	0
658	493	0
660	569	0
17	446	0
74	163	0
350	1228	0
101	472	0
65	737	0
488	942	0
74	674	0
485	138	0
566	1397	0
17	142	0
256	806	0
422	223	0
608	865	0
558	42	0
229	1293	0
597	497	0
312	513	0
54	1079	0
554	344	0
691	1013	0
448	777	0
378	583	0
202	1230	0
561	1381	0
461	1465	0
162	1281	0
382	212	0
420	85	0
351	1113	0
545	1100	0
24	964	0
588	1146	0
39	956	0
44	1351	0
521	66	0
180	877	0
452	317	0
23	179	0
49	1	0
238	1176	0
442	1408	0
43	997	0
259	651	0
451	1028	0
38	973	0
338	103	0
670	198	0
533	1311	0
440	917	0
538	1075	0
703	895	0
658	716	0
244	1311	0
320	831	0
399	433	0
64	818	0
395	422	0
443	329	0
135	1434	0
311	835	0
25	1269	0
467	404	0
135	1114	0
577	1245	0
231	95	0
41	115	0
533	1418	0
652	373	0
282	451	0
133	171	0
698	1163	0
411	46	0
373	91	0
41	647	0
270	511	0
655	1297	0
530	1227	0
18	825	0
220	796	0
165	541	0
114	798	0
228	1356	0
460	710	0
157	1048	0
365	161	0
115	186	0
273	12	0
370	1126	0
659	1045	0
482	1311	0
388	353	0
577	203	0
379	727	0
68	618	0
565	1405	0
82	71	0
29	1306	0
152	58	0
163	172	0
172	944	0
264	1119	0
646	151	0
332	980	0
39	561	0
45	1071	0
281	634	0
275	321	0
196	1481	0
613	837	0
63	913	0
386	1064	0
149	536	0
7	931	0
466	396	0
138	265	0
513	555	0
33	916	0
493	1151	0
656	742	0
456	444	0
522	320	0
181	339	0
578	449	0
366	245	0
625	930	0
396	385	0
266	1076	0
606	646	0
166	935	0
364	813	0
599	177	0
602	724	0
513	348	0
596	297	0
508	846	0
699	1464	0
23	660	0
45	1012	0
467	920	0
161	334	0
92	264	0
270	97	0
14	1394	0
296	967	0
599	854	0
140	880	0
255	1243	0
454	406	0
518	782	0
130	1415	0
342	786	0
594	1497	0
581	625	0
159	319	0
325	824	0
68	311	0
227	621	0
636	505	0
120	284	0
622	585	0
566	817	0
91	1394	0
582	809	0
348	540	0
598	1095	0
619	331	0
144	660	0
495	871	0
356	1230	0
286	1065	0
288	1258	0
78	41	0
500	993	0
44	980	0
127	633	0
331	233	0
405	1470	0
363	970	0
682	1201	0
156	952	0
362	1480	0
55	805	0
318	389	0
688	284	0
654	798	0
666	355	0
558	1416	0
424	1111	0
302	527	0
130	210	0
271	649	0
430	1494	0
186	1310	0
21	402	0
350	1262	0
287	263	0
313	1200	0
178	452	0
638	801	0
172	128	0
403	373	0
124	723	0
30	1059	0
460	784	0
641	227	0
657	654	0
105	304	0
184	421	0
608	183	0
173	133	0
258	1304	0
411	1407	0
313	510	0
435	995	0
269	484	0
466	1500	0
536	870	0
541	262	0
648	683	0
490	250	0
141	1095	0
248	393	0
652	282	0
576	926	0
376	104	0
364	1279	0
131	865	0
20	635	0
641	1352	0
294	137	0
689	1280	0
189	726	0
600	484	0
684	336	0
45	1033	0
409	24	0
31	216	0
44	434	0
459	139	0
535	962	0
12	368	0
79	1082	0
257	450	0
651	1128	0
551	1254	0
110	176	0
338	496	0
473	1222	0
418	1224	0
187	1114	0
267	932	0
191	456	0
695	1180	0
577	1121	0
219	322	0
103	569	0
524	1358	0
91	695	0
517	292	0
568	1093	0
56	1233	0
131	772	0
609	1338	0
686	387	0
267	67	0
312	325	0
199	426	0
424	526	0
427	658	0
540	1458	0
346	1283	0
313	1436	0
584	694	0
213	1125	0
211	935	0
13	316	0
602	212	0
135	1496	0
505	857	0
378	1038	0
220	767	0
551	400	0
292	1056	0
21	1195	0
5	1220	0
4	1057	0
667	1208	0
426	847	0
568	181	0
314	1151	0
289	1500	0
184	505	0
257	1413	0
570	1084	0
306	538	0
222	990	0
525	675	0
20	1315	0
88	1390	0
336	1146	0
161	1203	0
113	818	0
262	234	0
368	1059	0
62	284	0
109	1251	0
144	1095	0
630	319	0
55	1310	0
127	1397	0
33	685	0
599	318	0
549	1142	0
452	1012	0
558	299	0
73	1258	0
301	739	0
546	755	0
390	486	0
632	940	0
680	220	0
662	1063	0
10	434	0
381	695	0
438	1006	0
673	989	0
232	6	0
110	1161	0
699	1084	0
256	857	0
505	660	0
407	84	0
442	104	0
490	1096	0
387	497	0
565	1397	0
210	274	0
383	726	0
433	469	0
572	1383	0
164	1245	0
92	562	0
153	717	0
301	1183	0
588	424	0
289	1050	0
501	280	0
327	308	0
367	940	0
32	236	0
454	139	0
546	602	0
377	552	0
295	1045	0
164	878	0
532	835	0
40	1511	0
67	1176	0
190	563	0
671	1189	0
394	1379	0
202	679	0
5	1409	0
498	698	0
436	67	0
525	129	0
151	1038	0
431	741	0
302	504	0
608	610	0
134	686	0
379	208	0
661	623	0
488	346	0
560	154	0
622	761	0
607	157	0
635	604	0
610	1188	0
417	1321	0
552	240	0
263	842	0
16	1463	0
370	721	0
88	892	0
180	893	0
530	765	0
568	654	0
407	1043	0
233	631	0
96	46	0
88	1322	0
629	99	0
248	247	0
563	821	0
396	483	0
672	959	0
267	486	0
550	1217	0
88	60	0
435	731	0
265	867	0
19	48	0
276	362	0
548	1032	0
703	433	0
354	190	0
82	12	0
394	841	0
111	243	0
579	1078	0
388	554	0
153	760	0
455	947	0
318	1399	0
246	889	0
117	96	0
199	99	0
539	1295	0
467	98	0
436	1425	0
273	1362	0
201	112	0
603	134	0
374	1357	0
457	831	0
675	1355	0
133	1485	0
643	1316	0
54	1096	0
674	1414	0
666	533	0
333	196	0
396	134	0
593	1419	0
642	406	0
207	1111	0
262	604	0
243	1419	0
95	1208	0
687	1229	0
661	81	0
493	1200	0
596	928	0
332	614	0
550	997	0
467	897	0
201	1140	0
338	340	0
188	1402	0
100	1323	0
517	271	0
482	1320	0
379	750	0
678	1079	0
105	1088	0
214	1107	0
482	868	0
448	33	0
321	1331	0
178	137	0
449	108	0
646	856	0
195	1349	0
673	1129	0
423	1130	0
492	980	0
565	722	0
84	386	0
18	1228	0
116	37	0
535	848	0
109	530	0
516	180	0
134	944	0
595	214	0
226	1193	0
604	639	0
85	163	0
454	397	0
255	543	0
434	597	0
125	1442	0
388	1428	0
14	740	0
99	318	0
243	1339	0
43	1108	0
651	1236	0
439	115	0
131	654	0
239	948	0
442	1386	0
602	576	0
198	1220	0
153	666	0
309	974	0
269	1237	0
247	548	0
79	279	0
9	389	0
207	149	0
142	870	0
74	327	0
170	221	0
336	517	0
154	1439	0
168	690	0
113	584	0
183	677	0
128	83	0
71	141	0
74	242	0
100	1295	0
189	724	0
564	773	0
405	1459	0
380	601	0
508	424	0
256	628	0
549	1412	0
645	473	0
467	910	0
593	114	0
688	1227	0
62	867	0
682	1217	0
451	454	0
640	1272	0
451	150	0
367	367	0
83	389	0
16	1486	0
544	1046	0
394	681	0
470	716	0
21	1474	0
416	69	0
160	817	0
655	1312	0
578	458	0
232	882	0
680	484	0
393	1452	0
9	924	0
705	1151	0
699	33	0
41	636	0
474	704	0
194	1176	0
188	918	0
423	915	0
668	928	0
506	543	0
516	1247	0
548	792	0
355	655	0
431	771	0
241	40	0
222	402	0
337	650	0
493	1490	0
633	696	0
692	1409	0
114	768	0
257	53	0
128	1383	0
549	1295	0
261	685	0
102	675	0
160	280	0
643	1164	0
377	711	0
495	1381	0
97	316	0
121	1263	0
0	1072	0
6	1455	0
299	155	0
266	1300	0
91	574	0
89	1494	0
372	187	0
191	1102	0
578	1299	0
9	1509	0
573	978	0
305	73	0
245	262	0
393	1400	0
412	1077	0
524	1069	0
571	745	0
413	1009	0
347	1014	0
231	295	0
188	390	0
512	792	0
336	163	0
578	1200	0
438	327	0
430	428	0
529	1331	0
47	1373	0
472	1322	0
38	314	0
371	566	0
177	466	0
481	662	0
71	1398	0
225	271	0
423	475	0
384	307	0
94	187	0
358	1184	0
134	1506	0
1	1205	0
534	1344	0
350	174	0
152	718	0
241	1312	0
240	1463	0
288	904	0
54	646	0
46	584	0
345	822	0
460	205	0
528	913	0
63	249	0
673	752	0
291	1129	0
344	219	0
188	1511	0
1	1094	0
541	358	0
617	1160	0
116	505	0
294	1446	0
226	1253	0
15	872	0
682	697	0
224	466	0
248	962	0
537	22	0
678	136	0
621	127	0
173	601	0
638	4	0
399	1192	0
10	324	0
601	341	0
357	453	0
660	794	0
482	82	0
206	1085	0
676	512	0
76	427	0
595	690	0
262	1155	0
243	455	0
250	963	0
94	616	0
379	944	0
251	215	0
116	1293	0
273	717	0
38	378	0
592	814	0
110	64	0
251	40	0
621	344	0
289	1173	0
301	1048	0
322	1389	0
195	881	0
545	638	0
668	44	0
162	1245	0
351	513	0
67	842	0
661	611	0
104	169	0
497	230	0
145	253	0
294	640	0
281	695	0
506	1306	0
685	141	0
157	129	0
173	4	0
276	38	0
516	1484	0
524	177	0
327	1388	0
618	513	0
576	1310	0
355	1283	0
655	1317	0
636	300	0
315	1376	0
250	445	0
157	1285	0
197	605	0
236	1155	0
318	1455	0
329	1502	0
637	1110	0
588	1496	0
558	556	0
576	338	0
466	1268	0
344	901	0
407	953	0
522	544	0
377	862	0
48	310	0
204	54	0
463	1304	0
235	402	0
164	296	0
250	393	0
348	1487	0
572	110	0
357	147	0
163	964	0
303	901	0
293	461	0
210	1120	0
510	1132	0
161	1153	0
329	795	0
82	345	0
565	1259	0
491	858	0
3	1103	0
86	981	0
319	587	0
155	810	0
73	785	0
52	1346	0
678	402	0
466	767	0
413	1231	0
512	499	0
544	1066	0
193	139	0
218	975	0
425	948	0
529	884	0
146	1458	0
142	1054	0
359	408	0
530	1066	0
459	565	0
330	296	0
617	1363	0
670	635	0
324	1045	0
196	819	0
238	1411	0
353	1289	0
387	1505	0
491	573	0
565	71	0
438	342	0
175	1154	0
443	591	0
501	1160	0
280	1254	0
118	875	0
157	39	0
480	1385	0
342	200	0
272	1496	0
65	357	0
380	1392	0
71	255	0
662	39	0
471	823	0
185	1416	0
132	1304	0
199	1482	0
91	878	0
1	290	0
637	826	0
65	916	0
157	1349	0
368	714	0
569	715	0
9	1258	0
492	1003	0
333	606	0
239	1396	0
313	1485	0
433	944	0
684	1414	0
567	782	0
339	547	0
26	344	0
519	578	0
113	1237	0
85	102	0
595	399	0
48	99	0
343	842	0
515	846	0
370	316	0
612	1277	0
153	508	0
134	537	0
128	1437	0
339	767	0
245	350	0
374	1477	0
582	512	0
391	363	0
343	103	0
535	1361	0
519	970	0
193	267	0
279	664	0
285	1308	0
28	1358	0
562	217	0
71	950	0
503	965	0
592	1419	0
211	1056	0
23	939	0
448	31	0
306	524	0
345	1176	0
455	104	0
572	1034	0
551	651	0
37	1036	0
35	718	0
262	826	0
85	1377	0
497	1476	0
312	520	0
232	989	0
514	1489	0
517	51	0
447	919	0
487	1416	0
338	1389	0
317	576	0
111	1274	0
36	861	0
176	958	0
418	661	0
131	1134	0
261	931	0
516	44	0
298	1317	0
424	1412	0
273	954	0
566	59	0
193	1371	0
148	712	0
122	479	0
95	196	0
106	149	0
130	897	0
679	1476	0
571	382	0
666	545	0
151	825	0
375	798	0
535	1490	0
666	267	0
594	929	0
141	1153	0
701	120	0
212	1273	0
32	761	0
277	588	0
292	694	0
476	1267	0
359	211	0
2	541	0
680	1313	0
72	381	0
577	305	0
667	127	0
4	393	0
31	1075	0
234	543	0
679	1380	0
392	857	0
294	695	0
386	264	0
13	481	0
27	652	0
464	373	0
256	399	0
388	165	0
451	488	0
404	1394	0
523	1447	0
277	409	0
94	915	0
277	218	0
617	1197	0
62	452	0
358	1324	0
200	314	0
335	1190	0
530	526	0
310	807	0
460	360	0
102	590	0
141	1374	0
465	959	0
697	244	0
243	437	0
316	1073	0
110	1046	0
349	1157	0
470	1346	0
617	100	0
107	118	0
117	600	0
389	347	0
422	1214	0
125	209	0
115	928	0
508	1134	0
639	1104	0
702	105	0
683	263	0
445	851	0
143	732	0
150	871	0
426	1220	0
265	1490	0
435	806	0
643	362	0
270	711	0
248	22	0
558	332	0
18	1361	0
592	839	0
94	840	0
695	840	0
287	1303	0
533	474	0
514	950	0
636	292	0
328	1187	0
501	895	0
44	310	0
37	912	0
168	1475	0
43	1116	0
408	175	0
635	986	0
298	1225	0
321	1011	0
456	52	0
476	156	0
461	1097	0
43	993	0
498	1470	0
29	1205	0
227	577	0
346	956	0
367	876	0
456	1508	0
636	348	0
67	316	0
95	1411	0
591	1189	0
622	660	0
666	457	0
628	1036	0
641	1010	0
18	276	0
43	104	0
160	302	0
468	1233	0
611	631	0
635	142	0
519	103	0
702	1276	0
293	261	0
250	1026	0
411	608	0
465	639	0
582	1236	0
139	62	0
561	1461	0
525	103	0
22	1364	0
312	59	0
233	347	0
290	1510	0
18	717	0
386	19	0
14	305	0
354	1328	0
292	892	0
565	37	0
73	5	0
524	1288	0
97	578	0
185	888	0
258	183	0
321	1190	0
334	1329	0
443	335	0
661	338	0
72	773	0
390	76	0
43	1077	0
415	94	0
197	1463	0
125	1157	0
159	655	0
11	1132	0
556	1027	0
140	424	0
419	470	0
301	565	0
97	509	0
485	179	0
45	825	0
15	739	0
108	457	0
548	603	0
236	226	0
283	104	0
429	1351	0
387	1165	0
230	496	0
672	1432	0
604	120	0
228	1125	0
594	856	0
218	639	0
635	448	0
635	1063	0
523	889	0
148	615	0
5	1370	0
360	127	0
551	259	0
665	490	0
693	863	0
530	819	0
189	1133	0
529	1351	0
469	703	0
173	736	0
478	912	0
201	189	0
346	1359	0
364	700	0
323	1442	0
198	203	0
544	1055	0
593	1126	0
472	181	0
197	502	0
285	777	0
150	370	0
550	148	0
301	1437	0
443	707	0
358	1057	0
496	840	0
18	1330	0
385	188	0
70	329	0
658	558	0
189	153	0
151	982	0
558	1282	0
156	1191	0
57	490	0
117	61	0
689	986	0
227	710	0
423	761	0
405	513	0
77	50	0
217	685	0
110	173	0
112	281	0
461	933	0
654	765	0
229	589	0
586	51	0
227	796	0
4	1296	0
506	1387	0
137	718	0
54	1336	0
262	762	0
697	1253	0
631	1389	0
682	1227	0
558	632	0
193	487	0
370	995	0
581	1215	0
195	11	0
414	1378	0
698	1071	0
182	1295	0
544	9	0
62	406	0
31	95	0
239	1082	0
2	815	0
660	717	0
522	1303	0
403	1323	0
356	102	0
362	192	0
590	690	0
509	789	0
92	1420	0
556	621	0
609	1367	0
233	1239	0
82	1451	0
26	948	0
614	455	0
416	195	0
597	826	0
486	1355	0
314	498	0
107	1061	0
6	795	0
635	1335	0
477	1352	0
207	311	0
386	1294	0
18	351	0
41	212	0
60	479	0
414	370	0
105	159	0
214	544	0
696	727	0
483	321	0
144	272	0
171	561	0
697	1450	0
336	1064	0
567	1476	0
330	739	0
665	895	0
318	99	0
63	902	0
46	1342	0
438	803	0
424	1311	0
71	1240	0
133	523	0
237	1405	0
573	1026	0
414	386	0
247	1398	0
550	365	0
309	238	0
186	1146	0
366	1100	0
572	688	0
410	1215	0
41	555	0
46	881	0
640	1174	0
456	552	0
542	772	0
530	33	0
240	1180	0
436	1279	0
677	556	0
485	832	0
155	349	0
286	779	0
485	34	0
396	575	0
490	969	0
339	1003	0
557	1505	0
286	397	0
649	1321	0
277	457	0
695	1342	0
680	1496	0
158	658	0
312	93	0
147	637	0
390	735	0
660	148	0
572	773	0
375	705	0
386	859	0
484	836	0
604	313	0
670	1008	0
285	794	0
499	440	0
449	1160	0
176	252	0
543	655	0
40	193	0
54	601	0
480	425	0
296	206	0
626	953	0
197	67	0
211	212	0
699	1103	0
317	220	0
534	1471	0
464	1434	0
368	1379	0
211	339	0
384	1289	0
238	835	0
672	1269	0
508	393	0
297	246	0
410	854	0
380	437	0
645	210	0
201	1010	0
139	511	0
286	220	0
563	650	0
429	1086	0
657	1098	0
655	700	0
499	921	0
677	1018	0
222	660	0
12	422	0
100	562	0
271	1288	0
347	946	0
87	18	0
355	482	0
263	1475	0
195	1280	0
18	938	0
382	1424	0
658	67	0
35	498	0
386	1058	0
220	534	0
311	1375	0
267	988	0
449	1232	0
174	959	0
664	1241	0
673	861	0
246	672	0
333	280	0
298	1400	0
467	81	0
69	189	0
486	427	0
317	290	0
110	1054	0
448	1385	0
386	1184	0
493	280	0
422	1170	0
360	1429	0
648	259	0
566	1361	0
517	521	0
305	1301	0
