0	75	1
0	112	1
2	146	1
2	170	1
2	318	1
2	324	1
2	453	1
2	530	1
3	327	1
4	430	1
5	33	1
6	124	1
7	459	1
8	121	1
8	984	1
9	64	1
9	366	1
10	423	1
10	493	1
10	494	1
10	985	1
10	1163	1
10	1164	1
10	1165	1
11	26	1
11	49	1
12	71	1
12	273	1
12	302	1
12	421	1
12	460	1
12	987	1
12	988	1
12	989	1
12	1166	1
12	1167	1
12	1168	1
12	1169	1
12	1170	1
13	98	1
14	264	1
14	269	1
14	990	1
14	991	1
14	992	1
15	278	1
15	366	1
15	430	1
15	922	1
15	924	1
16	26	1
16	243	1
16	278	1
16	309	1
16	358	1
16	362	1
16	430	1
16	442	1
17	98	1
17	394	1
19	119	1
19	134	1
19	744	1
19	856	1
19	1203	1
20	538	1
20	1060	1
22	181	1
22	260	1
22	419	1
22	439	1
22	449	1
22	554	1
23	6	1
23	279	1
23	424	1
23	546	1
24	26	1
24	49	1
24	322	1
25	102	1
25	1148	1
25	1149	1
26	48	1
26	694	1
27	189	1
28	64	1
30	58	1
31	43	1
31	82	1
31	114	1
31	237	1
31	377	1
31	401	1
32	288	1
32	328	1
34	430	1
35	165	1
35	223	1
35	263	1
35	368	1
35	374	1
35	461	1
36	426	1
38	115	1
38	364	1
38	402	1
40	296	1
40	327	1
40	1000	1
41	290	1
41	317	1
41	361	1
41	452	1
41	460	1
42	203	1
43	71	1
43	273	1
43	302	1
43	421	1
43	460	1
43	987	1
43	988	1
43	989	1
43	1166	1
43	1167	1
43	1168	1
43	1169	1
43	1170	1
46	142	1
46	186	1
46	315	1
46	1038	1
46	1176	1
46	1177	1
46	1178	1
46	1179	1
46	1180	1
47	108	1
48	12	1
48	26	1
48	49	1
48	83	1
48	139	1
48	164	1
48	165	1
48	175	1
48	194	1
48	221	1
48	232	1
48	256	1
48	288	1
48	309	1
48	322	1
48	326	1
48	328	1
48	330	1
48	368	1
48	374	1
48	435	1
48	461	1
48	561	1
49	165	1
49	223	1
49	256	1
49	309	1
49	368	1
50	12	1
50	83	1
50	164	1
50	165	1
50	194	1
50	221	1
50	223	1
50	256	1
50	309	1
50	326	1
50	330	1
50	368	1
50	374	1
50	435	1
50	461	1
52	108	1
54	238	1
57	98	1
57	394	1
58	12	1
58	83	1
58	164	1
58	165	1
58	194	1
58	221	1
58	223	1
58	256	1
58	309	1
58	326	1
58	330	1
58	374	1
58	435	1
58	461	1
60	183	1
60	197	1
60	311	1
60	460	1
61	48	1
61	426	1
62	6	1
62	102	1
62	135	1
62	279	1
62	546	1
62	696	1
63	28	1
64	26	1
64	49	1
64	108	1
64	322	1
64	1173	1
64	1174	1
65	99	1
65	108	1
65	440	1
66	448	1
68	482	1
68	512	1
68	726	1
68	1055	1
69	278	1
69	366	1
69	430	1
70	346	1
71	244	1
71	459	1
72	278	1
72	430	1
74	326	1
74	460	1
75	185	1
76	243	1
76	358	1
76	442	1
77	99	1
78	34	1
78	99	1
80	117	1
82	43	1
82	237	1
82	401	1
83	48	1
83	88	1
83	248	1
83	402	1
84	289	1
85	273	1
85	302	1
85	460	1
85	472	1
85	475	1
85	493	1
85	985	1
86	144	1
86	515	1
87	165	1
87	263	1
87	374	1
87	461	1
88	10	1
88	150	1
89	440	1
90	243	1
90	358	1
90	442	1
92	164	1
92	223	1
92	374	1
92	461	1
93	26	1
93	49	1
93	139	1
93	164	1
93	165	1
93	232	1
93	243	1
93	256	1
93	278	1
93	288	1
93	322	1
93	358	1
93	407	1
93	430	1
93	452	1
93	528	1
93	635	1
93	1173	1
93	1174	1
93	1175	1
94	857	1
95	459	1
96	243	1
96	358	1
96	442	1
97	10	1
97	119	1
97	150	1
97	574	1
97	814	1
99	145	1
100	243	1
100	362	1
100	442	1
101	12	1
101	26	1
101	49	1
101	83	1
101	139	1
101	164	1
101	165	1
101	175	1
101	194	1
101	221	1
101	232	1
101	256	1
101	288	1
101	309	1
101	322	1
101	326	1
101	328	1
101	330	1
101	368	1
101	374	1
101	435	1
101	461	1
101	561	1
102	98	1
103	395	1
103	1011	1
108	278	1
108	430	1
109	288	1
109	328	1
109	407	1
110	71	1
110	273	1
110	302	1
110	460	1
110	987	1
110	988	1
110	989	1
110	1166	1
110	1167	1
110	1168	1
110	1169	1
110	1170	1
111	10	1
111	364	1
112	320	1
112	459	1
114	317	1
115	858	1
115	1145	1
116	72	1
116	546	1
118	81	1
120	12	1
120	26	1
120	49	1
120	84	1
120	139	1
120	164	1
120	165	1
120	175	1
120	194	1
120	221	1
120	232	1
120	256	1
120	288	1
120	309	1
120	322	1
120	326	1
120	328	1
120	330	1
120	368	1
120	374	1
120	379	1
120	435	1
120	461	1
120	561	1
121	312	1
121	568	1
121	614	1
121	859	1
121	860	1
122	67	1
122	73	1
122	320	1
123	98	1
123	164	1
123	194	1
123	288	1
123	326	1
123	328	1
123	394	1
123	407	1
123	613	1
125	164	1
125	175	1
125	256	1
125	309	1
125	358	1
126	273	1
126	302	1
126	460	1
127	98	1
127	394	1
128	58	1
128	271	1
128	608	1
130	26	1
130	49	1
130	139	1
130	232	1
130	322	1
131	175	1
132	108	1
132	1202	1
133	248	1
133	940	1
133	993	1
133	994	1
133	998	1
134	246	1
134	916	1
135	14	1
135	106	1
135	285	1
135	286	1
136	288	1
136	328	1
136	407	1
137	418	1
138	248	1
138	380	1
138	993	1
138	994	1
138	995	1
138	996	1
138	997	1
138	998	1
138	1202	1
140	67	1
140	195	1
140	320	1
140	380	1
141	13	1
141	21	1
141	85	1
141	113	1
141	208	1
141	258	1
141	359	1
143	248	1
143	993	1
143	994	1
143	998	1
144	71	1
144	273	1
144	302	1
144	421	1
144	460	1
144	987	1
144	988	1
144	989	1
144	1166	1
144	1167	1
144	1168	1
144	1169	1
144	1170	1
145	12	1
145	256	1
145	309	1
145	435	1
146	49	1
146	322	1
146	423	1
147	119	1
148	12	1
148	83	1
148	164	1
148	165	1
148	194	1
148	221	1
148	223	1
148	256	1
148	309	1
148	326	1
148	330	1
148	374	1
148	435	1
148	461	1
151	273	1
151	302	1
151	460	1
151	472	1
151	475	1
151	493	1
151	985	1
152	272	1
153	73	1
153	380	1
154	278	1
154	366	1
154	430	1
156	302	1
156	460	1
158	31	1
158	427	1
158	987	1
159	435	1
160	26	1
160	49	1
160	256	1
160	309	1
160	322	1
161	927	1
163	327	1
164	185	1
164	189	1
165	185	1
165	186	1
165	360	1
167	426	1
168	549	1
170	164	1
170	288	1
170	394	1
170	916	1
171	288	1
171	435	1
172	206	1
172	225	1
172	240	1
172	259	1
172	358	1
174	48	1
174	288	1
174	328	1
174	407	1
175	26	1
175	49	1
175	139	1
175	232	1
175	256	1
175	278	1
175	288	1
175	322	1
175	407	1
175	430	1
175	1173	1
175	1174	1
176	43	1
176	82	1
176	114	1
176	170	1
176	237	1
176	377	1
176	401	1
178	10	1
178	150	1
179	10	1
179	150	1
180	140	1
181	430	1
182	460	1
183	71	1
183	273	1
183	302	1
183	460	1
183	987	1
183	988	1
183	989	1
183	1166	1
183	1167	1
183	1168	1
183	1169	1
183	1170	1
184	278	1
184	366	1
184	430	1
185	12	1
185	165	1
185	256	1
185	288	1
185	328	1
185	435	1
188	150	1
188	1119	1
188	1138	1
189	67	1
189	457	1
190	150	1
190	738	1
191	164	1
191	194	1
191	326	1
193	32	1
193	51	1
194	48	1
194	98	1
194	394	1
195	165	1
195	435	1
196	482	1
196	512	1
197	124	1
199	857	1
201	26	1
201	49	1
201	139	1
201	232	1
201	322	1
202	243	1
202	358	1
202	442	1
203	73	1
203	1202	1
204	10	1
204	150	1
205	60	1
206	12	1
206	240	1
206	256	1
206	330	1
206	435	1
210	773	1
210	778	1
211	124	1
213	98	1
213	394	1
214	242	1
217	440	1
217	570	1
219	108	1
220	150	1
220	640	1
221	654	1
222	426	1
224	67	1
225	26	1
225	49	1
225	139	1
225	165	1
225	232	1
225	256	1
225	278	1
225	288	1
225	322	1
225	407	1
225	430	1
226	81	1
226	783	1
227	124	1
228	12	1
228	49	1
228	164	1
228	278	1
228	288	1
228	430	1
228	435	1
228	460	1
229	459	1
230	143	1
232	291	1
233	10	1
233	150	1
234	852	1
236	25	1
236	300	1
238	1161	1
238	1162	1
239	189	1
240	108	1
242	98	1
242	165	1
242	394	1
242	461	1
242	613	1
243	26	1
243	49	1
243	139	1
243	232	1
243	322	1
244	10	1
244	150	1
245	164	1
245	194	1
245	326	1
247	150	1
250	60	1
251	10	1
251	140	1
251	150	1
251	201	1
251	528	1
251	814	1
251	854	1
251	1015	1
252	48	1
252	288	1
252	328	1
252	407	1
253	459	1
254	276	1
255	14	1
255	106	1
255	200	1
255	201	1
255	285	1
255	286	1
255	389	1
255	433	1
255	526	1
257	98	1
257	288	1
257	328	1
257	394	1
259	988	1
260	67	1
260	320	1
261	10	1
261	150	1
261	428	1
261	608	1
261	646	1
262	400	1
262	722	1
262	918	1
264	243	1
264	358	1
264	442	1
265	98	1
265	394	1
266	686	1
266	717	1
268	7	1
268	113	1
268	258	1
268	495	1
268	496	1
268	635	1
268	674	1
268	689	1
268	1022	1
269	459	1
270	73	1
271	26	1
271	49	1
271	139	1
271	232	1
271	241	1
271	248	1
271	288	1
271	322	1
271	328	1
271	407	1
271	993	1
271	998	1
271	1151	1
272	12	1
272	241	1
272	435	1
273	73	1
275	448	1
275	589	1
275	1153	1
275	1154	1
275	1155	1
276	186	1
276	315	1
277	164	1
278	459	1
279	6	1
279	135	1
279	546	1
280	327	1
280	637	1
281	185	1
281	189	1
281	516	1
281	752	1
283	136	1
283	417	1
285	185	1
286	6	1
286	279	1
286	546	1
286	696	1
286	765	1
287	90	1
287	358	1
287	442	1
288	346	1
289	164	1
289	165	1
289	256	1
289	288	1
289	309	1
289	430	1
290	423	1
291	362	1
291	470	1
291	584	1
291	737	1
291	986	1
292	48	1
292	108	1
292	203	1
292	248	1
292	276	1
292	402	1
292	430	1
292	940	1
292	993	1
292	994	1
292	995	1
292	996	1
292	997	1
292	998	1
293	73	1
294	98	1
294	164	1
294	288	1
294	326	1
294	328	1
294	394	1
294	407	1
295	165	1
295	263	1
295	374	1
295	461	1
297	115	1
298	218	1
299	246	1
299	423	1
299	493	1
299	494	1
299	916	1
299	985	1
299	1163	1
299	1164	1
299	1165	1
299	1504	1
299	1505	1
299	1506	1
299	1507	1
299	1508	1
300	67	1
300	457	1
301	33	1
302	12	1
302	48	1
302	256	1
302	288	1
302	328	1
302	435	1
303	108	1
306	71	1
306	273	1
306	302	1
306	460	1
306	987	1
306	988	1
306	989	1
306	1166	1
306	1167	1
306	1168	1
306	1169	1
306	1170	1
308	426	1
309	73	1
309	380	1
309	459	1
310	71	1
310	273	1
310	302	1
310	460	1
310	987	1
310	988	1
310	989	1
310	1166	1
310	1167	1
310	1168	1
310	1169	1
310	1170	1
311	124	1
311	591	1
312	164	1
312	288	1
314	426	1
314	1029	1
315	183	1
315	289	1
316	164	1
316	256	1
316	278	1
316	288	1
316	326	1
316	328	1
316	374	1
316	407	1
316	435	1
316	461	1
317	164	1
317	194	1
317	326	1
317	1160	1
319	380	1
321	183	1
321	311	1
322	243	1
322	358	1
322	442	1
324	288	1
324	328	1
324	407	1
325	243	1
325	358	1
325	442	1
327	10	1
327	150	1
329	12	1
329	83	1
329	164	1
329	165	1
329	194	1
329	221	1
329	223	1
329	256	1
329	309	1
329	326	1
329	330	1
329	374	1
329	379	1
329	435	1
329	461	1
330	26	1
330	49	1
330	139	1
330	232	1
330	256	1
330	278	1
330	322	1
330	430	1
332	99	1
332	175	1
332	362	1
332	366	1
332	423	1
333	89	1
333	1139	1
334	319	1
335	175	1
335	322	1
335	423	1
337	115	1
337	119	1
338	423	1
339	246	1
339	916	1
340	12	1
340	164	1
340	165	1
340	194	1
340	221	1
340	256	1
340	288	1
340	309	1
340	326	1
340	328	1
340	330	1
340	374	1
340	435	1
341	19	1
341	108	1
343	328	1
343	366	1
344	10	1
344	150	1
344	237	1
345	108	1
346	60	1
346	164	1
346	256	1
346	288	1
346	368	1
347	241	1
347	361	1
347	452	1
347	460	1
348	108	1
349	62	1
349	101	1
349	422	1
350	175	1
351	58	1
352	675	1
354	581	1
355	291	1
356	518	1
356	665	1
356	727	1
356	745	1
356	1172	1
357	916	1
358	426	1
359	108	1
361	144	1
361	605	1
361	922	1
361	924	1
362	49	1
363	67	1
363	457	1
363	570	1
364	10	1
364	150	1
365	10	1
365	150	1
366	124	1
367	273	1
367	302	1
367	460	1
367	472	1
367	475	1
367	493	1
367	985	1
368	10	1
368	19	1
368	119	1
368	140	1
368	150	1
368	709	1
368	1502	1
369	33	1
370	43	1
370	82	1
370	114	1
370	377	1
371	12	1
371	83	1
371	164	1
371	194	1
371	326	1
372	442	1
373	49	1
373	322	1
374	6	1
374	102	1
374	279	1
374	546	1
374	670	1
374	696	1
375	280	1
375	383	1
376	26	1
376	49	1
376	232	1
376	322	1
377	49	1
377	423	1
378	149	1
378	261	1
379	243	1
379	358	1
379	442	1
380	10	1
380	150	1
381	852	1
381	854	1
381	988	1
381	989	1
382	183	1
382	311	1
382	514	1
382	1183	1
383	102	1
384	74	1
384	78	1
388	71	1
388	302	1
388	421	1
388	460	1
388	987	1
388	988	1
388	989	1
388	1166	1
388	1167	1
388	1168	1
388	1169	1
388	1170	1
389	241	1
389	288	1
389	379	1
389	435	1
389	621	1
389	1375	1
391	320	1
391	459	1
392	26	1
392	49	1
392	139	1
392	232	1
392	322	1
393	203	1
393	241	1
393	243	1
393	358	1
393	442	1
393	563	1
394	364	1
395	98	1
395	394	1
396	71	1
396	273	1
396	302	1
396	460	1
396	987	1
396	988	1
396	989	1
396	1166	1
396	1167	1
396	1168	1
396	1169	1
396	1170	1
397	246	1
397	256	1
398	243	1
398	358	1
398	442	1
400	12	1
400	241	1
400	435	1
401	408	1
401	1150	1
404	459	1
405	10	1
405	150	1
406	102	1
406	1148	1
406	1149	1
407	60	1
408	395	1
409	108	1
410	183	1
410	311	1
411	10	1
411	150	1
412	394	1
413	95	1
413	166	1
415	33	1
418	124	1
419	319	1
420	160	1
420	289	1
420	340	1
420	739	1
421	175	1
422	459	1
423	71	1
423	273	1
423	302	1
423	421	1
423	460	1
423	987	1
423	988	1
423	989	1
423	1166	1
423	1167	1
423	1168	1
423	1169	1
423	1170	1
424	127	1
424	266	1
424	362	1
424	427	1
424	460	1
425	243	1
425	358	1
425	442	1
426	142	1
427	289	1
427	418	1
428	45	1
428	165	1
428	175	1
428	442	1
428	461	1
429	34	1
429	335	1
429	346	1
429	1006	1
430	141	1
431	49	1
431	99	1
431	108	1
431	278	1
431	322	1
431	366	1
431	430	1
432	48	1
432	88	1
432	108	1
433	108	1
433	183	1
433	276	1
433	311	1
433	505	1
433	817	1
433	852	1
433	853	1
433	854	1
433	922	1
433	924	1
433	1034	1
433	1183	1
433	1184	1
433	1185	1
433	1186	1
433	1187	1
433	1188	1
434	450	1
436	115	1
436	119	1
437	362	1
437	435	1
439	374	1
439	461	1
441	279	1
441	696	1
441	765	1
441	1150	1
442	243	1
442	358	1
442	442	1
443	256	1
444	164	1
444	194	1
444	241	1
444	288	1
444	326	1
444	394	1
445	60	1
446	207	1
446	1006	1
448	256	1
448	435	1
449	278	1
449	366	1
450	394	1
451	240	1
451	362	1
454	165	1
454	263	1
454	374	1
454	461	1
455	263	1
455	374	1
455	461	1
457	459	1
458	98	1
458	165	1
458	394	1
458	461	1
459	99	1
460	421	1
460	460	1
461	10	1
461	150	1
462	164	1
462	288	1
463	33	1
463	119	1
465	164	1
466	175	1
468	656	1
469	102	1
469	357	1
469	696	1
469	931	1
471	426	1
472	49	1
473	188	1
473	295	1
474	246	1
475	394	1
476	49	1
477	12	1
477	78	1
477	83	1
477	221	1
477	330	1
477	366	1
477	435	1
478	246	1
478	916	1
479	858	1
480	10	1
480	150	1
481	42	1
483	6	1
483	940	1
484	426	1
485	374	1
485	461	1
486	183	1
486	242	1
486	311	1
486	317	1
486	817	1
486	1034	1
488	186	1
489	858	1
491	10	1
491	150	1
491	1146	1
492	417	1
493	292	1
494	459	1
495	10	1
495	119	1
495	140	1
495	150	1
496	94	1
496	140	1
496	253	1
496	610	1
496	642	1
496	715	1
497	164	1
498	322	1
499	241	1
499	248	1
499	380	1
499	505	1
499	621	1
499	993	1
499	994	1
499	998	1
499	1151	1
499	1152	1
500	413	1
502	33	1
502	636	1
503	581	1
504	513	1
504	648	1
504	1201	1
505	108	1
505	524	1
506	26	1
506	49	1
506	139	1
506	232	1
506	322	1
507	922	1
507	924	1
508	39	1
508	617	1
508	1196	1
509	150	1
509	400	1
509	429	1
509	661	1
511	175	1
511	240	1
511	362	1
514	459	1
514	1503	1
516	10	1
516	150	1
518	426	1
520	26	1
520	49	1
520	322	1
521	98	1
521	394	1
521	545	1
521	569	1
521	613	1
521	1009	1
521	1010	1
522	115	1
522	119	1
523	71	1
523	273	1
523	302	1
523	421	1
523	460	1
523	987	1
523	988	1
523	989	1
523	1166	1
523	1167	1
523	1168	1
523	1169	1
523	1170	1
524	26	1
524	49	1
524	139	1
524	232	1
524	241	1
524	256	1
524	288	1
524	322	1
524	435	1
526	186	1
526	315	1
526	1066	1
528	327	1
528	497	1
528	1202	1
529	45	1
529	223	1
529	256	1
529	309	1
530	121	1
530	144	1
532	390	1
532	573	1
532	1181	1
534	26	1
534	49	1
534	322	1
535	99	1
536	123	1
536	1041	1
537	34	1
537	271	1
537	279	1
537	663	1
537	696	1
537	765	1
538	327	1
539	509	1
539	1202	1
540	327	1
541	48	1
541	241	1
541	330	1
541	435	1
542	185	1
543	366	1
543	430	1
544	278	1
544	366	1
544	430	1
545	265	1
546	2	1
546	48	1
546	151	1
546	238	1
546	317	1
546	1381	1
546	1382	1
548	279	1
548	357	1
549	278	1
549	366	1
549	430	1
550	241	1
550	248	1
550	452	1
550	505	1
550	993	1
550	994	1
550	998	1
552	48	1
552	98	1
552	505	1
553	183	1
553	242	1
553	317	1
553	402	1
553	418	1
554	94	1
554	115	1
557	73	1
559	459	1
560	119	1
561	48	1
561	94	1
561	98	1
561	288	1
561	394	1
561	588	1
561	669	1
561	681	1
564	26	1
564	49	1
564	60	1
564	139	1
564	164	1
564	165	1
564	194	1
564	223	1
564	232	1
564	256	1
564	278	1
564	288	1
564	309	1
564	322	1
564	326	1
564	328	1
564	407	1
564	430	1
564	435	1
565	261	1
565	527	1
566	49	1
566	322	1
567	164	1
567	165	1
567	256	1
567	278	1
567	288	1
567	309	1
567	328	1
567	366	1
567	430	1
569	26	1
569	49	1
569	98	1
569	139	1
569	232	1
569	256	1
569	278	1
569	288	1
569	322	1
569	394	1
569	430	1
569	583	1
570	278	1
570	366	1
570	1164	1
571	189	1
572	418	1
573	238	1
573	290	1
573	310	1
573	317	1
573	362	1
573	460	1
573	625	1
573	627	1
573	657	1
573	742	1
573	1161	1
573	1162	1
574	99	1
574	175	1
574	362	1
574	366	1
575	48	1
575	288	1
575	328	1
575	407	1
576	426	1
579	247	1
579	545	1
579	624	1
579	636	1
579	646	1
579	709	1
579	851	1
580	99	1
580	206	1
580	225	1
580	278	1
580	310	1
580	362	1
581	273	1
581	302	1
581	460	1
581	472	1
581	475	1
581	493	1
581	985	1
582	426	1
584	48	1
584	108	1
585	67	1
585	243	1
585	358	1
585	442	1
585	572	1
586	330	1
586	435	1
587	67	1
587	73	1
587	196	1
587	459	1
588	12	1
588	83	1
588	164	1
588	165	1
588	194	1
588	221	1
588	223	1
588	256	1
588	288	1
588	309	1
588	326	1
588	328	1
588	330	1
588	374	1
588	407	1
588	435	1
588	461	1
590	290	1
590	361	1
590	452	1
590	460	1
592	98	1
592	394	1
593	183	1
593	311	1
594	108	1
594	854	1
595	67	1
595	457	1
595	673	1
595	720	1
596	302	1
596	421	1
596	460	1
597	12	1
597	83	1
597	164	1
597	165	1
597	194	1
597	221	1
597	223	1
597	256	1
597	288	1
597	309	1
597	326	1
597	328	1
597	330	1
597	368	1
597	374	1
597	407	1
597	435	1
597	461	1
599	98	1
599	394	1
600	426	1
601	460	1
601	1166	1
602	1299	1
603	98	1
603	394	1
606	98	1
606	394	1
607	71	1
607	302	1
607	460	1
607	987	1
607	988	1
607	989	1
607	1166	1
607	1167	1
607	1168	1
607	1169	1
607	1170	1
609	858	1
610	48	1
611	424	1
612	570	1
613	218	1
613	362	1
613	435	1
614	459	1
615	6	1
616	12	1
616	26	1
616	49	1
616	83	1
616	139	1
616	164	1
616	165	1
616	175	1
616	194	1
616	221	1
616	232	1
616	256	1
616	288	1
616	309	1
616	322	1
616	326	1
616	328	1
616	330	1
616	368	1
616	374	1
616	407	1
616	435	1
616	461	1
616	561	1
617	26	1
617	322	1
617	423	1
617	916	1
618	16	1
618	138	1
621	45	1
621	49	1
621	435	1
622	2	1
622	40	1
622	244	1
622	459	1
623	290	1
623	361	1
623	452	1
623	460	1
624	12	1
624	26	1
624	49	1
624	83	1
624	139	1
624	164	1
624	165	1
624	175	1
624	194	1
624	221	1
624	232	1
624	256	1
624	288	1
624	309	1
624	322	1
624	326	1
624	328	1
624	330	1
624	368	1
624	374	1
624	435	1
624	461	1
624	561	1
625	39	1
626	223	1
626	256	1
626	278	1
626	309	1
626	430	1
626	466	1
627	922	1
627	924	1
628	16	1
628	138	1
630	560	1
631	7	1
631	113	1
631	250	1
631	258	1
631	483	1
631	484	1
631	485	1
631	486	1
631	487	1
631	523	1
632	155	1
633	459	1
634	497	1
637	13	1
637	18	1
637	85	1
637	113	1
637	208	1
637	258	1
637	495	1
637	496	1
638	493	1
638	985	1
638	1164	1
639	605	1
640	315	1
641	98	1
641	394	1
643	108	1
644	242	1
645	550	1
650	26	1
650	322	1
650	423	1
651	124	1
652	477	1
652	592	1
652	647	1
652	707	1
654	64	1
654	246	1
654	278	1
654	288	1
655	138	1
655	922	1
656	418	1
658	39	1
658	119	1
658	608	1
659	16	1
659	81	1
660	246	1
661	67	1
661	73	1
661	112	1
661	320	1
661	641	1
662	26	1
662	49	1
662	322	1
663	459	1
667	279	1
667	400	1
668	71	1
668	273	1
668	302	1
668	460	1
668	987	1
668	988	1
668	989	1
668	1166	1
668	1167	1
668	1168	1
668	1169	1
668	1170	1
669	64	1
669	164	1
669	194	1
669	278	1
669	326	1
669	366	1
669	430	1
669	922	1
669	924	1
671	26	1
671	49	1
671	139	1
671	232	1
671	322	1
672	71	1
672	273	1
672	302	1
672	460	1
672	987	1
672	988	1
672	989	1
672	1166	1
672	1167	1
672	1168	1
672	1169	1
672	1170	1
675	89	1
675	722	1
676	319	1
677	49	1
677	165	1
677	256	1
677	435	1
678	12	1
678	256	1
678	435	1
680	279	1
680	696	1
680	765	1
682	73	1
683	64	1
684	786	1
685	98	1
685	394	1
686	206	1
686	278	1
686	430	1
689	276	1
690	737	1
691	175	1
691	243	1
691	278	1
691	358	1
691	430	1
691	442	1
692	58	1
693	95	1
693	166	1
694	12	1
694	60	1
694	98	1
694	164	1
694	165	1
694	194	1
694	221	1
694	223	1
694	256	1
694	288	1
694	309	1
694	326	1
694	330	1
694	368	1
694	394	1
694	435	1
694	461	1
694	561	1
695	120	1
696	243	1
696	358	1
696	442	1
697	1011	1
698	497	1
700	28	1
702	73	1
703	164	1
703	288	1
704	358	1
704	442	1
707	327	1
3	246	0
396	1349	0
309	1152	0
304	611	0
534	787	0
235	560	0
594	1066	0
510	326	0
311	361	0
217	1198	0
418	1153	0
480	623	0
605	1468	0
115	1504	0
216	1466	0
294	140	0
662	999	0
15	1010	0
515	96	0
498	1045	0
363	315	0
404	526	0
605	16	0
319	57	0
0	1295	0
538	944	0
435	567	0
378	143	0
118	932	0
700	454	0
657	1273	0
41	183	0
30	1423	0
446	932	0
660	1056	0
413	1495	0
482	218	0
390	520	0
458	366	0
281	488	0
88	1178	0
2	660	0
331	489	0
452	397	0
155	866	0
559	1090	0
612	704	0
266	367	0
38	645	0
448	104	0
149	878	0
73	1039	0
50	838	0
136	1444	0
389	583	0
296	1194	0
271	128	0
460	877	0
50	380	0
429	1295	0
168	538	0
94	54	0
134	1160	0
691	161	0
108	189	0
123	1279	0
285	1083	0
349	407	0
236	622	0
680	125	0
705	498	0
623	341	0
44	506	0
526	7	0
423	1129	0
373	269	0
695	625	0
19	962	0
533	315	0
135	1149	0
411	860	0
141	701	0
536	141	0
426	963	0
61	1411	0
358	249	0
562	598	0
548	241	0
406	1501	0
224	254	0
69	890	0
40	1	0
302	1007	0
254	785	0
675	495	0
597	1047	0
204	573	0
602	672	0
1	82	0
626	568	0
368	973	0
336	815	0
643	1113	0
95	655	0
571	314	0
624	927	0
148	1305	0
229	897	0
639	260	0
415	317	0
293	7	0
81	1469	0
647	932	0
86	803	0
485	123	0
534	1415	0
311	200	0
406	280	0
392	1315	0
417	799	0
509	59	0
529	128	0
359	404	0
426	724	0
54	680	0
50	1243	0
649	458	0
154	683	0
541	164	0
146	46	0
251	363	0
79	262	0
672	317	0
657	973	0
133	292	0
240	528	0
102	419	0
321	649	0
502	913	0
64	750	0
54	1296	0
177	613	0
357	1022	0
194	806	0
508	852	0
67	638	0
82	1283	0
489	1083	0
354	363	0
304	914	0
134	250	0
589	421	0
66	905	0
615	1326	0
473	108	0
511	1047	0
76	1148	0
506	1201	0
141	71	0
247	795	0
639	1405	0
511	1264	0
201	1489	0
507	366	0
648	1052	0
174	1376	0
176	1011	0
169	431	0
83	763	0
349	1407	0
414	281	0
589	1497	0
317	290	0
548	1047	0
97	155	0
131	1394	0
175	1474	0
589	236	0
478	441	0
362	417	0
557	300	0
421	491	0
286	1048	0
41	926	0
522	259	0
361	275	0
115	1165	0
451	563	0
591	997	0
523	626	0
567	1124	0
640	1429	0
194	86	0
463	1283	0
207	1359	0
415	226	0
387	1443	0
326	509	0
51	269	0
142	1051	0
421	1239	0
218	928	0
588	1129	0
163	1097	0
128	270	0
232	1192	0
303	8	0
317	317	0
194	889	0
26	1238	0
287	1462	0
622	1321	0
535	807	0
314	1455	0
670	788	0
20	1489	0
325	1342	0
109	1361	0
29	685	0
58	1018	0
483	233	0
416	1046	0
311	942	0
553	760	0
494	407	0
278	1494	0
27	1332	0
154	388	0
646	1329	0
167	529	0
612	659	0
167	617	0
211	1354	0
413	1261	0
102	269	0
156	1302	0
630	897	0
664	483	0
100	1154	0
140	115	0
139	1244	0
36	313	0
691	221	0
13	1126	0
523	372	0
526	504	0
397	1367	0
640	686	0
603	1476	0
433	837	0
182	479	0
314	1132	0
17	1255	0
542	1448	0
406	625	0
183	23	0
567	276	0
334	21	0
46	762	0
543	1359	0
335	1223	0
173	855	0
134	145	0
273	47	0
113	1249	0
390	1383	0
243	743	0
490	1185	0
140	1235	0
560	54	0
530	1433	0
311	1159	0
539	267	0
81	873	0
133	1172	0
677	313	0
96	862	0
591	510	0
234	1479	0
598	414	0
643	1294	0
402	447	0
586	736	0
258	429	0
511	305	0
314	441	0
285	1130	0
320	561	0
293	1279	0
704	1250	0
178	1108	0
529	127	0
601	862	0
203	727	0
365	694	0
397	579	0
359	1118	0
520	1341	0
96	13	0
514	1051	0
350	1206	0
238	595	0
52	1504	0
457	86	0
627	1451	0
676	231	0
525	528	0
401	305	0
564	1170	0
286	573	0
300	660	0
463	281	0
360	528	0
569	1406	0
354	1022	0
257	335	0
438	418	0
466	916	0
341	279	0
234	515	0
70	1275	0
559	35	0
383	204	0
261	1162	0
311	1371	0
35	41	0
457	1117	0
74	615	0
90	1377	0
193	1410	0
215	798	0
97	141	0
285	1261	0
554	470	0
354	518	0
180	506	0
510	790	0
672	304	0
480	267	0
495	1078	0
663	727	0
243	1102	0
636	974	0
326	885	0
346	1047	0
610	988	0
261	474	0
584	336	0
438	1159	0
624	1148	0
430	120	0
496	545	0
314	780	0
8	804	0
318	346	0
55	1142	0
445	1311	0
361	1127	0
168	1024	0
623	448	0
377	976	0
299	103	0
139	136	0
73	970	0
554	1414	0
399	971	0
525	1491	0
302	1310	0
176	938	0
2	1469	0
655	757	0
626	730	0
555	561	0
554	1456	0
647	719	0
57	505	0
139	425	0
2	379	0
220	104	0
312	957	0
321	25	0
337	1380	0
600	291	0
195	882	0
574	947	0
551	988	0
198	1298	0
211	65	0
259	446	0
594	944	0
547	277	0
38	1238	0
355	1113	0
275	1035	0
497	490	0
377	633	0
63	108	0
26	621	0
349	285	0
499	578	0
405	1342	0
126	58	0
701	934	0
679	287	0
652	933	0
326	728	0
114	1033	0
316	1362	0
490	1348	0
40	307	0
449	772	0
120	590	0
260	702	0
491	478	0
669	294	0
65	372	0
288	994	0
250	1458	0
37	625	0
549	188	0
173	1260	0
440	1426	0
50	187	0
139	82	0
633	745	0
232	346	0
194	1249	0
56	918	0
494	146	0
85	1283	0
248	185	0
579	736	0
207	1495	0
281	1174	0
409	708	0
262	715	0
296	1155	0
102	132	0
500	1108	0
652	1079	0
672	1372	0
135	1510	0
611	956	0
467	543	0
687	878	0
67	604	0
697	1093	0
590	1229	0
261	924	0
258	505	0
174	1490	0
611	282	0
474	1241	0
482	1246	0
160	311	0
113	845	0
302	336	0
210	1183	0
159	1099	0
706	884	0
495	1349	0
679	107	0
183	1199	0
111	864	0
392	1138	0
158	247	0
455	361	0
80	559	0
653	196	0
144	424	0
509	591	0
633	113	0
157	992	0
606	1112	0
675	1318	0
536	29	0
543	1088	0
474	736	0
336	1316	0
286	1339	0
298	1001	0
542	1096	0
573	155	0
232	1288	0
262	349	0
514	24	0
58	848	0
324	297	0
159	280	0
381	1222	0
250	401	0
496	860	0
301	709	0
428	186	0
275	289	0
128	1026	0
83	132	0
470	1051	0
190	400	0
167	762	0
159	349	0
329	941	0
647	531	0
330	675	0
576	487	0
69	194	0
301	696	0
111	663	0
21	1265	0
571	676	0
232	481	0
561	371	0
697	1373	0
163	137	0
528	774	0
329	179	0
146	1119	0
89	787	0
246	47	0
204	21	0
597	992	0
388	123	0
384	345	0
478	1079	0
419	825	0
99	1219	0
62	1058	0
194	1096	0
586	941	0
331	376	0
174	1400	0
391	546	0
188	1452	0
490	1393	0
230	1431	0
660	401	0
350	1016	0
51	1414	0
631	964	0
661	1125	0
493	360	0
608	994	0
674	916	0
227	785	0
346	839	0
307	243	0
671	1308	0
360	222	0
638	1014	0
443	871	0
4	263	0
497	268	0
272	614	0
570	952	0
353	4	0
240	1274	0
563	777	0
87	692	0
52	95	0
670	575	0
341	363	0
229	369	0
405	591	0
246	619	0
582	866	0
517	704	0
506	981	0
397	922	0
497	1145	0
117	817	0
331	954	0
105	412	0
437	1506	0
239	304	0
63	360	0
129	501	0
587	833	0
531	1388	0
389	140	0
26	175	0
450	19	0
301	703	0
488	537	0
396	1238	0
353	55	0
678	429	0
482	1225	0
446	0	0
151	253	0
204	6	0
407	1143	0
281	1404	0
472	296	0
498	1272	0
69	34	0
286	113	0
281	942	0
671	1290	0
296	1501	0
635	237	0
441	327	0
402	1271	0
557	92	0
119	58	0
353	387	0
620	418	0
566	1339	0
143	1110	0
455	987	0
707	819	0
207	674	0
267	597	0
345	1427	0
138	539	0
110	732	0
657	1345	0
174	36	0
275	17	0
550	757	0
648	276	0
2	1283	0
257	571	0
166	151	0
395	357	0
213	383	0
331	1283	0
684	404	0
116	1148	0
600	638	0
563	1259	0
307	349	0
503	425	0
258	698	0
375	1486	0
135	1214	0
466	608	0
36	1072	0
489	368	0
226	744	0
435	996	0
379	558	0
156	627	0
178	212	0
381	642	0
519	860	0
381	1116	0
35	1029	0
97	571	0
502	177	0
17	936	0
178	179	0
667	385	0
399	1101	0
515	383	0
225	757	0
145	8	0
626	848	0
592	1412	0
92	979	0
76	1211	0
612	374	0
455	428	0
655	486	0
84	1347	0
186	1140	0
506	777	0
35	6	0
29	251	0
545	536	0
174	1281	0
478	860	0
292	1012	0
27	192	0
374	1342	0
88	493	0
124	241	0
506	729	0
698	783	0
538	258	0
243	1096	0
380	883	0
426	344	0
673	409	0
346	454	0
666	1440	0
368	1346	0
302	1494	0
462	1495	0
620	145	0
55	644	0
473	1193	0
191	346	0
619	1352	0
485	909	0
232	170	0
138	216	0
172	189	0
255	730	0
569	1380	0
344	845	0
392	1039	0
197	352	0
342	412	0
82	60	0
636	835	0
342	117	0
695	495	0
31	375	0
247	284	0
330	214	0
107	1089	0
202	1286	0
413	970	0
258	756	0
216	1452	0
321	848	0
418	762	0
445	1033	0
413	941	0
323	1140	0
477	795	0
117	470	0
275	1297	0
169	1393	0
233	699	0
670	997	0
623	902	0
159	546	0
527	1506	0
644	324	0
649	472	0
438	557	0
679	1392	0
308	86	0
546	1267	0
136	824	0
404	1126	0
148	345	0
439	751	0
442	895	0
387	1296	0
197	826	0
225	785	0
189	784	0
59	1337	0
356	1374	0
233	1207	0
522	433	0
149	1340	0
497	1220	0
680	122	0
450	870	0
185	732	0
429	1120	0
102	1128	0
583	430	0
441	967	0
341	93	0
149	16	0
403	1242	0
433	415	0
472	372	0
705	1266	0
632	1497	0
329	236	0
360	1273	0
267	535	0
39	1505	0
559	497	0
473	1182	0
262	456	0
648	47	0
349	1341	0
632	692	0
568	1291	0
428	32	0
601	31	0
190	1478	0
125	261	0
120	635	0
495	776	0
195	1373	0
654	707	0
466	262	0
676	504	0
19	1066	0
174	992	0
452	622	0
624	1063	0
294	177	0
121	501	0
415	1075	0
391	194	0
264	1056	0
427	252	0
543	1477	0
379	574	0
238	444	0
84	854	0
90	929	0
207	562	0
272	854	0
167	996	0
622	1372	0
397	1206	0
56	350	0
657	966	0
547	1127	0
166	1202	0
702	430	0
387	712	0
249	1276	0
92	153	0
202	1442	0
281	243	0
69	1102	0
423	1209	0
603	1452	0
397	531	0
550	721	0
562	1451	0
275	1151	0
167	11	0
619	1276	0
566	1123	0
664	90	0
331	804	0
663	762	0
188	1485	0
704	1013	0
107	947	0
411	769	0
315	411	0
90	955	0
320	188	0
349	306	0
108	1414	0
625	25	0
413	467	0
658	1396	0
41	763	0
297	1068	0
478	1308	0
489	130	0
109	629	0
305	1089	0
675	55	0
95	352	0
318	629	0
444	665	0
512	1204	0
324	1296	0
484	723	0
168	540	0
39	1406	0
678	1276	0
75	291	0
251	415	0
610	1022	0
590	224	0
431	957	0
405	1371	0
488	1494	0
579	650	0
577	565	0
463	1496	0
68	1487	0
535	1323	0
697	994	0
6	1319	0
149	21	0
365	881	0
362	1181	0
365	589	0
490	603	0
698	718	0
83	784	0
92	349	0
518	1489	0
126	902	0
525	1482	0
371	566	0
532	136	0
323	1365	0
55	650	0
521	648	0
568	1297	0
168	135	0
66	253	0
602	644	0
539	1034	0
52	1156	0
372	485	0
634	1242	0
206	1380	0
34	1326	0
68	430	0
37	1335	0
58	1208	0
251	443	0
529	34	0
202	452	0
384	1328	0
629	453	0
298	1060	0
518	713	0
643	604	0
516	228	0
135	425	0
8	2	0
486	1316	0
206	815	0
23	491	0
94	1503	0
651	1211	0
574	745	0
359	547	0
664	74	0
318	333	0
608	683	0
497	743	0
344	1492	0
169	1236	0
520	1330	0
196	1345	0
251	1338	0
189	81	0
644	863	0
228	911	0
381	29	0
166	477	0
703	120	0
30	1168	0
362	1362	0
83	1152	0
344	1175	0
668	1277	0
260	5	0
164	834	0
22	620	0
105	1088	0
587	913	0
600	49	0
596	720	0
657	1360	0
71	175	0
216	763	0
262	185	0
428	1418	0
325	357	0
83	545	0
694	1006	0
132	113	0
309	596	0
301	530	0
180	742	0
10	894	0
111	1013	0
696	1451	0
147	535	0
292	980	0
618	95	0
77	383	0
338	762	0
55	113	0
64	583	0
368	435	0
390	672	0
592	1501	0
630	1337	0
196	1362	0
640	277	0
539	788	0
225	406	0
61	914	0
404	406	0
366	844	0
625	986	0
349	250	0
556	153	0
185	14	0
403	1245	0
10	1250	0
199	314	0
210	617	0
63	1403	0
542	92	0
585	562	0
645	1088	0
21	1443	0
670	622	0
265	830	0
171	515	0
618	1051	0
37	1479	0
169	1151	0
262	529	0
304	1403	0
521	1371	0
268	1405	0
559	974	0
326	642	0
252	412	0
133	705	0
313	1466	0
216	1207	0
178	25	0
235	901	0
638	1183	0
613	377	0
695	136	0
196	627	0
519	1361	0
145	715	0
366	150	0
531	596	0
574	107	0
634	777	0
57	944	0
444	86	0
135	852	0
417	591	0
439	222	0
568	643	0
11	1243	0
601	1341	0
299	384	0
691	699	0
359	295	0
109	131	0
52	1000	0
531	1159	0
585	495	0
643	1410	0
191	1492	0
532	1396	0
249	908	0
330	614	0
652	157	0
234	617	0
679	1023	0
461	640	0
359	613	0
384	1400	0
451	616	0
32	886	0
142	610	0
440	172	0
107	562	0
149	704	0
25	651	0
582	1445	0
321	946	0
226	1196	0
587	1478	0
23	1278	0
535	340	0
131	87	0
268	216	0
498	287	0
674	310	0
677	225	0
677	208	0
137	398	0
64	507	0
134	1325	0
208	653	0
705	1193	0
315	1024	0
222	802	0
50	1048	0
666	526	0
265	272	0
224	842	0
512	1509	0
302	934	0
700	1081	0
200	58	0
117	279	0
83	67	0
233	397	0
65	876	0
53	1136	0
295	378	0
503	893	0
281	1330	0
555	654	0
183	359	0
553	290	0
407	287	0
385	1355	0
697	998	0
339	370	0
665	165	0
189	270	0
236	763	0
701	485	0
413	1155	0
166	226	0
114	502	0
615	928	0
609	112	0
115	1081	0
567	602	0
707	1151	0
179	1138	0
637	648	0
572	553	0
641	285	0
163	1390	0
240	331	0
246	862	0
472	1014	0
26	753	0
311	985	0
605	25	0
349	28	0
247	589	0
252	95	0
288	1444	0
220	534	0
360	103	0
153	1305	0
622	37	0
614	1308	0
696	325	0
328	801	0
270	1146	0
219	1315	0
13	1396	0
172	1377	0
89	576	0
408	1052	0
173	989	0
616	317	0
277	1278	0
297	1058	0
376	180	0
244	1030	0
492	1300	0
364	229	0
670	961	0
527	62	0
157	934	0
433	343	0
643	1226	0
494	848	0
194	1172	0
626	593	0
140	25	0
584	413	0
169	392	0
389	79	0
494	647	0
628	853	0
372	223	0
388	638	0
486	1315	0
482	661	0
668	120	0
602	727	0
286	1130	0
334	683	0
395	481	0
100	827	0
369	1103	0
513	128	0
394	1151	0
675	422	0
600	965	0
645	547	0
629	895	0
535	1455	0
163	550	0
267	1046	0
95	1376	0
66	786	0
448	1410	0
78	974	0
697	552	0
563	664	0
582	1216	0
77	836	0
436	816	0
208	169	0
132	1325	0
287	382	0
157	341	0
42	1191	0
636	1461	0
355	1420	0
24	1185	0
267	849	0
215	400	0
435	1049	0
155	179	0
653	1394	0
531	637	0
551	1255	0
168	1345	0
201	648	0
89	614	0
397	1483	0
307	130	0
268	892	0
532	1469	0
182	1318	0
144	1497	0
439	530	0
59	176	0
261	1265	0
92	729	0
212	1451	0
612	962	0
653	1383	0
198	1061	0
559	755	0
45	877	0
125	304	0
116	230	0
574	100	0
559	899	0
285	321	0
77	1191	0
3	66	0
121	473	0
643	607	0
184	904	0
165	314	0
62	400	0
25	810	0
134	569	0
465	1103	0
580	430	0
467	1274	0
660	806	0
304	26	0
278	349	0
54	446	0
242	961	0
263	639	0
238	594	0
653	93	0
643	69	0
24	1248	0
203	338	0
318	1374	0
490	740	0
468	671	0
25	117	0
184	680	0
50	896	0
271	1266	0
236	727	0
260	251	0
304	748	0
597	1395	0
109	442	0
237	145	0
18	841	0
511	222	0
22	257	0
77	1350	0
452	871	0
185	104	0
232	1207	0
26	342	0
136	1485	0
322	979	0
189	697	0
430	1051	0
8	790	0
650	1306	0
538	1040	0
568	1086	0
315	173	0
639	1414	0
20	1274	0
132	1235	0
704	1473	0
8	724	0
59	35	0
473	978	0
266	291	0
73	1457	0
439	538	0
185	1343	0
27	62	0
681	982	0
430	734	0
229	914	0
610	104	0
30	1255	0
328	1251	0
149	1264	0
149	1371	0
337	566	0
139	518	0
324	1286	0
254	328	0
236	779	0
668	648	0
9	954	0
101	500	0
157	588	0
7	1358	0
256	766	0
287	1230	0
242	417	0
199	1377	0
269	887	0
64	66	0
80	522	0
185	480	0
473	917	0
542	1021	0
480	498	0
601	1487	0
267	997	0
658	688	0
22	1286	0
370	608	0
655	1230	0
6	437	0
490	1281	0
572	486	0
93	461	0
172	1303	0
383	444	0
475	1123	0
416	704	0
612	182	0
426	114	0
504	159	0
682	592	0
517	944	0
18	1313	0
630	1307	0
264	741	0
384	1078	0
44	1447	0
380	1393	0
611	418	0
83	896	0
79	1153	0
69	472	0
610	1105	0
311	1415	0
601	1026	0
679	1250	0
92	835	0
647	447	0
19	1027	0
458	1122	0
517	1102	0
538	894	0
658	1103	0
141	428	0
295	127	0
372	851	0
112	516	0
522	1193	0
69	508	0
33	930	0
215	1484	0
623	646	0
107	1109	0
594	316	0
543	897	0
348	661	0
357	1092	0
681	272	0
412	992	0
690	626	0
171	1377	0
247	272	0
103	171	0
50	1419	0
572	709	0
111	1070	0
251	766	0
162	1326	0
243	845	0
357	430	0
479	1109	0
334	646	0
80	46	0
335	541	0
83	432	0
145	889	0
348	1359	0
256	1444	0
618	1295	0
504	1270	0
495	96	0
132	780	0
216	953	0
32	270	0
626	1060	0
170	1464	0
112	585	0
230	387	0
186	642	0
307	1063	0
636	693	0
314	838	0
231	748	0
492	1118	0
460	144	0
164	1212	0
85	601	0
243	1016	0
352	282	0
186	109	0
433	1499	0
464	678	0
252	1300	0
545	1322	0
176	878	0
322	486	0
294	80	0
414	144	0
677	1251	0
336	760	0
82	977	0
563	648	0
553	1224	0
16	117	0
312	18	0
64	745	0
705	1222	0
517	498	0
92	47	0
403	331	0
562	978	0
252	1312	0
75	446	0
361	1357	0
703	383	0
103	404	0
546	895	0
449	751	0
327	1090	0
228	824	0
176	1483	0
705	1328	0
374	610	0
126	1127	0
158	1264	0
426	1448	0
355	1475	0
313	644	0
53	459	0
285	574	0
489	480	0
702	1347	0
250	328	0
350	843	0
357	444	0
538	1505	0
9	817	0
609	681	0
178	757	0
436	1235	0
241	268	0
678	1236	0
431	1002	0
64	461	0
617	945	0
98	1370	0
332	1430	0
642	129	0
339	778	0
315	283	0
528	1010	0
566	676	0
184	239	0
92	453	0
135	646	0
179	1093	0
24	1081	0
171	90	0
209	163	0
527	281	0
631	1299	0
7	52	0
241	644	0
208	586	0
403	791	0
461	452	0
555	878	0
42	683	0
520	1509	0
243	268	0
344	1429	0
81	1480	0
546	826	0
375	1266	0
482	966	0
383	1362	0
603	587	0
347	1198	0
687	537	0
665	1064	0
194	649	0
694	1220	0
80	510	0
23	682	0
569	208	0
541	735	0
320	1250	0
201	1263	0
599	133	0
516	961	0
356	1348	0
198	1337	0
675	110	0
200	1499	0
484	532	0
330	1027	0
700	288	0
672	957	0
707	1159	0
233	426	0
441	524	0
526	1461	0
275	245	0
188	670	0
447	759	0
464	1475	0
707	733	0
559	269	0
332	1072	0
323	590	0
381	759	0
435	905	0
494	1039	0
345	76	0
93	550	0
14	1211	0
61	141	0
180	745	0
590	362	0
500	213	0
9	1094	0
219	1387	0
408	333	0
531	1478	0
286	1417	0
662	981	0
538	732	0
60	842	0
422	582	0
651	388	0
185	899	0
143	166	0
341	903	0
215	997	0
273	1138	0
492	410	0
227	1008	0
570	618	0
650	721	0
132	1113	0
198	184	0
441	805	0
453	1072	0
341	1141	0
658	252	0
156	1324	0
47	711	0
82	472	0
401	158	0
102	674	0
156	1109	0
227	642	0
432	203	0
635	425	0
307	1432	0
37	250	0
301	541	0
438	76	0
499	946	0
409	1435	0
58	482	0
465	521	0
684	245	0
466	1039	0
232	964	0
348	910	0
442	596	0
562	84	0
598	168	0
335	1285	0
9	459	0
598	62	0
681	1062	0
52	356	0
210	1427	0
120	1188	0
414	733	0
216	256	0
112	1091	0
707	981	0
602	1508	0
463	543	0
269	240	0
211	635	0
592	794	0
23	1310	0
608	493	0
314	241	0
51	668	0
160	765	0
482	1476	0
649	911	0
293	1365	0
50	96	0
525	151	0
142	1257	0
420	437	0
174	311	0
206	1036	0
366	141	0
665	935	0
681	210	0
0	59	0
354	882	0
182	936	0
659	316	0
688	1346	0
166	269	0
30	1227	0
537	1261	0
228	132	0
352	748	0
113	1507	0
200	1243	0
198	1407	0
604	1396	0
9	391	0
442	49	0
301	740	0
177	1331	0
279	136	0
519	879	0
585	886	0
667	1170	0
81	1267	0
446	1062	0
245	874	0
557	1089	0
652	522	0
316	1303	0
160	572	0
458	364	0
137	351	0
200	255	0
503	1	0
650	210	0
93	603	0
455	915	0
646	262	0
531	1494	0
447	404	0
107	1470	0
676	617	0
382	902	0
556	1418	0
108	1190	0
513	335	0
477	1139	0
240	13	0
196	1070	0
151	972	0
130	290	0
362	1486	0
353	314	0
666	413	0
633	292	0
354	101	0
153	991	0
237	817	0
699	139	0
18	482	0
612	70	0
671	705	0
686	97	0
218	1261	0
312	344	0
184	953	0
238	1346	0
587	814	0
22	52	0
356	947	0
662	421	0
197	1364	0
698	491	0
135	454	0
433	1317	0
391	835	0
358	594	0
251	9	0
466	1421	0
50	655	0
382	173	0
682	415	0
386	75	0
120	381	0
562	1086	0
480	1383	0
658	118	0
505	807	0
394	644	0
687	854	0
11	653	0
408	308	0
701	957	0
284	1169	0
46	758	0
234	699	0
240	241	0
658	185	0
168	1200	0
701	720	0
244	643	0
421	632	0
448	597	0
506	588	0
365	573	0
88	672	0
431	30	0
216	832	0
145	402	0
401	1321	0
105	1378	0
380	473	0
691	1050	0
35	1009	0
129	334	0
111	1410	0
330	742	0
603	1273	0
357	114	0
404	1237	0
481	140	0
377	84	0
118	1066	0
260	1241	0
406	333	0
83	656	0
201	576	0
664	440	0
344	576	0
171	991	0
664	1098	0
470	1026	0
268	1188	0
353	1311	0
12	8	0
452	1368	0
87	1462	0
325	1168	0
69	382	0
371	123	0
148	603	0
551	966	0
285	770	0
538	865	0
303	1179	0
256	250	0
553	488	0
80	647	0
26	192	0
461	1099	0
200	1176	0
306	990	0
534	1357	0
511	809	0
598	212	0
25	1050	0
254	634	0
689	1471	0
209	1095	0
151	1251	0
27	621	0
141	1212	0
50	482	0
497	805	0
700	325	0
512	1218	0
270	1240	0
152	1198	0
383	1195	0
347	502	0
512	1289	0
584	135	0
422	807	0
668	407	0
210	957	0
441	699	0
624	340	0
439	1000	0
108	1331	0
71	983	0
528	121	0
100	759	0
652	1169	0
25	226	0
64	1054	0
455	564	0
579	168	0
431	851	0
402	457	0
242	968	0
351	850	0
575	740	0
349	1086	0
315	713	0
628	920	0
433	1218	0
652	718	0
169	1475	0
698	815	0
534	1013	0
210	295	0
608	1285	0
368	1295	0
238	1254	0
451	885	0
26	124	0
668	198	0
424	682	0
401	1363	0
287	1431	0
536	629	0
144	943	0
520	620	0
633	14	0
86	995	0
86	1395	0
192	705	0
700	447	0
413	251	0
244	833	0
441	173	0
267	941	0
399	853	0
325	1469	0
574	1369	0
271	43	0
698	312	0
316	1015	0
677	409	0
253	1119	0
360	221	0
702	264	0
245	1070	0
69	137	0
153	350	0
461	1468	0
93	110	0
236	637	0
419	902	0
308	971	0
452	938	0
380	127	0
320	702	0
280	211	0
248	1195	0
679	1140	0
50	538	0
554	684	0
12	1488	0
107	717	0
62	76	0
282	420	0
632	614	0
598	594	0
235	1327	0
368	875	0
585	1430	0
47	745	0
516	1336	0
666	223	0
457	962	0
41	1443	0
593	1029	0
63	672	0
311	1352	0
161	329	0
584	275	0
387	609	0
508	139	0
266	634	0
536	765	0
29	1067	0
239	979	0
573	1068	0
356	646	0
482	391	0
444	703	0
215	611	0
353	1497	0
336	1172	0
56	530	0
546	155	0
655	419	0
517	1371	0
664	779	0
215	310	0
655	434	0
600	70	0
418	399	0
166	1098	0
469	1340	0
533	891	0
652	582	0
163	302	0
122	1025	0
170	416	0
580	78	0
375	726	0
170	630	0
222	418	0
199	201	0
707	1424	0
101	1381	0
457	1231	0
588	179	0
109	1118	0
59	1335	0
54	146	0
45	1353	0
391	591	0
201	375	0
49	1094	0
200	1333	0
105	1410	0
246	96	0
557	678	0
383	442	0
412	248	0
211	850	0
622	865	0
453	1368	0
247	1241	0
231	244	0
542	1269	0
80	594	0
35	801	0
321	1236	0
71	428	0
542	795	0
496	771	0
132	915	0
613	1388	0
246	83	0
461	166	0
317	948	0
242	1128	0
275	1066	0
529	1475	0
461	872	0
704	273	0
531	350	0
247	1083	0
10	167	0
703	521	0
538	1312	0
501	848	0
547	1116	0
243	1347	0
67	908	0
653	778	0
505	471	0
649	1239	0
510	1260	0
174	981	0
520	1248	0
258	1160	0
305	650	0
649	1412	0
381	1224	0
318	1445	0
334	143	0
398	157	0
149	220	0
193	1139	0
608	1457	0
240	1143	0
565	857	0
209	275	0
12	255	0
601	85	0
54	639	0
51	926	0
701	1265	0
415	302	0
533	1219	0
545	894	0
504	730	0
77	816	0
421	425	0
42	716	0
82	895	0
243	1104	0
210	315	0
164	779	0
133	1030	0
216	385	0
64	1385	0
523	1310	0
166	720	0
168	9	0
518	326	0
68	1285	0
267	1164	0
140	1224	0
603	122	0
449	25	0
61	1334	0
122	633	0
681	29	0
58	339	0
293	106	0
414	1344	0
597	792	0
335	511	0
190	1414	0
46	1002	0
209	333	0
39	32	0
492	558	0
593	1127	0
213	969	0
315	1287	0
694	880	0
590	969	0
276	327	0
401	694	0
321	977	0
321	637	0
544	1046	0
523	1468	0
679	918	0
525	496	0
544	112	0
175	1421	0
102	1109	0
18	1221	0
377	1083	0
533	102	0
444	380	0
275	1430	0
379	55	0
639	1060	0
33	1022	0
184	377	0
619	48	0
561	1401	0
243	946	0
645	548	0
564	538	0
270	460	0
576	482	0
238	249	0
511	93	0
393	979	0
491	1111	0
273	71	0
103	1305	0
631	1188	0
149	507	0
589	605	0
539	1415	0
600	948	0
321	1033	0
650	886	0
147	1208	0
160	82	0
668	18	0
505	289	0
394	709	0
454	1214	0
585	997	0
614	1207	0
175	1137	0
32	675	0
521	10	0
238	695	0
514	1294	0
635	309	0
69	372	0
523	1123	0
312	890	0
540	828	0
238	510	0
135	655	0
408	963	0
104	88	0
575	1442	0
393	277	0
36	360	0
385	1256	0
256	428	0
198	1368	0
554	1200	0
354	175	0
638	568	0
512	12	0
701	712	0
613	1444	0
501	794	0
204	1297	0
451	940	0
699	1398	0
322	56	0
390	355	0
593	485	0
20	377	0
288	1506	0
401	992	0
660	252	0
490	661	0
642	392	0
107	1347	0
562	58	0
232	612	0
661	971	0
425	1391	0
704	750	0
199	1160	0
341	27	0
424	1425	0
340	396	0
218	144	0
618	1019	0
560	424	0
128	1327	0
367	280	0
470	474	0
346	803	0
313	29	0
578	856	0
653	599	0
282	938	0
91	1071	0
158	634	0
14	1456	0
211	282	0
91	399	0
544	1378	0
252	1283	0
400	1203	0
120	340	0
48	1445	0
118	1378	0
471	1468	0
160	1314	0
548	381	0
273	266	0
279	163	0
275	1157	0
114	1317	0
2	1191	0
11	1325	0
353	1256	0
6	1442	0
87	1046	0
469	1098	0
249	403	0
368	1468	0
335	479	0
98	253	0
283	846	0
20	1139	0
399	43	0
110	836	0
536	367	0
88	571	0
367	760	0
508	1060	0
16	1056	0
675	256	0
5	616	0
590	310	0
655	1200	0
124	1110	0
231	1292	0
562	376	0
6	344	0
430	1425	0
320	38	0
676	220	0
41	499	0
376	1386	0
528	1367	0
115	117	0
430	1372	0
326	325	0
371	936	0
482	381	0
707	610	0
173	1118	0
101	321	0
328	458	0
330	1031	0
577	447	0
169	1435	0
2	1320	0
374	971	0
114	994	0
624	723	0
600	833	0
158	1339	0
189	440	0
132	600	0
150	235	0
517	1402	0
639	333	0
625	884	0
567	1325	0
642	480	0
609	329	0
472	885	0
225	413	0
121	759	0
41	150	0
358	1217	0
252	1040	0
11	1085	0
115	329	0
131	1164	0
278	1480	0
486	1111	0
406	1104	0
306	195	0
149	1325	0
652	215	0
133	12	0
312	1467	0
214	33	0
242	1401	0
176	133	0
48	770	0
574	543	0
235	339	0
386	1246	0
63	635	0
104	1044	0
613	845	0
10	772	0
577	859	0
602	669	0
563	708	0
498	678	0
46	357	0
521	518	0
71	548	0
246	1150	0
35	1082	0
470	920	0
526	816	0
704	27	0
351	99	0
36	575	0
158	1312	0
404	577	0
654	1221	0
24	100	0
407	1062	0
312	280	0
700	1175	0
425	1339	0
234	1055	0
627	932	0
598	624	0
15	200	0
34	1398	0
465	1153	0
581	433	0
456	249	0
651	85	0
618	436	0
226	1375	0
549	522	0
564	632	0
157	357	0
333	102	0
382	1103	0
564	289	0
487	1443	0
58	517	0
516	160	0
657	576	0
49	455	0
337	352	0
344	1485	0
476	1362	0
257	1414	0
69	1125	0
601	914	0
341	573	0
488	894	0
289	129	0
118	31	0
480	918	0
382	1053	0
574	604	0
471	1057	0
648	847	0
118	1340	0
636	729	0
71	1201	0
149	492	0
659	790	0
241	667	0
229	1044	0
569	1169	0
34	649	0
384	309	0
514	33	0
128	1145	0
285	55	0
627	466	0
221	387	0
561	746	0
161	372	0
574	1365	0
536	600	0
114	271	0
695	1145	0
203	554	0
646	895	0
294	1026	0
506	284	0
386	37	0
309	722	0
298	371	0
509	38	0
50	1394	0
171	156	0
150	348	0
264	910	0
625	861	0
205	789	0
244	865	0
132	1071	0
133	76	0
620	962	0
560	2	0
158	662	0
15	566	0
238	1382	0
421	1118	0
380	789	0
217	1034	0
566	1098	0
106	1072	0
255	518	0
459	1135	0
409	232	0
127	1224	0
576	259	0
112	1282	0
483	522	0
676	401	0
433	879	0
43	388	0
430	1037	0
455	400	0
620	277	0
337	1352	0
35	1194	0
590	413	0
563	1127	0
349	478	0
193	293	0
315	1037	0
286	1276	0
671	1191	0
189	762	0
297	23	0
140	18	0
265	1287	0
544	1093	0
140	1198	0
660	317	0
163	200	0
328	402	0
83	828	0
456	1153	0
50	43	0
402	1084	0
440	158	0
217	43	0
658	620	0
378	813	0
551	260	0
303	1320	0
449	1391	0
521	562	0
148	743	0
160	114	0
417	1327	0
467	905	0
290	338	0
259	1501	0
368	287	0
65	32	0
222	498	0
439	1502	0
376	686	0
562	1452	0
49	107	0
619	1272	0
203	1163	0
353	1273	0
407	175	0
151	438	0
150	817	0
343	330	0
134	71	0
19	1025	0
354	935	0
510	1016	0
432	1382	0
423	1081	0
509	857	0
672	342	0
615	689	0
402	1055	0
255	1326	0
602	354	0
155	1419	0
656	328	0
485	863	0
6	1017	0
620	532	0
653	610	0
16	1468	0
142	40	0
39	25	0
392	1002	0
254	166	0
124	59	0
274	562	0
49	1114	0
497	1444	0
40	1045	0
69	1098	0
262	485	0
240	798	0
619	1324	0
399	144	0
628	1195	0
569	304	0
318	1289	0
513	454	0
277	1007	0
205	1491	0
407	721	0
340	410	0
689	934	0
671	1403	0
356	1074	0
244	558	0
130	1253	0
325	1366	0
575	517	0
257	1355	0
104	765	0
111	779	0
313	1243	0
167	1236	0
128	370	0
254	410	0
677	204	0
484	954	0
159	1272	0
199	1342	0
68	1287	0
288	1199	0
173	431	0
697	1356	0
300	600	0
496	995	0
159	169	0
434	419	0
291	593	0
402	114	0
654	872	0
169	886	0
672	24	0
55	691	0
166	335	0
38	1214	0
337	55	0
97	536	0
133	1492	0
61	256	0
98	988	0
81	164	0
282	1277	0
569	324	0
304	1144	0
108	1403	0
149	916	0
482	540	0
635	306	0
79	1187	0
484	681	0
613	645	0
372	321	0
138	475	0
10	328	0
186	1137	0
687	1111	0
242	599	0
488	1332	0
438	973	0
276	1005	0
3	43	0
522	7	0
601	337	0
296	439	0
448	123	0
616	449	0
296	473	0
132	363	0
702	394	0
133	887	0
547	997	0
691	1139	0
254	1374	0
443	1287	0
109	52	0
38	1020	0
170	492	0
375	1286	0
208	95	0
439	495	0
527	961	0
55	333	0
603	294	0
143	742	0
600	1265	0
641	89	0
596	413	0
403	551	0
353	108	0
38	175	0
310	682	0
664	537	0
637	1187	0
427	1224	0
118	668	0
559	1072	0
428	566	0
155	1182	0
246	1235	0
366	1216	0
535	599	0
292	1209	0
422	672	0
550	1141	0
352	406	0
432	1313	0
218	902	0
658	1504	0
158	1236	0
469	12	0
256	1454	0
98	1047	0
376	981	0
573	1465	0
22	300	0
248	313	0
458	987	0
50	1021	0
274	1130	0
614	267	0
328	603	0
698	638	0
277	1413	0
166	1080	0
324	1334	0
638	479	0
271	280	0
216	911	0
638	525	0
378	1136	0
659	676	0
248	388	0
684	536	0
219	540	0
248	913	0
10	1316	0
423	341	0
578	1256	0
277	1041	0
320	262	0
97	953	0
682	452	0
343	1487	0
388	1236	0
20	238	0
354	186	0
624	36	0
443	1061	0
242	182	0
12	1125	0
529	665	0
638	1139	0
70	493	0
370	954	0
239	518	0
452	865	0
600	794	0
457	1398	0
421	933	0
497	1421	0
258	1477	0
159	198	0
618	1419	0
416	906	0
52	189	0
310	1324	0
203	999	0
540	859	0
390	216	0
75	763	0
362	174	0
327	1292	0
42	525	0
558	960	0
92	922	0
263	339	0
174	1283	0
176	634	0
512	637	0
0	1314	0
643	652	0
388	732	0
341	943	0
542	1128	0
110	1055	0
540	392	0
190	258	0
114	563	0
122	358	0
622	1418	0
116	1319	0
133	1230	0
175	843	0
254	684	0
25	1115	0
649	29	0
199	208	0
679	1323	0
320	237	0
487	934	0
700	324	0
444	52	0
642	429	0
449	783	0
241	896	0
157	824	0
582	818	0
658	890	0
613	38	0
184	1287	0
597	176	0
514	1279	0
573	457	0
501	287	0
279	583	0
401	650	0
414	1152	0
607	798	0
36	569	0
95	1473	0
567	931	0
3	629	0
13	296	0
249	1054	0
687	138	0
671	750	0
360	1227	0
337	599	0
58	947	0
660	1262	0
201	1268	0
586	1152	0
226	1302	0
188	718	0
242	1363	0
552	1329	0
686	1122	0
92	1321	0
343	710	0
380	62	0
556	1432	0
542	178	0
264	668	0
181	869	0
68	762	0
106	363	0
241	596	0
13	344	0
34	212	0
565	215	0
232	1149	0
403	959	0
472	750	0
673	1342	0
325	798	0
292	698	0
347	97	0
543	929	0
269	833	0
613	589	0
228	461	0
448	554	0
509	796	0
220	348	0
311	505	0
257	1168	0
706	570	0
346	1483	0
450	1260	0
685	125	0
508	1210	0
595	1164	0
451	615	0
115	558	0
212	630	0
521	409	0
487	1217	0
365	65	0
422	760	0
639	245	0
458	990	0
304	865	0
297	1388	0
575	222	0
199	1202	0
491	18	0
681	951	0
503	1216	0
120	918	0
401	1270	0
672	115	0
136	13	0
315	90	0
155	1206	0
547	478	0
442	379	0
47	1129	0
220	392	0
437	220	0
505	241	0
40	547	0
147	34	0
685	79	0
374	806	0
370	1233	0
10	80	0
442	503	0
664	1181	0
138	1470	0
536	352	0
439	835	0
346	1248	0
212	604	0
350	1250	0
408	198	0
194	882	0
570	746	0
205	1252	0
401	147	0
280	106	0
683	442	0
46	1270	0
420	1292	0
575	538	0
26	368	0
485	670	0
180	299	0
524	929	0
559	247	0
319	1241	0
488	417	0
178	1472	0
552	1052	0
188	612	0
4	382	0
608	1109	0
3	1131	0
350	881	0
313	61	0
200	1390	0
620	1092	0
507	295	0
345	785	0
662	1069	0
191	1227	0
493	1487	0
628	1156	0
414	1446	0
22	610	0
300	870	0
664	750	0
239	755	0
139	1196	0
35	451	0
510	249	0
219	267	0
671	1465	0
700	696	0
639	1009	0
437	708	0
484	228	0
606	360	0
460	1165	0
429	728	0
458	982	0
412	743	0
350	428	0
202	564	0
553	1401	0
180	1199	0
290	1138	0
200	179	0
536	517	0
133	1247	0
677	1033	0
452	1014	0
491	197	0
42	133	0
585	1158	0
40	719	0
88	811	0
168	461	0
179	774	0
179	814	0
20	215	0
672	328	0
12	1002	0
404	409	0
248	1072	0
542	1142	0
569	1297	0
14	377	0
313	250	0
50	518	0
271	665	0
315	910	0
591	320	0
586	277	0
646	1224	0
536	694	0
448	259	0
61	1405	0
41	641	0
370	885	0
547	296	0
306	1039	0
257	247	0
482	467	0
406	956	0
447	949	0
275	1328	0
7	204	0
220	221	0
663	1407	0
187	1281	0
137	952	0
100	410	0
386	1052	0
526	915	0
359	450	0
35	397	0
110	1089	0
678	1207	0
449	203	0
30	237	0
368	844	0
487	824	0
703	1031	0
242	1424	0
55	1403	0
491	673	0
206	383	0
666	1494	0
290	1345	0
187	41	0
292	1359	0
111	471	0
329	222	0
351	543	0
249	1013	0
672	1353	0
350	1036	0
378	1374	0
188	532	0
561	1489	0
228	1046	0
247	237	0
429	1168	0
108	618	0
96	44	0
399	177	0
72	1033	0
281	43	0
304	68	0
629	811	0
425	189	0
53	475	0
586	1055	0
295	874	0
214	665	0
339	1270	0
496	1041	0
490	1417	0
442	823	0
175	967	0
365	1390	0
629	1432	0
476	290	0
692	177	0
563	160	0
269	1015	0
119	37	0
680	381	0
128	1172	0
141	600	0
610	624	0
350	406	0
239	623	0
207	189	0
397	279	0
588	639	0
175	459	0
637	491	0
98	1446	0
224	267	0
329	1042	0
265	1077	0
550	1452	0
690	1037	0
423	540	0
700	719	0
266	215	0
55	513	0
702	357	0
314	1010	0
667	605	0
187	1111	0
229	1453	0
458	434	0
26	473	0
616	135	0
687	538	0
31	757	0
384	1287	0
252	1270	0
646	1154	0
505	83	0
405	57	0
666	923	0
376	535	0
72	1453	0
559	113	0
338	1166	0
424	153	0
601	735	0
303	1346	0
526	679	0
130	31	0
8	717	0
706	26	0
10	935	0
581	1205	0
649	1153	0
194	343	0
698	330	0
4	1209	0
648	1277	0
76	470	0
431	318	0
61	1121	0
612	333	0
365	1012	0
288	1479	0
651	240	0
72	271	0
157	45	0
54	705	0
9	1473	0
671	46	0
151	430	0
291	1061	0
234	435	0
691	1268	0
17	1155	0
512	643	0
696	648	0
123	93	0
694	1366	0
367	1281	0
536	729	0
265	274	0
155	659	0
566	3	0
514	1021	0
377	886	0
127	719	0
189	868	0
706	854	0
408	759	0
49	380	0
637	353	0
548	282	0
13	1307	0
331	1153	0
654	1139	0
469	31	0
418	426	0
292	470	0
87	810	0
419	824	0
250	886	0
324	1481	0
256	942	0
330	1166	0
372	1496	0
483	1399	0
536	1210	0
651	97	0
87	1180	0
461	1060	0
509	289	0
391	1071	0
291	964	0
412	331	0
697	549	0
624	1313	0
645	1033	0
459	823	0
305	105	0
327	708	0
675	587	0
542	425	0
355	1003	0
668	958	0
312	1151	0
609	340	0
624	101	0
346	523	0
703	1040	0
611	787	0
209	1277	0
584	923	0
328	1306	0
129	457	0
326	574	0
77	905	0
675	1474	0
328	1210	0
588	864	0
500	946	0
414	968	0
532	602	0
363	608	0
402	1397	0
665	637	0
597	315	0
577	699	0
0	542	0
462	1042	0
169	387	0
538	868	0
487	270	0
213	1199	0
460	492	0
248	151	0
439	242	0
341	1170	0
528	349	0
508	97	0
695	457	0
462	1488	0
215	1199	0
485	567	0
383	1085	0
264	1130	0
370	823	0
651	842	0
202	1352	0
106	596	0
457	415	0
662	1159	0
688	1148	0
99	371	0
149	689	0
38	959	0
445	1494	0
42	1437	0
456	108	0
540	1095	0
162	1111	0
171	157	0
270	1271	0
516	1444	0
113	749	0
166	667	0
367	1154	0
416	498	0
102	434	0
569	1381	0
696	443	0
429	1335	0
195	617	0
46	425	0
505	1064	0
522	1	0
647	1075	0
113	693	0
131	242	0
527	763	0
66	1278	0
111	133	0
24	863	0
542	57	0
25	494	0
690	1506	0
144	676	0
162	721	0
612	747	0
402	515	0
326	528	0
653	806	0
250	884	0
145	845	0
261	1239	0
437	694	0
255	195	0
447	1250	0
392	629	0
58	1421	0
102	982	0
557	1332	0
196	387	0
698	15	0
93	767	0
607	1432	0
129	82	0
589	686	0
389	1065	0
680	20	0
342	1169	0
593	672	0
470	324	0
54	1358	0
625	489	0
653	1352	0
355	1261	0
179	286	0
166	470	0
661	223	0
122	19	0
648	1344	0
302	319	0
670	1060	0
13	439	0
392	582	0
56	1384	0
592	1001	0
136	952	0
90	1268	0
382	904	0
439	1361	0
82	864	0
528	1066	0
17	14	0
596	59	0
311	1095	0
31	186	0
578	541	0
529	1093	0
581	1294	0
247	682	0
692	84	0
272	742	0
423	897	0
197	1215	0
258	839	0
696	1351	0
27	890	0
447	1180	0
178	731	0
249	974	0
621	795	0
251	447	0
615	1024	0
29	1269	0
152	746	0
634	937	0
411	575	0
492	833	0
321	258	0
387	1468	0
534	156	0
661	1243	0
436	875	0
370	371	0
481	664	0
463	1264	0
203	819	0
290	1107	0
661	737	0
602	1249	0
597	282	0
187	680	0
403	3	0
501	580	0
375	276	0
681	443	0
359	955	0
655	1075	0
479	769	0
695	526	0
558	1044	0
625	984	0
496	680	0
404	377	0
554	1498	0
704	315	0
452	969	0
565	669	0
353	371	0
216	586	0
203	495	0
10	1404	0
252	825	0
613	494	0
196	279	0
193	905	0
250	44	0
400	410	0
658	889	0
427	1354	0
231	1244	0
81	1381	0
623	269	0
165	1109	0
57	1484	0
581	1296	0
628	1236	0
174	1245	0
510	272	0
648	62	0
546	1262	0
198	1221	0
8	1127	0
449	729	0
247	1011	0
12	225	0
565	822	0
682	952	0
372	646	0
659	393	0
232	256	0
96	830	0
314	1337	0
189	1036	0
3	1427	0
57	1242	0
51	1231	0
229	1207	0
472	682	0
1	1104	0
382	690	0
195	652	0
288	896	0
245	1236	0
154	933	0
523	1150	0
70	1164	0
642	329	0
588	399	0
429	1109	0
208	1235	0
149	1188	0
87	403	0
216	48	0
165	139	0
394	747	0
513	290	0
227	1180	0
521	787	0
593	1335	0
123	945	0
414	958	0
326	247	0
485	914	0
346	63	0
37	1125	0
343	1014	0
613	480	0
601	350	0
655	1497	0
639	973	0
68	462	0
173	164	0
174	27	0
344	438	0
253	1005	0
660	1487	0
210	1209	0
256	429	0
229	802	0
370	958	0
85	901	0
236	376	0
310	1413	0
411	1327	0
240	975	0
237	391	0
150	1134	0
394	893	0
100	259	0
144	1255	0
321	142	0
519	662	0
360	1220	0
669	138	0
619	340	0
136	654	0
404	531	0
107	999	0
129	1044	0
21	1372	0
261	681	0
8	1094	0
430	18	0
139	1105	0
184	156	0
127	369	0
437	827	0
444	1387	0
341	592	0
526	1359	0
703	517	0
383	428	0
642	1447	0
270	674	0
347	178	0
52	753	0
645	177	0
608	365	0
193	984	0
60	658	0
562	1361	0
624	316	0
74	1397	0
588	530	0
93	353	0
361	592	0
637	1374	0
42	256	0
365	104	0
259	492	0
653	650	0
339	1330	0
213	1373	0
234	1346	0
391	520	0
184	252	0
3	1262	0
268	1414	0
286	1335	0
135	1132	0
245	1393	0
468	734	0
210	751	0
476	608	0
76	642	0
160	129	0
128	561	0
61	1395	0
48	1453	0
239	368	0
146	275	0
449	163	0
191	499	0
672	991	0
683	1112	0
577	1491	0
48	1289	0
291	376	0
47	1277	0
483	689	0
614	407	0
650	1468	0
452	404	0
137	953	0
4	968	0
386	555	0
651	587	0
363	546	0
320	481	0
393	297	0
351	1178	0
341	160	0
555	449	0
295	1395	0
168	528	0
71	502	0
396	220	0
428	1198	0
78	756	0
418	699	0
696	1381	0
207	939	0
129	218	0
462	731	0
337	366	0
459	179	0
43	754	0
508	359	0
643	1089	0
626	463	0
642	334	0
405	664	0
55	335	0
288	1286	0
460	913	0
171	1494	0
72	719	0
78	1511	0
253	614	0
383	1103	0
316	1439	0
141	1357	0
149	504	0
297	394	0
426	1249	0
288	537	0
198	493	0
425	575	0
331	392	0
236	802	0
223	309	0
361	649	0
74	1372	0
502	755	0
470	149	0
43	1409	0
185	1334	0
557	907	0
297	1494	0
85	1217	0
510	1313	0
499	245	0
125	902	0
294	1128	0
681	1462	0
53	1073	0
238	1324	0
104	1438	0
271	204	0
255	228	0
434	681	0
466	747	0
25	1465	0
3	618	0
614	425	0
622	797	0
382	756	0
620	804	0
73	244	0
145	592	0
209	73	0
634	396	0
116	150	0
209	276	0
682	841	0
184	918	0
254	787	0
191	1466	0
86	1167	0
105	461	0
390	1240	0
560	1219	0
683	279	0
56	1420	0
77	1425	0
559	1076	0
317	566	0
350	1287	0
570	1422	0
98	1072	0
556	859	0
212	35	0
327	346	0
597	566	0
300	593	0
637	910	0
454	1121	0
96	290	0
559	770	0
67	1085	0
224	833	0
16	346	0
370	436	0
507	1245	0
627	799	0
483	797	0
382	81	0
6	1288	0
357	386	0
705	436	0
33	341	0
348	418	0
278	662	0
632	389	0
393	306	0
563	1318	0
19	545	0
455	1000	0
274	777	0
417	642	0
525	1051	0
670	238	0
704	1010	0
681	450	0
590	853	0
304	1065	0
607	1022	0
345	11	0
330	1388	0
209	211	0
3	799	0
159	775	0
307	1061	0
356	756	0
150	1052	0
97	1439	0
406	1300	0
79	76	0
5	396	0
37	1004	0
460	1333	0
239	853	0
699	305	0
83	76	0
504	974	0
421	121	0
114	119	0
33	1257	0
127	1481	0
42	184	0
125	1438	0
177	155	0
71	1067	0
347	1255	0
10	984	0
666	250	0
592	1291	0
265	178	0
309	942	0
683	297	0
575	731	0
21	714	0
218	18	0
461	961	0
671	1087	0
634	407	0
172	1424	0
100	1096	0
320	986	0
441	1411	0
85	805	0
332	1028	0
506	1183	0
74	280	0
174	607	0
48	879	0
72	1031	0
135	114	0
204	47	0
236	1244	0
296	1011	0
377	364	0
576	1194	0
408	617	0
560	1024	0
226	129	0
254	831	0
267	194	0
508	975	0
594	131	0
638	1492	0
160	141	0
5	1050	0
83	855	0
614	6	0
584	1295	0
266	735	0
149	188	0
277	1180	0
104	566	0
194	1456	0
378	1027	0
362	784	0
650	113	0
116	1291	0
574	468	0
435	852	0
578	890	0
651	614	0
453	1093	0
636	1281	0
105	46	0
593	1204	0
197	1430	0
175	867	0
17	811	0
318	529	0
182	1138	0
57	1209	0
397	315	0
700	235	0
274	408	0
218	1150	0
706	654	0
602	305	0
0	798	0
159	86	0
209	1070	0
279	590	0
671	832	0
450	1272	0
43	534	0
346	707	0
30	782	0
473	1311	0
681	710	0
71	1395	0
447	1210	0
96	679	0
603	136	0
253	1231	0
274	1274	0
609	978	0
172	1345	0
328	1066	0
644	618	0
140	234	0
544	346	0
242	921	0
376	474	0
630	1356	0
253	1363	0
75	1023	0
134	1387	0
334	1034	0
167	1210	0
509	41	0
370	255	0
234	467	0
439	570	0
221	909	0
278	346	0
417	1110	0
76	13	0
2	57	0
246	863	0
484	291	0
276	401	0
523	1478	0
143	991	0
139	514	0
49	1426	0
117	501	0
466	230	0
211	1368	0
704	418	0
642	1018	0
301	839	0
571	266	0
132	873	0
603	923	0
75	439	0
18	359	0
265	267	0
26	854	0
81	503	0
551	688	0
460	158	0
512	1063	0
525	1213	0
209	1099	0
212	505	0
38	17	0
382	912	0
632	472	0
425	281	0
157	759	0
704	456	0
127	120	0
129	11	0
506	691	0
36	1236	0
456	1499	0
439	871	0
516	1334	0
184	980	0
403	198	0
72	558	0
389	1206	0
200	772	0
472	531	0
421	493	0
128	263	0
559	258	0
120	670	0
628	1333	0
308	1029	0
158	293	0
659	531	0
434	125	0
432	117	0
293	1320	0
569	1362	0
591	769	0
577	1323	0
46	828	0
1	589	0
33	355	0
8	1095	0
360	807	0
102	669	0
567	1205	0
255	552	0
202	1235	0
31	738	0
275	549	0
625	1196	0
33	1258	0
679	753	0
55	1085	0
377	1389	0
569	1178	0
238	1183	0
485	1131	0
55	218	0
355	764	0
430	451	0
358	1317	0
572	1065	0
427	1329	0
69	488	0
412	1055	0
412	235	0
20	1348	0
502	950	0
95	210	0
180	222	0
381	851	0
351	390	0
240	1145	0
642	28	0
257	1141	0
25	1438	0
151	946	0
223	57	0
646	61	0
210	1024	0
431	1154	0
519	515	0
199	919	0
664	225	0
13	304	0
571	741	0
552	388	0
632	642	0
225	446	0
422	135	0
517	563	0
35	358	0
622	1144	0
599	1167	0
423	142	0
124	831	0
93	1102	0
534	918	0
153	667	0
291	1449	0
254	530	0
441	882	0
641	1230	0
642	1468	0
605	1500	0
491	1034	0
604	128	0
212	487	0
224	1382	0
705	750	0
126	1353	0
533	856	0
586	1392	0
312	809	0
55	155	0
268	148	0
663	370	0
646	1281	0
691	230	0
663	261	0
301	1399	0
670	1016	0
28	1327	0
468	595	0
655	1460	0
462	1324	0
286	818	0
208	746	0
151	166	0
509	1488	0
164	373	0
15	1007	0
197	258	0
58	1062	0
575	1331	0
373	1269	0
42	1180	0
176	577	0
505	1030	0
378	254	0
704	1178	0
450	878	0
402	798	0
501	1020	0
5	1417	0
267	870	0
133	64	0
444	909	0
287	422	0
403	23	0
393	202	0
334	1027	0
431	1306	0
198	878	0
176	483	0
464	559	0
668	1139	0
299	1390	0
361	102	0
86	360	0
79	18	0
46	192	0
65	933	0
492	815	0
192	529	0
581	1501	0
393	1332	0
41	952	0
112	761	0
332	18	0
570	1126	0
448	416	0
136	1093	0
229	1203	0
618	269	0
126	1126	0
689	158	0
178	418	0
16	637	0
506	776	0
611	503	0
568	358	0
518	803	0
300	616	0
220	702	0
80	1462	0
558	432	0
529	1135	0
98	216	0
467	213	0
702	412	0
454	248	0
142	345	0
141	94	0
467	1299	0
484	218	0
497	964	0
202	1408	0
6	95	0
457	656	0
30	1371	0
586	806	0
318	33	0
32	95	0
449	653	0
651	420	0
619	104	0
621	1487	0
500	50	0
662	451	0
68	1254	0
134	567	0
227	1450	0
647	246	0
37	44	0
493	425	0
387	1144	0
515	953	0
147	1472	0
46	1495	0
57	1041	0
478	1447	0
86	77	0
279	534	0
490	937	0
289	382	0
170	499	0
74	742	0
411	391	0
475	480	0
659	1106	0
79	47	0
387	1204	0
683	67	0
685	1154	0
584	432	0
646	915	0
168	1242	0
560	639	0
513	388	0
614	702	0
583	1416	0
180	255	0
383	1293	0
241	1157	0
37	26	0
397	345	0
381	303	0
262	114	0
572	489	0
471	538	0
395	459	0
518	1054	0
597	1106	0
204	1378	0
556	123	0
523	67	0
148	871	0
236	245	0
226	141	0
232	1104	0
564	855	0
392	136	0
459	1131	0
475	36	0
465	467	0
212	1070	0
555	56	0
611	23	0
328	483	0
520	1091	0
207	1489	0
438	91	0
689	1440	0
105	916	0
645	1268	0
593	1156	0
479	1177	0
55	75	0
62	1414	0
301	650	0
94	1144	0
0	446	0
225	558	0
345	1475	0
386	365	0
473	516	0
279	128	0
450	909	0
83	12	0
68	133	0
5	750	0
262	713	0
265	1375	0
246	9	0
108	13	0
59	103	0
17	147	0
692	1410	0
255	952	0
363	320	0
79	212	0
182	1097	0
344	452	0
585	985	0
345	123	0
474	355	0
398	989	0
457	40	0
417	877	0
699	581	0
106	628	0
435	19	0
230	870	0
273	1418	0
192	27	0
648	726	0
236	973	0
2	480	0
15	973	0
695	1267	0
576	856	0
338	100	0
149	656	0
567	1125	0
523	1027	0
630	219	0
344	1383	0
300	1441	0
236	920	0
405	945	0
330	1217	0
44	1483	0
3	1412	0
554	22	0
184	1511	0
362	1159	0
653	314	0
500	605	0
8	912	0
85	76	0
506	20	0
450	188	0
621	184	0
309	1333	0
213	5	0
471	1443	0
654	1261	0
483	1103	0
535	1237	0
552	256	0
72	645	0
111	276	0
486	1326	0
518	1391	0
656	1072	0
180	823	0
498	54	0
350	1053	0
12	130	0
701	1193	0
249	531	0
48	739	0
346	691	0
211	1130	0
121	737	0
134	1066	0
323	953	0
473	1337	0
394	1511	0
383	185	0
125	683	0
507	461	0
172	704	0
175	808	0
161	763	0
543	493	0
366	1220	0
625	483	0
37	1118	0
108	164	0
219	1033	0
671	420	0
264	778	0
259	521	0
92	178	0
386	568	0
386	297	0
590	962	0
412	1226	0
182	1511	0
349	748	0
244	935	0
379	717	0
229	1289	0
381	1237	0
699	1297	0
522	314	0
197	1333	0
318	222	0
684	1148	0
358	736	0
312	1081	0
365	1381	0
682	1172	0
329	1374	0
353	706	0
392	935	0
24	183	0
310	1246	0
70	617	0
56	1021	0
658	211	0
0	1096	0
12	1077	0
421	228	0
350	554	0
481	1359	0
307	283	0
304	1079	0
572	1202	0
162	1354	0
388	501	0
211	553	0
44	1055	0
238	846	0
107	881	0
345	222	0
370	481	0
371	627	0
234	10	0
80	973	0
382	1012	0
655	490	0
604	1268	0
508	396	0
315	548	0
668	1504	0
645	218	0
99	135	0
105	540	0
332	105	0
138	562	0
227	954	0
456	693	0
387	1306	0
360	837	0
575	273	0
474	1376	0
485	166	0
332	886	0
115	1061	0
360	1009	0
180	755	0
100	180	0
212	652	0
450	1133	0
612	393	0
8	159	0
540	657	0
276	49	0
5	1499	0
103	348	0
92	1092	0
513	651	0
411	1509	0
270	526	0
601	1000	0
71	891	0
260	1274	0
515	509	0
367	1235	0
134	714	0
608	251	0
417	1029	0
165	1489	0
421	1397	0
349	1099	0
650	1379	0
303	1118	0
299	1236	0
240	39	0
626	1485	0
137	808	0
110	1030	0
615	275	0
448	1033	0
643	885	0
216	1311	0
320	1456	0
517	896	0
106	162	0
581	546	0
514	1	0
510	103	0
235	593	0
625	1069	0
136	1447	0
702	178	0
681	318	0
318	1116	0
435	532	0
116	533	0
573	1338	0
391	66	0
463	554	0
263	1191	0
624	251	0
84	476	0
65	1108	0
319	273	0
120	752	0
155	527	0
460	942	0
692	209	0
556	987	0
191	811	0
183	469	0
288	609	0
200	1220	0
534	636	0
401	1148	0
488	963	0
432	1247	0
680	267	0
427	0	0
283	118	0
353	1505	0
273	242	0
190	749	0
605	1009	0
531	907	0
51	1210	0
375	205	0
173	69	0
265	202	0
328	796	0
686	565	0
154	43	0
194	1031	0
528	1094	0
62	604	0
346	370	0
287	941	0
603	690	0
271	29	0
544	391	0
55	907	0
639	1471	0
681	1452	0
153	117	0
428	977	0
2	371	0
671	689	0
336	380	0
191	1325	0
28	424	0
142	1146	0
192	854	0
193	356	0
479	116	0
445	1088	0
182	108	0
638	1382	0
230	34	0
445	1413	0
130	1090	0
437	1235	0
406	564	0
463	488	0
350	210	0
623	94	0
566	609	0
689	365	0
659	1188	0
672	428	0
98	39	0
571	563	0
136	702	0
677	1042	0
421	264	0
370	1459	0
261	377	0
106	114	0
255	606	0
2	479	0
435	74	0
684	996	0
559	1365	0
298	969	0
103	887	0
432	958	0
446	16	0
531	639	0
573	696	0
544	334	0
142	1242	0
482	925	0
483	608	0
113	1128	0
627	344	0
349	1187	0
424	944	0
252	810	0
516	234	0
324	791	0
509	1233	0
210	1207	0
640	1303	0
61	399	0
305	612	0
15	1060	0
371	315	0
301	649	0
671	1361	0
83	786	0
635	602	0
624	491	0
495	722	0
259	87	0
603	752	0
268	1504	0
233	1052	0
221	199	0
510	675	0
127	1340	0
595	355	0
271	1384	0
261	1134	0
35	953	0
324	1225	0
533	267	0
337	193	0
174	1286	0
77	707	0
456	1392	0
379	142	0
428	365	0
486	569	0
427	1013	0
189	155	0
461	1204	0
385	120	0
623	1363	0
30	643	0
272	290	0
680	56	0
556	776	0
380	350	0
395	817	0
83	935	0
530	445	0
528	794	0
692	540	0
491	326	0
158	938	0
89	1225	0
197	822	0
272	1403	0
9	984	0
113	427	0
306	197	0
323	674	0
141	1501	0
14	1065	0
512	426	0
478	1509	0
618	874	0
510	503	0
211	1003	0
148	623	0
397	91	0
546	120	0
132	953	0
517	283	0
459	1470	0
192	721	0
310	760	0
244	520	0
650	852	0
318	1264	0
228	281	0
568	941	0
248	1156	0
9	1362	0
156	495	0
693	389	0
695	704	0
181	1138	0
520	306	0
197	1462	0
458	152	0
43	221	0
663	407	0
42	720	0
313	485	0
81	917	0
389	1215	0
330	4	0
220	1266	0
636	1094	0
187	434	0
482	1168	0
27	658	0
552	712	0
607	1080	0
343	1395	0
504	140	0
463	1499	0
523	901	0
245	166	0
454	883	0
620	1117	0
201	558	0
53	305	0
665	1118	0
483	174	0
231	253	0
488	1309	0
59	99	0
117	724	0
449	1409	0
316	1174	0
527	143	0
10	670	0
69	984	0
509	90	0
514	681	0
493	1435	0
207	1316	0
220	591	0
35	1058	0
435	1393	0
133	424	0
682	1157	0
251	480	0
465	1376	0
703	513	0
276	854	0
7	1024	0
636	1025	0
173	837	0
344	249	0
383	1104	0
170	1250	0
577	1379	0
624	364	0
402	961	0
540	776	0
616	1402	0
554	793	0
353	651	0
54	657	0
667	1127	0
343	1370	0
342	485	0
575	654	0
400	218	0
332	818	0
519	371	0
171	143	0
582	735	0
643	980	0
95	1037	0
293	990	0
251	868	0
365	1240	0
622	1344	0
159	903	0
368	226	0
224	737	0
192	86	0
215	937	0
36	824	0
128	347	0
658	290	0
136	1146	0
530	1395	0
84	1319	0
132	804	0
445	1349	0
690	596	0
575	962	0
196	945	0
408	99	0
440	932	0
563	764	0
572	612	0
146	552	0
159	211	0
264	837	0
106	347	0
602	42	0
423	779	0
677	368	0
266	1073	0
365	793	0
314	1160	0
68	1016	0
651	930	0
251	1455	0
133	38	0
233	752	0
4	521	0
156	588	0
453	713	0
450	1436	0
636	1024	0
206	1376	0
402	752	0
297	73	0
374	1443	0
47	838	0
150	612	0
428	390	0
688	1073	0
111	376	0
359	902	0
201	1008	0
460	187	0
211	435	0
172	128	0
227	1423	0
318	522	0
490	96	0
191	268	0
159	360	0
62	537	0
46	510	0
403	991	0
474	1468	0
120	1387	0
474	1487	0
97	1457	0
400	214	0
381	857	0
56	166	0
377	1356	0
630	504	0
661	511	0
308	916	0
150	1121	0
593	1491	0
603	989	0
580	323	0
502	1017	0
193	958	0
511	892	0
15	995	0
332	1015	0
364	366	0
223	1142	0
345	941	0
246	770	0
191	177	0
116	551	0
639	580	0
85	220	0
77	1448	0
470	133	0
506	615	0
532	954	0
446	139	0
20	1470	0
452	1133	0
689	1380	0
7	487	0
292	1341	0
479	206	0
671	1467	0
144	1016	0
212	582	0
552	796	0
203	90	0
571	264	0
666	640	0
539	1459	0
70	454	0
402	198	0
379	105	0
26	384	0
290	653	0
178	665	0
19	1111	0
465	784	0
353	279	0
601	521	0
460	498	0
73	1202	0
590	473	0
639	1050	0
154	753	0
411	1217	0
637	102	0
287	250	0
544	1332	0
183	1038	0
159	1325	0
38	1098	0
114	1293	0
400	680	0
631	759	0
566	622	0
384	1289	0
526	475	0
302	279	0
554	1101	0
567	1143	0
684	384	0
85	1452	0
482	416	0
335	149	0
161	1137	0
316	613	0
396	241	0
125	957	0
414	1482	0
643	985	0
663	677	0
258	159	0
135	392	0
20	156	0
684	8	0
270	1253	0
493	106	0
552	1466	0
626	66	0
366	246	0
291	847	0
175	493	0
8	239	0
570	945	0
302	1400	0
697	764	0
468	1104	0
517	361	0
326	649	0
328	1253	0
107	589	0
482	1305	0
282	389	0
652	374	0
435	976	0
638	810	0
358	1185	0
159	1245	0
84	700	0
373	1192	0
438	1255	0
277	1371	0
46	262	0
7	418	0
407	182	0
533	717	0
408	1005	0
174	1403	0
207	775	0
300	4	0
159	346	0
341	947	0
40	633	0
354	277	0
488	454	0
63	351	0
608	666	0
685	1291	0
140	893	0
707	958	0
41	1045	0
623	769	0
79	1036	0
675	1277	0
172	492	0
59	1420	0
405	1213	0
554	1470	0
200	430	0
40	1217	0
476	678	0
226	889	0
246	1205	0
466	697	0
58	641	0
667	211	0
696	187	0
482	777	0
383	1123	0
461	477	0
566	621	0
510	117	0
405	333	0
201	1277	0
370	1360	0
7	992	0
343	1483	0
389	48	0
123	814	0
30	900	0
356	522	0
637	825	0
389	1329	0
17	1088	0
362	1321	0
268	1196	0
170	766	0
598	215	0
591	6	0
275	487	0
700	17	0
159	1140	0
89	173	0
330	1147	0
202	1348	0
360	1431	0
261	469	0
73	329	0
345	28	0
426	951	0
256	1294	0
194	1472	0
264	417	0
620	1391	0
110	603	0
147	153	0
54	747	0
342	1324	0
502	38	0
653	0	0
483	627	0
39	1231	0
207	1161	0
276	361	0
593	1129	0
453	533	0
239	565	0
386	602	0
693	1030	0
345	133	0
488	986	0
252	305	0
637	269	0
96	785	0
583	1161	0
662	904	0
701	1380	0
133	943	0
697	1274	0
59	269	0
362	248	0
544	1	0
577	706	0
224	953	0
499	1206	0
557	889	0
74	876	0
449	1104	0
556	1318	0
298	1265	0
577	1291	0
480	669	0
271	251	0
559	980	0
480	431	0
690	1157	0
659	433	0
690	634	0
509	664	0
463	333	0
540	980	0
101	688	0
530	860	0
228	570	0
183	88	0
472	1228	0
25	905	0
35	303	0
451	147	0
677	1157	0
563	540	0
131	906	0
700	45	0
253	221	0
6	1171	0
383	190	0
388	946	0
119	1494	0
619	60	0
290	378	0
20	646	0
298	1143	0
324	517	0
304	1237	0
411	916	0
536	1070	0
229	655	0
121	81	0
44	407	0
368	644	0
656	1462	0
666	499	0
394	827	0
305	1253	0
343	505	0
283	1096	0
509	854	0
504	664	0
40	315	0
157	206	0
505	78	0
375	266	0
381	213	0
654	742	0
5	1075	0
300	1318	0
479	645	0
108	1411	0
506	201	0
634	1071	0
661	162	0
253	546	0
381	363	0
159	1433	0
358	261	0
395	1190	0
314	1268	0
706	496	0
446	929	0
592	85	0
150	1508	0
186	140	0
135	284	0
507	963	0
31	9	0
234	1003	0
572	847	0
59	1155	0
126	582	0
495	20	0
185	641	0
233	410	0
604	416	0
152	278	0
345	1080	0
138	635	0
423	1495	0
419	1001	0
70	968	0
106	1460	0
215	1304	0
543	1060	0
353	1244	0
684	756	0
8	460	0
537	1302	0
266	932	0
360	1360	0
35	247	0
244	1160	0
199	1141	0
340	1488	0
177	1251	0
409	1128	0
130	52	0
570	736	0
371	1075	0
703	894	0
30	1027	0
472	960	0
413	1339	0
507	140	0
295	1268	0
239	221	0
223	698	0
182	844	0
141	119	0
380	384	0
7	1014	0
40	143	0
19	644	0
486	301	0
562	433	0
25	1277	0
411	120	0
462	1362	0
368	345	0
401	356	0
545	1180	0
248	952	0
107	1479	0
490	1384	0
208	667	0
383	408	0
199	271	0
175	833	0
535	1238	0
521	268	0
526	997	0
20	828	0
506	705	0
340	183	0
663	1198	0
304	1233	0
227	68	0
512	1017	0
618	512	0
16	158	0
395	757	0
187	634	0
189	1413	0
337	73	0
506	785	0
429	907	0
319	1276	0
652	300	0
30	1130	0
355	129	0
196	528	0
655	94	0
225	573	0
47	354	0
198	1458	0
215	670	0
523	650	0
176	86	0
625	662	0
121	456	0
297	624	0
301	900	0
405	366	0
116	1012	0
176	312	0
675	1484	0
231	1253	0
699	1031	0
640	838	0
408	63	0
135	984	0
304	1098	0
175	737	0
663	1412	0
259	718	0
677	1053	0
703	784	0
454	991	0
107	1446	0
96	963	0
379	1383	0
582	1081	0
176	620	0
683	8	0
30	1127	0
387	739	0
106	625	0
247	1432	0
665	445	0
342	281	0
110	1390	0
68	1271	0
35	551	0
201	1448	0
109	1033	0
155	710	0
627	942	0
111	1176	0
454	1403	0
248	501	0
390	573	0
129	755	0
205	433	0
677	412	0
696	644	0
178	381	0
203	79	0
55	1440	0
630	1110	0
0	141	0
551	738	0
607	833	0
504	897	0
531	1410	0
617	590	0
473	840	0
610	1288	0
646	1007	0
176	1044	0
642	1196	0
438	196	0
339	1193	0
622	1473	0
249	799	0
259	187	0
210	692	0
622	1245	0
286	907	0
304	1072	0
409	1457	0
420	1483	0
266	1057	0
418	878	0
140	64	0
97	252	0
137	962	0
370	617	0
562	1421	0
366	227	0
462	1282	0
587	1152	0
366	1473	0
384	847	0
209	1389	0
617	1343	0
125	799	0
700	1028	0
165	1011	0
476	1504	0
462	1342	0
540	528	0
606	610	0
372	290	0
162	1205	0
391	39	0
572	326	0
630	945	0
113	1238	0
379	937	0
424	600	0
31	1026	0
113	359	0
512	1104	0
301	1047	0
108	126	0
448	4	0
446	137	0
55	637	0
678	799	0
266	1312	0
363	924	0
233	579	0
449	888	0
565	376	0
567	409	0
168	1504	0
669	85	0
627	134	0
553	198	0
464	944	0
278	783	0
364	723	0
77	977	0
462	415	0
528	42	0
374	1310	0
588	1153	0
467	68	0
628	1388	0
87	223	0
228	850	0
412	577	0
474	1167	0
158	178	0
0	13	0
269	750	0
322	97	0
142	446	0
462	1184	0
180	1298	0
622	1178	0
425	902	0
206	1105	0
384	469	0
301	818	0
16	189	0
75	681	0
466	665	0
536	214	0
216	825	0
460	69	0
124	1265	0
166	409	0
225	162	0
320	545	0
524	820	0
497	677	0
637	274	0
318	872	0
439	1480	0
545	638	0
217	1287	0
701	224	0
449	1395	0
679	793	0
423	1341	0
691	489	0
172	1195	0
572	1200	0
91	1228	0
447	719	0
338	1339	0
449	135	0
34	232	0
433	409	0
484	1106	0
260	56	0
301	273	0
578	1084	0
564	489	0
6	645	0
36	847	0
562	1380	0
436	1417	0
374	110	0
11	522	0
450	518	0
62	834	0
511	1098	0
424	595	0
494	1312	0
225	208	0
157	871	0
162	1382	0
249	413	0
701	1475	0
644	1240	0
280	548	0
564	762	0
418	1062	0
107	1016	0
87	1033	0
647	1227	0
650	250	0
692	198	0
322	1395	0
211	302	0
431	594	0
637	593	0
528	332	0
35	706	0
431	56	0
469	1057	0
56	74	0
480	340	0
40	1331	0
583	1167	0
56	261	0
520	1453	0
160	1307	0
671	1162	0
289	453	0
522	651	0
296	379	0
504	459	0
127	668	0
333	328	0
208	531	0
71	1262	0
160	445	0
572	607	0
705	1310	0
141	824	0
672	751	0
5	1457	0
57	17	0
288	624	0
45	864	0
638	88	0
257	647	0
240	597	0
345	527	0
601	1353	0
602	14	0
402	923	0
62	266	0
263	544	0
244	434	0
284	686	0
489	33	0
161	616	0
139	265	0
228	1408	0
663	1222	0
657	381	0
222	955	0
276	395	0
615	450	0
11	986	0
605	1504	0
230	681	0
180	269	0
450	134	0
384	1297	0
662	291	0
593	113	0
463	1010	0
458	1188	0
653	971	0
221	989	0
595	1365	0
16	104	0
589	532	0
62	870	0
456	605	0
156	1077	0
337	1377	0
422	519	0
353	964	0
582	273	0
314	150	0
634	283	0
509	347	0
189	1098	0
46	775	0
392	842	0
340	274	0
77	882	0
477	1339	0
703	644	0
488	1063	0
349	1464	0
487	104	0
284	256	0
609	596	0
94	885	0
267	1347	0
299	1354	0
520	905	0
678	520	0
240	402	0
580	1008	0
379	172	0
556	1062	0
470	493	0
629	1176	0
662	1375	0
384	712	0
631	1278	0
291	1338	0
650	1186	0
402	253	0
623	261	0
337	223	0
535	993	0
188	1421	0
234	1201	0
175	1430	0
64	1282	0
485	1354	0
53	610	0
219	1350	0
694	606	0
377	374	0
65	206	0
612	465	0
199	987	0
676	86	0
508	745	0
671	811	0
629	1428	0
252	498	0
345	1301	0
14	846	0
660	1496	0
209	207	0
275	711	0
226	1132	0
188	1326	0
640	1328	0
362	884	0
520	710	0
588	798	0
460	1398	0
574	694	0
544	49	0
304	1298	0
575	17	0
567	251	0
696	956	0
454	721	0
236	79	0
78	244	0
617	1425	0
292	295	0
477	68	0
493	719	0
557	479	0
25	1337	0
14	1171	0
32	485	0
333	503	0
656	527	0
284	1298	0
426	1318	0
302	111	0
143	167	0
84	1292	0
197	439	0
680	144	0
149	5	0
21	961	0
87	1192	0
348	1298	0
245	1343	0
0	349	0
227	1116	0
120	605	0
291	428	0
53	424	0
303	1252	0
63	316	0
483	764	0
464	397	0
136	1497	0
668	744	0
681	840	0
241	1383	0
297	98	0
303	784	0
22	1192	0
688	580	0
183	1483	0
684	649	0
50	618	0
598	164	0
594	1012	0
533	198	0
39	1029	0
126	597	0
234	312	0
553	852	0
250	1009	0
514	1136	0
673	671	0
72	26	0
255	385	0
304	580	0
553	275	0
413	563	0
689	1336	0
676	1347	0
470	228	0
116	1018	0
143	453	0
516	1473	0
652	83	0
576	166	0
618	358	0
542	311	0
316	532	0
192	225	0
177	1434	0
415	1218	0
125	611	0
427	1221	0
473	1029	0
245	890	0
325	1393	0
133	1375	0
154	71	0
83	24	0
611	267	0
277	1040	0
7	57	0
700	9	0
219	1502	0
580	661	0
659	568	0
206	1281	0
535	945	0
299	1143	0
563	406	0
420	526	0
509	345	0
475	163	0
415	969	0
209	664	0
228	42	0
464	689	0
338	1302	0
451	792	0
321	469	0
94	1153	0
82	199	0
455	583	0
384	543	0
20	1479	0
175	1171	0
194	1419	0
309	1255	0
60	1253	0
39	1140	0
124	202	0
130	377	0
393	383	0
355	678	0
335	1217	0
615	1210	0
22	102	0
277	1115	0
596	1075	0
534	950	0
283	1405	0
70	957	0
679	1236	0
389	268	0
399	210	0
327	816	0
499	1493	0
544	267	0
262	163	0
376	664	0
292	864	0
478	454	0
223	969	0
278	612	0
258	1099	0
404	960	0
551	680	0
578	1182	0
664	688	0
53	1113	0
377	1168	0
488	843	0
424	371	0
667	1185	0
259	1058	0
633	432	0
436	1322	0
595	1278	0
443	434	0
16	254	0
668	1423	0
416	1113	0
361	615	0
607	717	0
183	552	0
559	527	0
166	334	0
506	1047	0
512	1186	0
513	1267	0
421	510	0
634	771	0
645	35	0
448	1478	0
487	203	0
437	242	0
207	609	0
153	820	0
518	542	0
693	683	0
51	1027	0
667	1010	0
541	365	0
91	423	0
454	1237	0
107	73	0
594	1315	0
80	193	0
221	463	0
155	649	0
527	543	0
504	586	0
285	1089	0
142	1219	0
85	818	0
610	467	0
620	1314	0
689	153	0
296	1327	0
335	632	0
520	1096	0
529	758	0
692	999	0
207	613	0
99	318	0
21	1334	0
697	1240	0
635	1453	0
46	1350	0
62	1254	0
621	901	0
210	1075	0
393	1021	0
84	403	0
387	704	0
283	130	0
150	743	0
168	328	0
694	796	0
613	1460	0
153	202	0
613	1221	0
514	1150	0
239	682	0
512	1262	0
121	783	0
669	1236	0
162	968	0
627	392	0
316	74	0
387	1250	0
670	540	0
495	679	0
458	720	0
428	111	0
305	1313	0
347	25	0
153	1507	0
678	868	0
211	728	0
444	1404	0
645	1494	0
531	1501	0
240	414	0
437	92	0
512	323	0
16	1055	0
413	675	0
689	703	0
671	528	0
298	414	0
663	1276	0
123	1125	0
469	768	0
457	1355	0
380	961	0
340	1412	0
707	1019	0
0	193	0
496	216	0
58	1119	0
481	567	0
209	953	0
629	934	0
636	678	0
687	154	0
631	180	0
622	791	0
443	489	0
293	483	0
635	782	0
288	1395	0
272	993	0
648	432	0
340	881	0
91	589	0
332	200	0
294	237	0
689	216	0
14	1113	0
306	1110	0
168	515	0
515	1496	0
216	582	0
439	39	0
209	586	0
307	836	0
31	1327	0
348	575	0
703	92	0
468	390	0
468	138	0
302	169	0
174	445	0
207	871	0
2	820	0
97	1294	0
120	950	0
153	1181	0
259	218	0
599	390	0
577	538	0
440	494	0
680	33	0
444	1141	0
55	1094	0
611	518	0
51	560	0
233	685	0
81	962	0
571	1493	0
500	358	0
478	1184	0
103	1301	0
640	292	0
522	915	0
44	702	0
697	631	0
579	1254	0
626	963	0
100	960	0
215	1244	0
499	1339	0
261	899	0
279	633	0
39	1007	0
203	574	0
90	510	0
336	893	0
83	1305	0
648	324	0
74	1233	0
700	595	0
594	371	0
258	611	0
231	251	0
109	227	0
156	1107	0
607	570	0
569	821	0
474	1008	0
236	502	0
630	296	0
129	412	0
579	899	0
84	1416	0
422	936	0
575	1172	0
634	485	0
301	388	0
559	1431	0
608	206	0
12	1007	0
541	1298	0
121	25	0
109	639	0
121	19	0
94	284	0
500	681	0
692	839	0
527	201	0
595	1272	0
442	711	0
290	263	0
423	225	0
389	1312	0
318	526	0
409	1011	0
630	415	0
413	1181	0
476	931	0
641	245	0
673	1351	0
122	303	0
227	1034	0
453	810	0
125	1280	0
289	848	0
141	951	0
112	1136	0
641	900	0
561	1115	0
24	1198	0
418	522	0
563	216	0
2	1261	0
522	1084	0
31	601	0
9	523	0
287	1131	0
539	101	0
167	253	0
275	550	0
446	1126	0
228	183	0
190	614	0
315	1372	0
369	131	0
627	137	0
24	745	0
707	1265	0
679	121	0
40	78	0
180	1451	0
144	129	0
597	769	0
603	344	0
543	46	0
684	805	0
419	426	0
83	382	0
61	1234	0
34	193	0
312	532	0
123	1288	0
289	380	0
0	1072	0
99	886	0
22	81	0
295	1211	0
275	168	0
91	328	0
473	1053	0
153	690	0
421	723	0
281	1508	0
165	207	0
277	668	0
159	372	0
466	1296	0
84	147	0
261	454	0
427	1249	0
321	16	0
201	193	0
102	738	0
407	883	0
86	1402	0
182	714	0
351	474	0
355	1397	0
92	712	0
125	92	0
207	1445	0
36	551	0
288	769	0
551	1377	0
530	1346	0
542	711	0
284	991	0
678	1113	0
653	1093	0
639	40	0
608	203	0
612	770	0
135	553	0
82	336	0
594	1247	0
543	62	0
198	403	0
0	217	0
451	1107	0
102	357	0
74	1427	0
485	1256	0
157	959	0
638	1071	0
351	1465	0
48	1464	0
587	194	0
324	383	0
39	299	0
310	667	0
606	384	0
376	1431	0
170	609	0
118	728	0
593	255	0
107	335	0
340	852	0
166	1315	0
703	1477	0
97	1478	0
8	306	0
568	437	0
497	182	0
209	1348	0
241	1329	0
429	1330	0
20	1475	0
574	227	0
13	1400	0
340	654	0
460	11	0
406	1490	0
24	244	0
300	1171	0
202	577	0
