0	75	1
0	112	1
2	146	1
2	170	1
2	318	1
2	324	1
2	453	1
2	530	1
3	327	1
4	430	1
5	33	1
6	124	1
7	459	1
8	121	1
8	984	1
9	64	1
9	366	1
10	423	1
10	493	1
10	494	1
10	985	1
10	1163	1
10	1164	1
10	1165	1
11	26	1
11	49	1
12	71	1
12	273	1
12	302	1
12	421	1
12	460	1
12	987	1
12	988	1
12	989	1
12	1166	1
12	1167	1
12	1168	1
12	1169	1
12	1170	1
13	98	1
14	264	1
14	269	1
14	990	1
14	991	1
14	992	1
15	278	1
15	366	1
15	430	1
15	922	1
15	924	1
16	26	1
16	243	1
16	278	1
16	309	1
16	358	1
16	362	1
16	430	1
16	442	1
17	98	1
17	394	1
19	119	1
19	134	1
19	744	1
19	856	1
19	1203	1
20	538	1
20	1060	1
22	181	1
22	260	1
22	419	1
22	439	1
22	449	1
22	554	1
23	6	1
23	279	1
23	424	1
23	546	1
24	26	1
24	49	1
24	322	1
25	102	1
25	1148	1
25	1149	1
26	48	1
26	694	1
27	189	1
28	64	1
30	58	1
31	43	1
31	82	1
31	114	1
31	237	1
31	377	1
31	401	1
32	288	1
32	328	1
34	430	1
35	165	1
35	223	1
35	263	1
35	368	1
35	374	1
35	461	1
36	426	1
38	115	1
38	364	1
38	402	1
40	296	1
40	327	1
40	1000	1
41	290	1
41	317	1
41	361	1
41	452	1
41	460	1
42	203	1
43	71	1
43	273	1
43	302	1
43	421	1
43	460	1
43	987	1
43	988	1
43	989	1
43	1166	1
43	1167	1
43	1168	1
43	1169	1
43	1170	1
46	142	1
46	186	1
46	315	1
46	1038	1
46	1176	1
46	1177	1
46	1178	1
46	1179	1
46	1180	1
47	108	1
48	12	1
48	26	1
48	49	1
48	83	1
48	139	1
48	164	1
48	165	1
48	175	1
48	194	1
48	221	1
48	232	1
48	256	1
48	288	1
48	309	1
48	322	1
48	326	1
48	328	1
48	330	1
48	368	1
48	374	1
48	435	1
48	461	1
48	561	1
49	165	1
49	223	1
49	256	1
49	309	1
49	368	1
50	12	1
50	83	1
50	164	1
50	165	1
50	194	1
50	221	1
50	223	1
50	256	1
50	309	1
50	326	1
50	330	1
50	368	1
50	374	1
50	435	1
50	461	1
52	108	1
54	238	1
57	98	1
57	394	1
58	12	1
58	83	1
58	164	1
58	165	1
58	194	1
58	221	1
58	223	1
58	256	1
58	309	1
58	326	1
58	330	1
58	374	1
58	435	1
58	461	1
60	183	1
60	197	1
60	311	1
60	460	1
61	48	1
61	426	1
62	6	1
62	102	1
62	135	1
62	279	1
62	546	1
62	696	1
63	28	1
64	26	1
64	49	1
64	108	1
64	322	1
64	1173	1
64	1174	1
65	99	1
65	108	1
65	440	1
66	448	1
68	482	1
68	512	1
68	726	1
68	1055	1
69	278	1
69	366	1
69	430	1
70	346	1
71	244	1
71	459	1
72	278	1
72	430	1
74	326	1
74	460	1
75	185	1
76	243	1
76	358	1
76	442	1
77	99	1
78	34	1
78	99	1
80	117	1
82	43	1
82	237	1
82	401	1
83	48	1
83	88	1
83	248	1
83	402	1
84	289	1
85	273	1
85	302	1
85	460	1
85	472	1
85	475	1
85	493	1
85	985	1
86	144	1
86	515	1
87	165	1
87	263	1
87	374	1
87	461	1
88	10	1
88	150	1
89	440	1
90	243	1
90	358	1
90	442	1
92	164	1
92	223	1
92	374	1
92	461	1
93	26	1
93	49	1
93	139	1
93	164	1
93	165	1
93	232	1
93	243	1
93	256	1
93	278	1
93	288	1
93	322	1
93	358	1
93	407	1
93	430	1
93	452	1
93	528	1
93	635	1
93	1173	1
93	1174	1
93	1175	1
94	857	1
95	459	1
96	243	1
96	358	1
96	442	1
97	10	1
97	119	1
97	150	1
97	574	1
97	814	1
99	145	1
100	243	1
100	362	1
100	442	1
101	12	1
101	26	1
101	49	1
101	83	1
101	139	1
101	164	1
101	165	1
101	175	1
101	194	1
101	221	1
101	232	1
101	256	1
101	288	1
101	309	1
101	322	1
101	326	1
101	328	1
101	330	1
101	368	1
101	374	1
101	435	1
101	461	1
101	561	1
102	98	1
103	395	1
103	1011	1
108	278	1
108	430	1
109	288	1
109	328	1
109	407	1
110	71	1
110	273	1
110	302	1
110	460	1
110	987	1
110	988	1
110	989	1
110	1166	1
110	1167	1
110	1168	1
110	1169	1
110	1170	1
111	10	1
111	364	1
112	320	1
112	459	1
114	317	1
115	858	1
115	1145	1
116	72	1
116	546	1
118	81	1
120	12	1
120	26	1
120	49	1
120	84	1
120	139	1
120	164	1
120	165	1
120	175	1
120	194	1
120	221	1
120	232	1
120	256	1
120	288	1
120	309	1
120	322	1
120	326	1
120	328	1
120	330	1
120	368	1
120	374	1
120	379	1
120	435	1
120	461	1
120	561	1
121	312	1
121	568	1
121	614	1
121	859	1
121	860	1
122	67	1
122	73	1
122	320	1
123	98	1
123	164	1
123	194	1
123	288	1
123	326	1
123	328	1
123	394	1
123	407	1
123	613	1
125	164	1
125	175	1
125	256	1
125	309	1
125	358	1
126	273	1
126	302	1
126	460	1
127	98	1
127	394	1
128	58	1
128	271	1
128	608	1
130	26	1
130	49	1
130	139	1
130	232	1
130	322	1
131	175	1
132	108	1
132	1202	1
133	248	1
133	940	1
133	993	1
133	994	1
133	998	1
134	246	1
134	916	1
135	14	1
135	106	1
135	285	1
135	286	1
136	288	1
136	328	1
136	407	1
137	418	1
138	248	1
138	380	1
138	993	1
138	994	1
138	995	1
138	996	1
138	997	1
138	998	1
138	1202	1
140	67	1
140	195	1
140	320	1
140	380	1
141	13	1
141	21	1
141	85	1
141	113	1
141	208	1
141	258	1
141	359	1
143	248	1
143	993	1
143	994	1
143	998	1
144	71	1
144	273	1
144	302	1
144	421	1
144	460	1
144	987	1
144	988	1
144	989	1
144	1166	1
144	1167	1
144	1168	1
144	1169	1
144	1170	1
145	12	1
145	256	1
145	309	1
145	435	1
146	49	1
146	322	1
146	423	1
147	119	1
148	12	1
148	83	1
148	164	1
148	165	1
148	194	1
148	221	1
148	223	1
148	256	1
148	309	1
148	326	1
148	330	1
148	374	1
148	435	1
148	461	1
151	273	1
151	302	1
151	460	1
151	472	1
151	475	1
151	493	1
151	985	1
152	272	1
153	73	1
153	380	1
154	278	1
154	366	1
154	430	1
156	302	1
156	460	1
158	31	1
158	427	1
158	987	1
159	435	1
160	26	1
160	49	1
160	256	1
160	309	1
160	322	1
161	927	1
163	327	1
164	185	1
164	189	1
165	185	1
165	186	1
165	360	1
167	426	1
168	549	1
170	164	1
170	288	1
170	394	1
170	916	1
171	288	1
171	435	1
172	206	1
172	225	1
172	240	1
172	259	1
172	358	1
174	48	1
174	288	1
174	328	1
174	407	1
175	26	1
175	49	1
175	139	1
175	232	1
175	256	1
175	278	1
175	288	1
175	322	1
175	407	1
175	430	1
175	1173	1
175	1174	1
176	43	1
176	82	1
176	114	1
176	170	1
176	237	1
176	377	1
176	401	1
178	10	1
178	150	1
179	10	1
179	150	1
180	140	1
181	430	1
182	460	1
183	71	1
183	273	1
183	302	1
183	460	1
183	987	1
183	988	1
183	989	1
183	1166	1
183	1167	1
183	1168	1
183	1169	1
183	1170	1
184	278	1
184	366	1
184	430	1
185	12	1
185	165	1
185	256	1
185	288	1
185	328	1
185	435	1
188	150	1
188	1119	1
188	1138	1
189	67	1
189	457	1
190	150	1
190	738	1
191	164	1
191	194	1
191	326	1
193	32	1
193	51	1
194	48	1
194	98	1
194	394	1
195	165	1
195	435	1
196	482	1
196	512	1
197	124	1
199	857	1
201	26	1
201	49	1
201	139	1
201	232	1
201	322	1
202	243	1
202	358	1
202	442	1
203	73	1
203	1202	1
204	10	1
204	150	1
205	60	1
206	12	1
206	240	1
206	256	1
206	330	1
206	435	1
210	773	1
210	778	1
211	124	1
213	98	1
213	394	1
214	242	1
217	440	1
217	570	1
219	108	1
220	150	1
220	640	1
221	654	1
222	426	1
224	67	1
225	26	1
225	49	1
225	139	1
225	165	1
225	232	1
225	256	1
225	278	1
225	288	1
225	322	1
225	407	1
225	430	1
226	81	1
226	783	1
227	124	1
228	12	1
228	49	1
228	164	1
228	278	1
228	288	1
228	430	1
228	435	1
228	460	1
229	459	1
230	143	1
232	291	1
233	10	1
233	150	1
234	852	1
236	25	1
236	300	1
238	1161	1
238	1162	1
239	189	1
240	108	1
242	98	1
242	165	1
242	394	1
242	461	1
242	613	1
243	26	1
243	49	1
243	139	1
243	232	1
243	322	1
244	10	1
244	150	1
245	164	1
245	194	1
245	326	1
247	150	1
250	60	1
251	10	1
251	140	1
251	150	1
251	201	1
251	528	1
251	814	1
251	854	1
251	1015	1
252	48	1
252	288	1
252	328	1
252	407	1
253	459	1
254	276	1
255	14	1
255	106	1
255	200	1
255	201	1
255	285	1
255	286	1
255	389	1
255	433	1
255	526	1
257	98	1
257	288	1
257	328	1
257	394	1
259	988	1
260	67	1
260	320	1
261	10	1
261	150	1
261	428	1
261	608	1
261	646	1
262	400	1
262	722	1
262	918	1
264	243	1
264	358	1
264	442	1
265	98	1
265	394	1
266	686	1
266	717	1
268	7	1
268	113	1
268	258	1
268	495	1
268	496	1
268	635	1
268	674	1
268	689	1
268	1022	1
269	459	1
270	73	1
271	26	1
271	49	1
271	139	1
271	232	1
271	241	1
271	248	1
271	288	1
271	322	1
271	328	1
271	407	1
271	993	1
271	998	1
271	1151	1
272	12	1
272	241	1
272	435	1
273	73	1
275	448	1
275	589	1
275	1153	1
275	1154	1
275	1155	1
276	186	1
276	315	1
277	164	1
278	459	1
279	6	1
279	135	1
279	546	1
280	327	1
280	637	1
281	185	1
281	189	1
281	516	1
281	752	1
283	136	1
283	417	1
285	185	1
286	6	1
286	279	1
286	546	1
286	696	1
286	765	1
287	90	1
287	358	1
287	442	1
288	346	1
289	164	1
289	165	1
289	256	1
289	288	1
289	309	1
289	430	1
290	423	1
291	362	1
291	470	1
291	584	1
291	737	1
291	986	1
292	48	1
292	108	1
292	203	1
292	248	1
292	276	1
292	402	1
292	430	1
292	940	1
292	993	1
292	994	1
292	995	1
292	996	1
292	997	1
292	998	1
293	73	1
294	98	1
294	164	1
294	288	1
294	326	1
294	328	1
294	394	1
294	407	1
295	165	1
295	263	1
295	374	1
295	461	1
297	115	1
298	218	1
299	246	1
299	423	1
299	493	1
299	494	1
299	916	1
299	985	1
299	1163	1
299	1164	1
299	1165	1
299	1504	1
299	1505	1
299	1506	1
299	1507	1
299	1508	1
300	67	1
300	457	1
301	33	1
302	12	1
302	48	1
302	256	1
302	288	1
302	328	1
302	435	1
303	108	1
306	71	1
306	273	1
306	302	1
306	460	1
306	987	1
306	988	1
306	989	1
306	1166	1
306	1167	1
306	1168	1
306	1169	1
306	1170	1
308	426	1
309	73	1
309	380	1
309	459	1
310	71	1
310	273	1
310	302	1
310	460	1
310	987	1
310	988	1
310	989	1
310	1166	1
310	1167	1
310	1168	1
310	1169	1
310	1170	1
311	124	1
311	591	1
312	164	1
312	288	1
314	426	1
314	1029	1
315	183	1
315	289	1
316	164	1
316	256	1
316	278	1
316	288	1
316	326	1
316	328	1
316	374	1
316	407	1
316	435	1
316	461	1
317	164	1
317	194	1
317	326	1
317	1160	1
319	380	1
321	183	1
321	311	1
322	243	1
322	358	1
322	442	1
324	288	1
324	328	1
324	407	1
325	243	1
325	358	1
325	442	1
327	10	1
327	150	1
329	12	1
329	83	1
329	164	1
329	165	1
329	194	1
329	221	1
329	223	1
329	256	1
329	309	1
329	326	1
329	330	1
329	374	1
329	379	1
329	435	1
329	461	1
330	26	1
330	49	1
330	139	1
330	232	1
330	256	1
330	278	1
330	322	1
330	430	1
332	99	1
332	175	1
332	362	1
332	366	1
332	423	1
333	89	1
333	1139	1
334	319	1
335	175	1
335	322	1
335	423	1
337	115	1
337	119	1
338	423	1
339	246	1
339	916	1
340	12	1
340	164	1
340	165	1
340	194	1
340	221	1
340	256	1
340	288	1
340	309	1
340	326	1
340	328	1
340	330	1
340	374	1
340	435	1
341	19	1
341	108	1
343	328	1
343	366	1
344	10	1
344	150	1
344	237	1
345	108	1
346	60	1
346	164	1
346	256	1
346	288	1
346	368	1
347	241	1
347	361	1
347	452	1
347	460	1
348	108	1
349	62	1
349	101	1
349	422	1
350	175	1
351	58	1
352	675	1
354	581	1
355	291	1
356	518	1
356	665	1
356	727	1
356	745	1
356	1172	1
357	916	1
358	426	1
359	108	1
361	144	1
361	605	1
361	922	1
361	924	1
362	49	1
363	67	1
363	457	1
363	570	1
364	10	1
364	150	1
365	10	1
365	150	1
366	124	1
367	273	1
367	302	1
367	460	1
367	472	1
367	475	1
367	493	1
367	985	1
368	10	1
368	19	1
368	119	1
368	140	1
368	150	1
368	709	1
368	1502	1
369	33	1
370	43	1
370	82	1
370	114	1
370	377	1
371	12	1
371	83	1
371	164	1
371	194	1
371	326	1
372	442	1
373	49	1
373	322	1
374	6	1
374	102	1
374	279	1
374	546	1
374	670	1
374	696	1
375	280	1
375	383	1
376	26	1
376	49	1
376	232	1
376	322	1
377	49	1
377	423	1
378	149	1
378	261	1
379	243	1
379	358	1
379	442	1
380	10	1
380	150	1
381	852	1
381	854	1
381	988	1
381	989	1
382	183	1
382	311	1
382	514	1
382	1183	1
383	102	1
384	74	1
384	78	1
388	71	1
388	302	1
388	421	1
388	460	1
388	987	1
388	988	1
388	989	1
388	1166	1
388	1167	1
388	1168	1
388	1169	1
388	1170	1
389	241	1
389	288	1
389	379	1
389	435	1
389	621	1
389	1375	1
391	320	1
391	459	1
392	26	1
392	49	1
392	139	1
392	232	1
392	322	1
393	203	1
393	241	1
393	243	1
393	358	1
393	442	1
393	563	1
394	364	1
395	98	1
395	394	1
396	71	1
396	273	1
396	302	1
396	460	1
396	987	1
396	988	1
396	989	1
396	1166	1
396	1167	1
396	1168	1
396	1169	1
396	1170	1
397	246	1
397	256	1
398	243	1
398	358	1
398	442	1
400	12	1
400	241	1
400	435	1
401	408	1
401	1150	1
404	459	1
405	10	1
405	150	1
406	102	1
406	1148	1
406	1149	1
407	60	1
408	395	1
409	108	1
410	183	1
410	311	1
411	10	1
411	150	1
412	394	1
413	95	1
413	166	1
415	33	1
418	124	1
419	319	1
420	160	1
420	289	1
420	340	1
420	739	1
421	175	1
422	459	1
423	71	1
423	273	1
423	302	1
423	421	1
423	460	1
423	987	1
423	988	1
423	989	1
423	1166	1
423	1167	1
423	1168	1
423	1169	1
423	1170	1
424	127	1
424	266	1
424	362	1
424	427	1
424	460	1
425	243	1
425	358	1
425	442	1
426	142	1
427	289	1
427	418	1
428	45	1
428	165	1
428	175	1
428	442	1
428	461	1
429	34	1
429	335	1
429	346	1
429	1006	1
430	141	1
431	49	1
431	99	1
431	108	1
431	278	1
431	322	1
431	366	1
431	430	1
432	48	1
432	88	1
432	108	1
433	108	1
433	183	1
433	276	1
433	311	1
433	505	1
433	817	1
433	852	1
433	853	1
433	854	1
433	922	1
433	924	1
433	1034	1
433	1183	1
433	1184	1
433	1185	1
433	1186	1
433	1187	1
433	1188	1
434	450	1
436	115	1
436	119	1
437	362	1
437	435	1
439	374	1
439	461	1
441	279	1
441	696	1
441	765	1
441	1150	1
442	243	1
442	358	1
442	442	1
443	256	1
444	164	1
444	194	1
444	241	1
444	288	1
444	326	1
444	394	1
445	60	1
446	207	1
446	1006	1
448	256	1
448	435	1
449	278	1
449	366	1
450	394	1
451	240	1
451	362	1
454	165	1
454	263	1
454	374	1
454	461	1
455	263	1
455	374	1
455	461	1
457	459	1
458	98	1
458	165	1
458	394	1
458	461	1
459	99	1
460	421	1
460	460	1
461	10	1
461	150	1
462	164	1
462	288	1
463	33	1
463	119	1
465	164	1
466	175	1
468	656	1
469	102	1
469	357	1
469	696	1
469	931	1
471	426	1
472	49	1
473	188	1
473	295	1
474	246	1
475	394	1
476	49	1
477	12	1
477	78	1
477	83	1
477	221	1
477	330	1
477	366	1
477	435	1
478	246	1
478	916	1
479	858	1
480	10	1
480	150	1
481	42	1
483	6	1
483	940	1
484	426	1
485	374	1
485	461	1
486	183	1
486	242	1
486	311	1
486	317	1
486	817	1
486	1034	1
488	186	1
489	858	1
491	10	1
491	150	1
491	1146	1
492	417	1
493	292	1
494	459	1
495	10	1
495	119	1
495	140	1
495	150	1
496	94	1
496	140	1
496	253	1
496	610	1
496	642	1
496	715	1
497	164	1
498	322	1
499	241	1
499	248	1
499	380	1
499	505	1
499	621	1
499	993	1
499	994	1
499	998	1
499	1151	1
499	1152	1
500	413	1
502	33	1
502	636	1
503	581	1
504	513	1
504	648	1
504	1201	1
505	108	1
505	524	1
506	26	1
506	49	1
506	139	1
506	232	1
506	322	1
507	922	1
507	924	1
508	39	1
508	617	1
508	1196	1
509	150	1
509	400	1
509	429	1
509	661	1
511	175	1
511	240	1
511	362	1
514	459	1
514	1503	1
516	10	1
516	150	1
518	426	1
520	26	1
520	49	1
520	322	1
521	98	1
521	394	1
521	545	1
521	569	1
521	613	1
521	1009	1
521	1010	1
522	115	1
522	119	1
523	71	1
523	273	1
523	302	1
523	421	1
523	460	1
523	987	1
523	988	1
523	989	1
523	1166	1
523	1167	1
523	1168	1
523	1169	1
523	1170	1
524	26	1
524	49	1
524	139	1
524	232	1
524	241	1
524	256	1
524	288	1
524	322	1
524	435	1
526	186	1
526	315	1
526	1066	1
528	327	1
528	497	1
528	1202	1
529	45	1
529	223	1
529	256	1
529	309	1
530	121	1
530	144	1
532	390	1
532	573	1
532	1181	1
534	26	1
534	49	1
534	322	1
535	99	1
536	123	1
536	1041	1
537	34	1
537	271	1
537	279	1
537	663	1
537	696	1
537	765	1
538	327	1
539	509	1
539	1202	1
540	327	1
541	48	1
541	241	1
541	330	1
541	435	1
542	185	1
543	366	1
543	430	1
544	278	1
544	366	1
544	430	1
545	265	1
546	2	1
546	48	1
546	151	1
546	238	1
546	317	1
546	1381	1
546	1382	1
548	279	1
548	357	1
549	278	1
549	366	1
549	430	1
550	241	1
550	248	1
550	452	1
550	505	1
550	993	1
550	994	1
550	998	1
552	48	1
552	98	1
552	505	1
553	183	1
553	242	1
553	317	1
553	402	1
553	418	1
554	94	1
554	115	1
557	73	1
559	459	1
560	119	1
561	48	1
561	94	1
561	98	1
561	288	1
561	394	1
561	588	1
561	669	1
561	681	1
564	26	1
564	49	1
564	60	1
564	139	1
564	164	1
564	165	1
564	194	1
564	223	1
564	232	1
564	256	1
564	278	1
564	288	1
564	309	1
564	322	1
564	326	1
564	328	1
564	407	1
564	430	1
564	435	1
565	261	1
565	527	1
566	49	1
566	322	1
567	164	1
567	165	1
567	256	1
567	278	1
567	288	1
567	309	1
567	328	1
567	366	1
567	430	1
569	26	1
569	49	1
569	98	1
569	139	1
569	232	1
569	256	1
569	278	1
569	288	1
569	322	1
569	394	1
569	430	1
569	583	1
570	278	1
570	366	1
570	1164	1
571	189	1
572	418	1
573	238	1
573	290	1
573	310	1
573	317	1
573	362	1
573	460	1
573	625	1
573	627	1
573	657	1
573	742	1
573	1161	1
573	1162	1
574	99	1
574	175	1
574	362	1
574	366	1
575	48	1
575	288	1
575	328	1
575	407	1
576	426	1
579	247	1
579	545	1
579	624	1
579	636	1
579	646	1
579	709	1
579	851	1
580	99	1
580	206	1
580	225	1
580	278	1
580	310	1
580	362	1
581	273	1
581	302	1
581	460	1
581	472	1
581	475	1
581	493	1
581	985	1
582	426	1
584	48	1
584	108	1
585	67	1
585	243	1
585	358	1
585	442	1
585	572	1
586	330	1
586	435	1
587	67	1
587	73	1
587	196	1
587	459	1
588	12	1
588	83	1
588	164	1
588	165	1
588	194	1
588	221	1
588	223	1
588	256	1
588	288	1
588	309	1
588	326	1
588	328	1
588	330	1
588	374	1
588	407	1
588	435	1
588	461	1
590	290	1
590	361	1
590	452	1
590	460	1
592	98	1
592	394	1
593	183	1
593	311	1
594	108	1
594	854	1
595	67	1
595	457	1
595	673	1
595	720	1
596	302	1
596	421	1
596	460	1
597	12	1
597	83	1
597	164	1
597	165	1
597	194	1
597	221	1
597	223	1
597	256	1
597	288	1
597	309	1
597	326	1
597	328	1
597	330	1
597	368	1
597	374	1
597	407	1
597	435	1
597	461	1
599	98	1
599	394	1
600	426	1
601	460	1
601	1166	1
602	1299	1
603	98	1
603	394	1
606	98	1
606	394	1
607	71	1
607	302	1
607	460	1
607	987	1
607	988	1
607	989	1
607	1166	1
607	1167	1
607	1168	1
607	1169	1
607	1170	1
609	858	1
610	48	1
611	424	1
612	570	1
613	218	1
613	362	1
613	435	1
614	459	1
615	6	1
616	12	1
616	26	1
616	49	1
616	83	1
616	139	1
616	164	1
616	165	1
616	175	1
616	194	1
616	221	1
616	232	1
616	256	1
616	288	1
616	309	1
616	322	1
616	326	1
616	328	1
616	330	1
616	368	1
616	374	1
616	407	1
616	435	1
616	461	1
616	561	1
617	26	1
617	322	1
617	423	1
617	916	1
618	16	1
618	138	1
621	45	1
621	49	1
621	435	1
622	2	1
622	40	1
622	244	1
622	459	1
623	290	1
623	361	1
623	452	1
623	460	1
624	12	1
624	26	1
624	49	1
624	83	1
624	139	1
624	164	1
624	165	1
624	175	1
624	194	1
624	221	1
624	232	1
624	256	1
624	288	1
624	309	1
624	322	1
624	326	1
624	328	1
624	330	1
624	368	1
624	374	1
624	435	1
624	461	1
624	561	1
625	39	1
626	223	1
626	256	1
626	278	1
626	309	1
626	430	1
626	466	1
627	922	1
627	924	1
628	16	1
628	138	1
630	560	1
631	7	1
631	113	1
631	250	1
631	258	1
631	483	1
631	484	1
631	485	1
631	486	1
631	487	1
631	523	1
632	155	1
633	459	1
634	497	1
637	13	1
637	18	1
637	85	1
637	113	1
637	208	1
637	258	1
637	495	1
637	496	1
638	493	1
638	985	1
638	1164	1
639	605	1
640	315	1
641	98	1
641	394	1
643	108	1
644	242	1
645	550	1
650	26	1
650	322	1
650	423	1
651	124	1
652	477	1
652	592	1
652	647	1
652	707	1
654	64	1
654	246	1
654	278	1
654	288	1
655	138	1
655	922	1
656	418	1
658	39	1
658	119	1
658	608	1
659	16	1
659	81	1
660	246	1
661	67	1
661	73	1
661	112	1
661	320	1
661	641	1
662	26	1
662	49	1
662	322	1
663	459	1
667	279	1
667	400	1
668	71	1
668	273	1
668	302	1
668	460	1
668	987	1
668	988	1
668	989	1
668	1166	1
668	1167	1
668	1168	1
668	1169	1
668	1170	1
669	64	1
669	164	1
669	194	1
669	278	1
669	326	1
669	366	1
669	430	1
669	922	1
669	924	1
671	26	1
671	49	1
671	139	1
671	232	1
671	322	1
672	71	1
672	273	1
672	302	1
672	460	1
672	987	1
672	988	1
672	989	1
672	1166	1
672	1167	1
672	1168	1
672	1169	1
672	1170	1
675	89	1
675	722	1
676	319	1
677	49	1
677	165	1
677	256	1
677	435	1
678	12	1
678	256	1
678	435	1
680	279	1
680	696	1
680	765	1
682	73	1
683	64	1
684	786	1
685	98	1
685	394	1
686	206	1
686	278	1
686	430	1
689	276	1
690	737	1
691	175	1
691	243	1
691	278	1
691	358	1
691	430	1
691	442	1
692	58	1
693	95	1
693	166	1
694	12	1
694	60	1
694	98	1
694	164	1
694	165	1
694	194	1
694	221	1
694	223	1
694	256	1
694	288	1
694	309	1
694	326	1
694	330	1
694	368	1
694	394	1
694	435	1
694	461	1
694	561	1
695	120	1
696	243	1
696	358	1
696	442	1
697	1011	1
698	497	1
700	28	1
702	73	1
703	164	1
703	288	1
704	358	1
704	442	1
707	327	1
190	1029	0
57	270	0
523	1363	0
414	1332	0
520	1313	0
673	116	0
196	902	0
339	1349	0
196	1029	0
686	1124	0
317	179	0
252	661	0
86	261	0
440	983	0
383	513	0
638	209	0
411	1227	0
157	673	0
435	569	0
105	1487	0
475	1073	0
504	839	0
393	1434	0
601	1072	0
415	309	0
21	847	0
421	208	0
353	327	0
108	169	0
684	676	0
605	781	0
400	1154	0
209	929	0
254	903	0
702	371	0
45	1469	0
386	516	0
267	791	0
397	19	0
239	1320	0
316	1470	0
707	405	0
595	1065	0
608	500	0
222	316	0
392	1003	0
325	1075	0
493	26	0
205	1485	0
648	1445	0
434	1356	0
320	663	0
515	212	0
139	1267	0
267	122	0
506	362	0
232	869	0
627	1053	0
686	233	0
265	1344	0
365	179	0
113	212	0
452	1501	0
549	1505	0
443	512	0
408	1229	0
680	114	0
347	164	0
654	66	0
134	673	0
672	208	0
706	1444	0
97	467	0
127	49	0
138	550	0
317	332	0
527	385	0
302	526	0
440	535	0
339	386	0
602	1431	0
80	299	0
184	1052	0
298	858	0
92	879	0
119	1049	0
440	1318	0
396	557	0
502	1504	0
166	138	0
522	877	0
401	160	0
573	904	0
121	771	0
247	464	0
129	1419	0
23	779	0
136	141	0
439	1020	0
706	514	0
169	1019	0
333	7	0
126	198	0
518	753	0
103	170	0
146	374	0
343	1418	0
626	657	0
120	474	0
357	479	0
288	762	0
629	654	0
497	1497	0
214	88	0
458	646	0
477	1135	0
193	776	0
691	587	0
220	829	0
102	1414	0
166	1391	0
128	755	0
557	461	0
19	125	0
1	605	0
183	2	0
641	760	0
219	1376	0
264	1450	0
677	1452	0
495	943	0
306	1391	0
8	385	0
3	992	0
429	421	0
474	682	0
94	826	0
218	460	0
653	1156	0
536	942	0
574	555	0
330	1380	0
684	1133	0
193	958	0
666	744	0
493	889	0
50	1178	0
661	1160	0
398	9	0
243	725	0
620	110	0
148	882	0
383	1467	0
580	857	0
104	433	0
231	950	0
523	278	0
597	65	0
126	634	0
466	114	0
388	955	0
234	7	0
442	90	0
206	900	0
276	76	0
42	361	0
549	1107	0
562	224	0
580	522	0
3	1018	0
459	834	0
111	241	0
158	487	0
697	753	0
460	234	0
388	116	0
460	966	0
701	595	0
405	997	0
591	1333	0
144	94	0
309	277	0
37	49	0
516	704	0
315	678	0
82	1334	0
21	1154	0
455	331	0
217	335	0
185	893	0
643	306	0
543	370	0
662	281	0
155	139	0
82	666	0
492	152	0
147	465	0
587	444	0
376	917	0
573	222	0
575	614	0
202	197	0
144	487	0
527	968	0
339	87	0
169	568	0
123	242	0
276	86	0
416	37	0
275	1126	0
214	1017	0
514	199	0
625	1456	0
603	467	0
296	815	0
355	967	0
13	1197	0
342	36	0
590	953	0
95	986	0
151	1031	0
295	1497	0
77	1327	0
477	5	0
670	738	0
466	1180	0
1	854	0
667	55	0
203	315	0
166	1126	0
229	435	0
468	964	0
296	547	0
637	1402	0
447	1342	0
567	235	0
438	1246	0
198	422	0
653	1467	0
350	1459	0
137	784	0
396	755	0
225	1495	0
698	902	0
339	73	0
680	1464	0
86	386	0
607	974	0
563	1069	0
331	1361	0
225	406	0
421	405	0
172	46	0
591	1220	0
350	1260	0
353	97	0
628	1332	0
593	415	0
478	1496	0
414	942	0
646	1426	0
151	583	0
68	1340	0
482	496	0
569	516	0
513	357	0
11	1024	0
342	127	0
353	1338	0
283	30	0
680	1265	0
428	1286	0
176	1360	0
63	607	0
316	421	0
525	1425	0
73	941	0
663	1218	0
372	980	0
649	323	0
1	72	0
34	827	0
426	179	0
153	1510	0
272	1318	0
352	1321	0
111	301	0
329	66	0
651	582	0
399	422	0
487	301	0
541	365	0
481	1133	0
273	823	0
164	585	0
94	426	0
634	564	0
565	1373	0
41	802	0
328	377	0
288	876	0
11	535	0
395	930	0
0	833	0
627	1270	0
421	604	0
670	1193	0
32	419	0
244	946	0
145	1119	0
7	485	0
505	602	0
606	1160	0
560	441	0
298	391	0
393	199	0
159	362	0
591	901	0
214	379	0
633	122	0
168	580	0
595	2	0
685	616	0
165	1178	0
645	471	0
383	1193	0
604	313	0
643	1219	0
590	280	0
283	904	0
338	712	0
438	1212	0
97	1056	0
687	999	0
248	1460	0
678	132	0
680	1462	0
554	1373	0
699	1147	0
241	930	0
189	1409	0
567	817	0
374	413	0
569	747	0
126	1408	0
403	1145	0
215	896	0
533	254	0
493	1212	0
130	347	0
507	246	0
342	980	0
364	975	0
106	1134	0
452	1236	0
214	1022	0
254	1144	0
133	122	0
504	92	0
54	29	0
330	230	0
49	231	0
237	968	0
312	774	0
513	137	0
581	158	0
65	754	0
687	914	0
202	1173	0
81	958	0
166	623	0
361	956	0
545	765	0
152	708	0
472	432	0
509	1457	0
445	563	0
524	980	0
387	413	0
605	220	0
353	404	0
341	296	0
98	1506	0
25	945	0
635	1157	0
458	751	0
83	381	0
187	1209	0
511	941	0
547	335	0
547	913	0
230	673	0
580	1429	0
105	63	0
309	1147	0
394	146	0
207	147	0
408	903	0
369	870	0
15	1325	0
350	681	0
187	760	0
655	1146	0
609	693	0
55	1107	0
534	822	0
167	742	0
321	73	0
341	483	0
446	794	0
182	1425	0
235	211	0
675	656	0
210	151	0
565	253	0
217	493	0
352	445	0
608	1064	0
197	568	0
136	145	0
370	1402	0
120	571	0
114	338	0
156	227	0
667	1214	0
193	961	0
338	1458	0
437	864	0
650	1179	0
157	14	0
232	486	0
542	353	0
43	216	0
159	1264	0
165	52	0
424	1511	0
396	1400	0
697	246	0
116	801	0
637	383	0
112	1203	0
665	1052	0
307	289	0
597	1120	0
300	176	0
479	115	0
305	1290	0
104	1448	0
620	85	0
5	105	0
285	1443	0
668	206	0
272	1270	0
692	239	0
53	1506	0
385	1505	0
307	850	0
451	1428	0
6	117	0
10	1006	0
246	253	0
426	489	0
444	460	0
613	687	0
221	1276	0
56	534	0
202	860	0
444	551	0
193	336	0
439	613	0
604	0	0
654	1284	0
517	632	0
578	1491	0
472	945	0
325	542	0
327	642	0
432	958	0
329	666	0
356	962	0
142	103	0
13	1112	0
226	4	0
365	470	0
138	1031	0
305	771	0
462	676	0
138	607	0
9	1453	0
13	1291	0
616	443	0
657	445	0
70	581	0
511	378	0
295	1292	0
310	816	0
562	348	0
504	841	0
605	1506	0
58	234	0
467	1441	0
350	1138	0
191	1183	0
569	1336	0
551	1332	0
133	1059	0
54	1344	0
628	304	0
681	456	0
670	1247	0
170	759	0
198	940	0
427	892	0
361	279	0
479	1147	0
222	1026	0
560	2	0
497	750	0
305	396	0
286	413	0
394	674	0
56	1150	0
502	358	0
435	1382	0
324	806	0
431	815	0
389	691	0
439	1200	0
49	1219	0
614	812	0
651	1039	0
1	1207	0
18	964	0
115	991	0
300	461	0
593	1293	0
376	1242	0
214	628	0
204	1316	0
348	881	0
273	952	0
305	312	0
458	1203	0
224	1043	0
665	1429	0
327	526	0
623	607	0
207	864	0
269	64	0
224	1404	0
541	310	0
150	1489	0
336	7	0
213	588	0
10	716	0
509	1068	0
24	149	0
365	66	0
277	602	0
80	1191	0
454	327	0
697	1234	0
361	472	0
601	509	0
171	974	0
358	594	0
480	376	0
314	1037	0
15	1485	0
190	39	0
581	38	0
124	772	0
378	1305	0
243	129	0
492	961	0
290	119	0
518	847	0
198	1457	0
661	528	0
547	847	0
39	1426	0
609	950	0
161	119	0
149	931	0
514	1491	0
41	730	0
516	62	0
592	666	0
532	818	0
542	22	0
61	592	0
444	439	0
202	93	0
386	75	0
485	876	0
187	399	0
361	886	0
364	1331	0
249	148	0
497	641	0
180	733	0
45	1205	0
166	671	0
239	1341	0
561	1026	0
79	564	0
512	290	0
3	94	0
89	1482	0
120	837	0
343	1061	0
699	856	0
331	490	0
32	499	0
589	1245	0
631	82	0
364	81	0
559	117	0
310	122	0
112	1026	0
503	1153	0
291	1269	0
405	901	0
46	1266	0
270	946	0
5	286	0
265	230	0
150	1054	0
601	1222	0
443	1206	0
112	1441	0
130	612	0
399	23	0
85	27	0
219	366	0
103	1481	0
267	603	0
632	58	0
24	1074	0
231	46	0
481	477	0
387	1331	0
329	279	0
446	264	0
405	1284	0
298	1228	0
118	812	0
390	229	0
524	1420	0
62	839	0
486	1324	0
631	244	0
306	1100	0
445	5	0
490	329	0
608	627	0
615	285	0
705	1269	0
480	52	0
463	894	0
457	1214	0
480	72	0
353	59	0
111	1495	0
209	673	0
470	461	0
538	404	0
274	1069	0
195	752	0
599	35	0
255	1061	0
574	703	0
696	532	0
192	1482	0
465	1123	0
548	50	0
110	952	0
4	817	0
334	869	0
211	168	0
169	926	0
370	636	0
632	903	0
261	561	0
695	34	0
135	1353	0
528	405	0
87	1285	0
90	1338	0
414	1151	0
704	804	0
108	438	0
633	209	0
123	440	0
82	1346	0
589	1511	0
385	127	0
445	841	0
430	441	0
214	800	0
529	789	0
66	275	0
205	1104	0
23	688	0
648	505	0
243	404	0
485	496	0
255	643	0
197	1012	0
271	392	0
368	183	0
251	1360	0
454	1194	0
402	671	0
33	496	0
495	772	0
135	930	0
19	484	0
517	226	0
45	221	0
526	1164	0
53	793	0
119	1264	0
607	98	0
259	170	0
72	784	0
321	804	0
353	1389	0
223	764	0
129	69	0
612	409	0
182	1148	0
90	1358	0
95	971	0
302	1050	0
152	1342	0
692	367	0
567	541	0
271	493	0
278	897	0
557	1123	0
685	1321	0
343	429	0
505	264	0
143	1166	0
262	426	0
316	731	0
147	1372	0
535	768	0
475	1158	0
399	67	0
596	812	0
88	1351	0
78	335	0
292	106	0
316	1056	0
196	617	0
618	1263	0
72	171	0
199	1327	0
396	482	0
387	756	0
652	22	0
422	81	0
436	1453	0
287	721	0
98	3	0
668	1411	0
474	774	0
543	1148	0
356	881	0
552	1122	0
62	389	0
151	514	0
263	1053	0
591	673	0
452	1084	0
696	1252	0
415	1370	0
506	357	0
147	77	0
95	338	0
553	1059	0
410	82	0
274	834	0
516	1338	0
610	1076	0
478	791	0
379	1423	0
369	1164	0
137	329	0
156	509	0
364	1312	0
124	1372	0
682	898	0
153	1324	0
541	50	0
439	1135	0
62	668	0
367	128	0
298	756	0
468	603	0
138	1228	0
23	128	0
505	1062	0
563	993	0
205	10	0
539	656	0
655	662	0
162	280	0
450	1431	0
605	33	0
78	835	0
675	201	0
194	382	0
232	23	0
510	1406	0
427	1247	0
461	450	0
505	1257	0
428	129	0
528	961	0
56	1488	0
176	145	0
243	1098	0
233	551	0
698	717	0
79	920	0
621	106	0
674	1423	0
357	1383	0
25	349	0
685	1292	0
482	197	0
201	1276	0
635	213	0
691	761	0
577	501	0
17	1276	0
671	122	0
606	534	0
569	589	0
378	219	0
200	541	0
678	280	0
229	344	0
653	814	0
2	541	0
680	421	0
97	597	0
45	42	0
21	1294	0
152	801	0
240	1410	0
545	1146	0
227	448	0
460	585	0
357	1126	0
100	65	0
390	713	0
96	1360	0
529	1383	0
441	265	0
620	622	0
58	118	0
627	761	0
185	1279	0
94	1395	0
312	1061	0
112	1181	0
308	418	0
665	533	0
403	1141	0
271	525	0
93	1494	0
397	321	0
665	552	0
393	1280	0
20	413	0
634	1304	0
419	631	0
243	1195	0
295	928	0
427	387	0
43	105	0
374	1199	0
7	1005	0
313	750	0
331	353	0
551	884	0
104	92	0
508	975	0
571	817	0
307	1157	0
697	1096	0
561	239	0
184	1200	0
615	141	0
656	120	0
570	772	0
384	510	0
411	1308	0
287	1488	0
545	798	0
652	553	0
33	1116	0
527	703	0
54	89	0
641	721	0
101	204	0
506	1157	0
639	1060	0
124	134	0
467	1198	0
60	718	0
92	1342	0
703	1029	0
165	1003	0
661	118	0
58	1416	0
506	153	0
698	1029	0
27	478	0
64	955	0
681	1388	0
347	257	0
606	464	0
105	307	0
50	1359	0
206	668	0
630	1417	0
157	936	0
319	1073	0
653	507	0
172	1226	0
680	1089	0
357	85	0
24	859	0
78	599	0
104	688	0
9	41	0
338	1448	0
451	496	0
275	990	0
328	1300	0
201	1506	0
283	150	0
307	709	0
237	943	0
486	1168	0
262	369	0
324	1013	0
379	1507	0
615	807	0
355	461	0
355	884	0
458	81	0
164	1500	0
319	510	0
198	1333	0
642	254	0
514	1001	0
310	424	0
213	909	0
57	519	0
377	142	0
8	1051	0
276	824	0
79	1394	0
47	882	0
672	293	0
367	865	0
621	1401	0
498	237	0
608	18	0
359	715	0
594	545	0
268	149	0
462	660	0
451	878	0
439	565	0
648	1097	0
401	15	0
439	1069	0
380	512	0
365	178	0
433	1444	0
294	634	0
212	1176	0
518	874	0
559	1168	0
677	986	0
492	760	0
219	199	0
304	1327	0
104	134	0
371	1125	0
81	1367	0
453	17	0
491	234	0
300	57	0
416	344	0
139	769	0
28	33	0
107	768	0
656	281	0
328	1172	0
292	1011	0
66	436	0
377	1133	0
228	852	0
67	907	0
42	519	0
531	1210	0
298	672	0
448	179	0
449	1276	0
168	1148	0
92	1187	0
570	1232	0
84	1312	0
598	699	0
203	321	0
427	1362	0
24	819	0
172	232	0
121	1113	0
1	983	0
441	1430	0
272	918	0
223	1360	0
7	171	0
640	1490	0
372	17	0
273	358	0
286	821	0
117	431	0
82	102	0
282	136	0
44	164	0
615	1005	0
209	1216	0
145	574	0
588	1421	0
609	1293	0
62	162	0
386	347	0
672	644	0
359	0	0
428	179	0
703	715	0
161	811	0
149	1309	0
550	326	0
351	23	0
456	875	0
288	35	0
345	1036	0
29	724	0
21	995	0
575	449	0
187	140	0
49	22	0
271	1089	0
481	1144	0
405	805	0
509	928	0
596	948	0
118	227	0
185	706	0
402	846	0
570	682	0
494	1343	0
659	71	0
302	663	0
4	1154	0
554	937	0
306	452	0
307	110	0
556	861	0
430	98	0
560	571	0
298	523	0
574	49	0
638	599	0
150	164	0
301	777	0
482	651	0
558	631	0
486	771	0
16	505	0
576	972	0
233	708	0
208	111	0
217	902	0
339	123	0
281	889	0
317	555	0
328	479	0
662	1307	0
507	782	0
183	236	0
71	641	0
22	82	0
47	82	0
158	1325	0
635	1507	0
582	370	0
634	1268	0
633	405	0
11	146	0
522	704	0
395	1415	0
91	926	0
264	1302	0
361	649	0
579	954	0
409	1420	0
565	767	0
321	41	0
379	814	0
27	1322	0
81	725	0
501	167	0
156	1465	0
574	1482	0
274	1404	0
358	681	0
492	174	0
503	317	0
540	1424	0
236	1424	0
675	1090	0
184	513	0
528	608	0
123	1326	0
144	555	0
514	986	0
176	1467	0
601	740	0
168	770	0
133	37	0
244	597	0
584	571	0
642	2	0
600	457	0
336	902	0
150	1396	0
137	1283	0
162	502	0
228	1496	0
261	375	0
339	891	0
449	202	0
159	792	0
220	253	0
630	739	0
179	1435	0
474	1316	0
214	29	0
364	844	0
296	538	0
602	43	0
132	1252	0
583	918	0
126	623	0
459	523	0
502	1325	0
640	1468	0
353	1051	0
700	759	0
121	847	0
579	458	0
317	206	0
546	1122	0
405	1422	0
92	738	0
520	653	0
555	1206	0
423	1279	0
447	468	0
256	891	0
227	273	0
692	195	0
105	416	0
377	189	0
502	1282	0
12	160	0
83	1136	0
674	1150	0
585	812	0
404	601	0
196	190	0
481	559	0
410	121	0
294	596	0
466	925	0
208	727	0
355	1135	0
587	242	0
119	466	0
203	1275	0
162	762	0
656	1269	0
323	193	0
601	1126	0
656	950	0
194	248	0
115	1000	0
308	738	0
24	893	0
381	1346	0
584	568	0
418	628	0
305	1421	0
146	451	0
110	297	0
180	236	0
462	919	0
643	870	0
184	435	0
60	817	0
3	1343	0
406	1381	0
693	66	0
26	347	0
131	672	0
572	1154	0
195	678	0
77	963	0
287	421	0
637	43	0
654	647	0
531	1031	0
289	142	0
193	629	0
163	76	0
77	944	0
651	1102	0
172	1105	0
621	213	0
627	1062	0
160	143	0
491	1276	0
170	677	0
30	43	0
446	845	0
504	1170	0
337	1034	0
420	1162	0
98	1083	0
33	1031	0
72	109	0
419	416	0
214	911	0
454	757	0
526	1309	0
685	1477	0
139	364	0
696	329	0
395	851	0
277	858	0
10	1228	0
176	528	0
590	1465	0
296	157	0
306	552	0
415	1139	0
76	1064	0
120	1347	0
151	1405	0
426	564	0
211	244	0
88	1083	0
311	531	0
583	392	0
673	41	0
547	421	0
338	1379	0
186	1116	0
216	1386	0
658	1273	0
186	201	0
47	1212	0
353	164	0
222	38	0
646	445	0
127	1473	0
163	583	0
417	965	0
436	317	0
473	726	0
311	621	0
269	1446	0
610	742	0
287	1039	0
180	30	0
364	275	0
441	746	0
33	723	0
602	1397	0
703	504	0
428	392	0
307	893	0
461	1191	0
22	865	0
695	404	0
569	1500	0
135	708	0
73	511	0
168	725	0
563	1035	0
129	59	0
635	807	0
375	292	0
1	369	0
137	1336	0
411	1244	0
411	183	0
421	368	0
308	1131	0
412	1398	0
145	869	0
609	1010	0
676	946	0
134	1470	0
468	792	0
42	905	0
450	1074	0
35	1155	0
414	173	0
571	1431	0
345	912	0
363	865	0
296	147	0
704	577	0
591	895	0
504	1346	0
283	1186	0
309	868	0
225	17	0
98	392	0
198	1244	0
77	477	0
333	1330	0
635	641	0
73	1481	0
50	134	0
387	753	0
44	535	0
591	1188	0
603	781	0
448	192	0
162	1382	0
597	1358	0
183	415	0
278	1203	0
230	1066	0
359	1037	0
240	354	0
163	394	0
498	76	0
17	1	0
388	154	0
618	741	0
408	463	0
664	424	0
705	582	0
120	1442	0
451	1108	0
293	531	0
567	528	0
658	35	0
639	303	0
161	1333	0
244	516	0
70	941	0
510	629	0
399	1496	0
325	1369	0
445	125	0
72	304	0
250	1044	0
452	340	0
233	628	0
479	872	0
494	70	0
505	1133	0
405	367	0
518	1034	0
155	1440	0
115	431	0
139	1295	0
661	897	0
186	832	0
448	509	0
144	1002	0
354	874	0
49	723	0
83	384	0
550	949	0
323	1298	0
29	461	0
61	1400	0
523	235	0
554	1182	0
574	714	0
68	906	0
244	666	0
98	1327	0
644	723	0
271	1174	0
489	1363	0
704	366	0
414	540	0
198	17	0
522	457	0
290	65	0
50	847	0
324	116	0
283	788	0
2	1058	0
4	448	0
221	345	0
543	572	0
527	398	0
385	909	0
569	1326	0
88	46	0
345	859	0
490	1323	0
130	1145	0
623	1032	0
361	585	0
151	1390	0
511	191	0
307	73	0
547	1505	0
280	138	0
383	1048	0
179	65	0
552	891	0
225	436	0
604	436	0
552	1457	0
271	800	0
177	408	0
107	108	0
176	380	0
573	498	0
506	661	0
652	1504	0
421	527	0
13	135	0
373	475	0
124	521	0
632	341	0
71	19	0
216	850	0
412	804	0
162	1331	0
486	1070	0
278	202	0
525	651	0
258	272	0
693	757	0
139	1214	0
133	49	0
209	175	0
442	158	0
233	1456	0
265	1311	0
486	548	0
185	764	0
573	68	0
145	1179	0
270	1487	0
241	161	0
413	116	0
357	1163	0
497	984	0
113	46	0
661	837	0
262	717	0
237	309	0
218	576	0
33	673	0
573	1075	0
687	485	0
147	1245	0
523	1192	0
143	1278	0
374	1405	0
642	1010	0
107	566	0
31	322	0
686	1278	0
89	1162	0
222	1384	0
5	1411	0
314	1056	0
655	1064	0
101	305	0
488	796	0
546	232	0
455	1503	0
594	105	0
650	902	0
482	412	0
209	1281	0
448	1081	0
607	520	0
546	1347	0
81	766	0
314	151	0
83	120	0
182	697	0
198	146	0
19	1323	0
151	586	0
444	398	0
706	838	0
365	187	0
686	734	0
371	773	0
407	1003	0
253	1503	0
10	1214	0
35	912	0
295	743	0
699	1259	0
510	1108	0
581	789	0
691	156	0
324	217	0
702	316	0
522	912	0
110	1415	0
624	534	0
251	1206	0
625	614	0
62	117	0
54	617	0
502	1476	0
14	651	0
18	832	0
656	578	0
595	724	0
329	1095	0
324	71	0
545	1440	0
34	876	0
333	843	0
167	998	0
435	622	0
380	1275	0
398	1362	0
634	39	0
190	1458	0
505	1085	0
627	1290	0
91	576	0
280	1210	0
2	690	0
557	264	0
169	524	0
388	371	0
20	159	0
4	849	0
320	143	0
621	1022	0
345	332	0
521	1029	0
238	574	0
651	653	0
346	88	0
120	635	0
678	449	0
346	390	0
282	1113	0
606	533	0
320	1168	0
211	373	0
406	967	0
187	880	0
441	121	0
633	132	0
287	925	0
557	1475	0
600	40	0
515	227	0
511	560	0
93	881	0
406	859	0
62	852	0
36	651	0
144	19	0
154	79	0
324	101	0
508	1328	0
122	296	0
168	590	0
129	1326	0
313	91	0
109	990	0
5	1	0
515	935	0
671	121	0
118	1234	0
82	686	0
621	149	0
391	159	0
334	1273	0
373	1303	0
334	1172	0
152	530	0
665	618	0
66	472	0
236	173	0
676	1499	0
301	85	0
428	1120	0
530	306	0
291	1449	0
538	354	0
317	944	0
19	388	0
44	1153	0
311	1396	0
413	1267	0
164	17	0
50	719	0
540	1201	0
624	74	0
208	606	0
537	272	0
128	1091	0
403	284	0
298	435	0
365	1019	0
284	549	0
152	130	0
618	1232	0
177	14	0
490	922	0
535	888	0
667	1365	0
66	806	0
509	1178	0
327	427	0
73	245	0
414	1009	0
451	711	0
205	772	0
560	440	0
217	496	0
205	582	0
628	516	0
252	414	0
2	365	0
41	386	0
425	736	0
8	1196	0
460	125	0
692	611	0
73	848	0
351	869	0
308	1077	0
202	1295	0
621	485	0
49	1422	0
349	1130	0
250	1356	0
436	129	0
318	1078	0
345	610	0
83	1002	0
334	58	0
214	1337	0
383	708	0
596	590	0
566	639	0
52	1185	0
102	878	0
394	280	0
620	792	0
633	894	0
241	141	0
257	750	0
81	160	0
132	391	0
577	546	0
463	1251	0
473	153	0
533	153	0
420	1023	0
277	630	0
19	235	0
256	125	0
75	1146	0
421	990	0
308	1050	0
325	1292	0
10	84	0
514	1318	0
355	593	0
88	337	0
293	1025	0
542	1279	0
380	1341	0
51	899	0
642	1076	0
9	1207	0
631	817	0
594	752	0
575	1264	0
101	81	0
384	351	0
56	453	0
268	1413	0
702	170	0
574	1421	0
87	1292	0
542	212	0
300	774	0
449	1132	0
591	563	0
415	842	0
545	422	0
446	871	0
105	755	0
649	870	0
665	458	0
230	483	0
402	1005	0
416	1082	0
681	1245	0
203	975	0
195	592	0
661	800	0
559	1057	0
529	249	0
636	1504	0
61	1422	0
416	376	0
259	1143	0
397	726	0
327	1162	0
631	312	0
322	184	0
117	939	0
547	841	0
30	1383	0
377	1385	0
92	1409	0
376	1196	0
690	1119	0
53	148	0
284	717	0
406	571	0
358	162	0
104	1282	0
434	320	0
377	1127	0
150	1182	0
672	995	0
588	967	0
302	656	0
22	121	0
541	803	0
479	613	0
448	919	0
285	651	0
671	327	0
376	284	0
326	1385	0
348	1049	0
611	4	0
41	1329	0
124	11	0
12	197	0
664	50	0
453	1410	0
453	1504	0
19	1204	0
130	1246	0
535	472	0
487	68	0
370	429	0
105	1461	0
324	544	0
612	1111	0
410	1391	0
630	856	0
12	874	0
117	1036	0
2	264	0
649	929	0
632	870	0
252	1055	0
77	162	0
544	205	0
410	124	0
69	891	0
285	643	0
78	890	0
523	391	0
137	382	0
105	91	0
231	445	0
91	774	0
13	501	0
385	518	0
471	53	0
215	28	0
568	1018	0
467	362	0
199	1304	0
577	494	0
466	1147	0
21	1272	0
436	159	0
275	321	0
458	631	0
475	1220	0
291	1354	0
539	296	0
634	1314	0
449	1198	0
425	485	0
345	407	0
491	102	0
62	988	0
692	268	0
629	199	0
593	1489	0
160	701	0
183	271	0
491	144	0
468	1206	0
557	551	0
357	838	0
66	313	0
263	1507	0
57	698	0
554	1497	0
363	439	0
231	284	0
466	1027	0
336	776	0
326	1092	0
34	1488	0
607	591	0
360	295	0
601	1144	0
197	318	0
157	197	0
272	436	0
16	104	0
165	661	0
401	727	0
353	160	0
426	112	0
230	294	0
424	1370	0
293	372	0
266	1193	0
284	671	0
148	59	0
590	799	0
162	47	0
698	214	0
182	444	0
386	426	0
221	766	0
245	1348	0
292	98	0
75	353	0
93	700	0
280	806	0
56	378	0
171	1436	0
356	945	0
250	15	0
635	457	0
609	713	0
683	765	0
539	1401	0
665	221	0
623	957	0
53	801	0
539	349	0
590	1274	0
545	160	0
14	245	0
408	978	0
370	122	0
451	1056	0
647	476	0
283	591	0
456	171	0
112	1003	0
232	1246	0
603	307	0
667	794	0
114	475	0
698	102	0
660	826	0
235	992	0
63	1212	0
326	742	0
411	914	0
463	1370	0
51	1138	0
1	840	0
254	896	0
592	1024	0
682	513	0
510	322	0
195	744	0
294	301	0
233	1344	0
374	846	0
66	752	0
233	1031	0
642	540	0
394	476	0
663	692	0
560	1058	0
138	759	0
436	348	0
118	65	0
12	239	0
366	166	0
649	832	0
187	1164	0
495	1190	0
584	85	0
371	543	0
448	233	0
527	1241	0
576	1224	0
508	941	0
42	465	0
74	259	0
397	202	0
621	1279	0
138	901	0
411	985	0
341	619	0
207	1479	0
421	115	0
127	132	0
506	1245	0
144	751	0
173	820	0
520	799	0
64	416	0
341	880	0
240	1494	0
543	726	0
345	1418	0
6	660	0
127	1136	0
198	72	0
660	987	0
137	981	0
441	1489	0
503	942	0
697	1468	0
366	1075	0
624	868	0
128	924	0
161	773	0
574	1226	0
616	1274	0
484	573	0
91	1252	0
190	120	0
577	49	0
706	239	0
78	331	0
382	1166	0
131	101	0
381	1457	0
620	1419	0
157	975	0
279	572	0
546	1013	0
699	449	0
67	1113	0
338	144	0
556	434	0
379	372	0
498	268	0
636	837	0
325	947	0
248	1221	0
341	1039	0
154	843	0
619	40	0
67	1184	0
151	1460	0
481	781	0
82	791	0
422	534	0
701	314	0
541	1366	0
163	1372	0
320	443	0
224	1298	0
644	363	0
689	150	0
119	94	0
43	1148	0
396	489	0
324	1442	0
559	807	0
449	1417	0
251	993	0
108	1487	0
479	1234	0
469	1444	0
402	1457	0
265	1165	0
347	0	0
305	693	0
39	1020	0
268	883	0
267	1484	0
532	589	0
396	930	0
106	833	0
635	837	0
656	1501	0
504	1250	0
466	795	0
217	641	0
527	762	0
628	690	0
515	1506	0
373	91	0
337	367	0
19	881	0
559	1462	0
626	1197	0
67	433	0
480	721	0
123	130	0
536	1337	0
582	1079	0
447	847	0
688	292	0
195	735	0
420	863	0
94	905	0
117	280	0
345	666	0
571	1248	0
628	488	0
309	1388	0
366	875	0
124	935	0
260	271	0
515	291	0
329	1023	0
592	89	0
433	598	0
205	816	0
703	250	0
617	1001	0
491	6	0
107	305	0
493	740	0
294	1417	0
569	750	0
313	1137	0
635	1053	0
545	155	0
691	767	0
464	777	0
667	999	0
570	1283	0
80	1202	0
504	584	0
333	1019	0
622	13	0
162	222	0
146	1331	0
374	826	0
422	312	0
95	1229	0
299	1042	0
429	1147	0
420	89	0
545	1274	0
152	321	0
568	1326	0
234	755	0
360	1031	0
239	315	0
209	1339	0
49	1133	0
44	224	0
261	1020	0
186	1391	0
19	1108	0
562	162	0
662	522	0
513	431	0
224	377	0
73	846	0
277	810	0
417	845	0
242	1172	0
544	561	0
284	401	0
542	1305	0
446	1036	0
312	45	0
26	870	0
431	1179	0
378	470	0
99	415	0
355	1492	0
698	308	0
75	1111	0
202	306	0
659	78	0
153	274	0
432	720	0
249	906	0
564	52	0
323	750	0
175	440	0
355	18	0
322	1365	0
529	658	0
507	968	0
91	1017	0
28	559	0
57	707	0
242	600	0
544	589	0
45	763	0
466	1414	0
544	1453	0
591	72	0
663	1269	0
618	1360	0
610	384	0
459	490	0
405	898	0
272	1317	0
259	111	0
220	761	0
534	592	0
328	1459	0
425	1024	0
250	1267	0
597	341	0
447	298	0
36	322	0
300	1050	0
209	1172	0
243	853	0
166	1221	0
148	1452	0
403	1413	0
385	818	0
644	944	0
251	1252	0
146	1026	0
154	466	0
125	656	0
48	62	0
265	974	0
606	1236	0
320	519	0
195	438	0
171	261	0
318	1274	0
52	888	0
513	188	0
640	1496	0
628	1404	0
694	1126	0
611	741	0
494	1500	0
161	162	0
652	99	0
479	241	0
27	142	0
569	363	0
337	574	0
277	1233	0
516	1088	0
637	99	0
107	1009	0
155	1280	0
265	112	0
613	632	0
512	117	0
696	1017	0
354	1325	0
341	1237	0
516	935	0
130	21	0
617	1373	0
687	885	0
350	1267	0
59	108	0
577	106	0
587	346	0
53	487	0
170	1272	0
304	879	0
51	1250	0
678	48	0
41	1210	0
553	563	0
436	980	0
458	594	0
658	751	0
378	918	0
455	1086	0
83	1320	0
574	590	0
247	1032	0
314	222	0
295	822	0
112	659	0
73	960	0
224	392	0
93	1013	0
267	60	0
237	513	0
336	878	0
237	1015	0
193	1149	0
176	559	0
538	66	0
670	1449	0
538	440	0
193	767	0
14	551	0
413	50	0
376	1121	0
259	1117	0
479	1261	0
111	1261	0
176	387	0
319	574	0
49	316	0
430	1330	0
510	200	0
447	1315	0
358	596	0
57	695	0
111	80	0
530	325	0
507	307	0
453	14	0
270	487	0
526	1488	0
436	471	0
568	292	0
634	1489	0
114	414	0
255	1355	0
474	370	0
115	377	0
84	409	0
534	744	0
150	1448	0
403	296	0
17	272	0
8	1176	0
569	596	0
87	1383	0
402	840	0
209	953	0
29	780	0
299	1375	0
491	872	0
448	710	0
216	1488	0
508	748	0
23	293	0
452	142	0
141	782	0
278	1315	0
168	834	0
88	152	0
80	40	0
450	1025	0
604	1254	0
405	723	0
41	350	0
665	96	0
112	317	0
561	685	0
540	804	0
62	1455	0
284	431	0
358	1299	0
411	27	0
636	691	0
277	619	0
114	393	0
319	1476	0
7	359	0
281	283	0
121	147	0
53	776	0
142	933	0
666	1007	0
457	1421	0
360	317	0
522	628	0
291	262	0
313	68	0
154	902	0
614	968	0
192	985	0
468	212	0
519	965	0
525	19	0
438	617	0
477	964	0
599	86	0
366	1284	0
471	435	0
633	370	0
499	583	0
585	297	0
511	1246	0
391	1349	0
301	1145	0
281	367	0
524	1455	0
706	1200	0
448	485	0
702	4	0
165	1055	0
259	1103	0
75	58	0
431	974	0
585	730	0
53	614	0
281	300	0
76	659	0
88	479	0
25	1207	0
0	673	0
668	184	0
239	561	0
592	578	0
631	904	0
459	1419	0
289	931	0
347	580	0
355	52	0
398	12	0
628	729	0
448	1043	0
113	1430	0
78	691	0
703	177	0
524	717	0
555	940	0
149	762	0
278	1217	0
551	81	0
123	291	0
163	1452	0
401	1195	0
127	707	0
1	1198	0
279	952	0
207	451	0
294	1155	0
339	1432	0
457	68	0
212	702	0
454	978	0
543	543	0
16	1452	0
168	774	0
193	646	0
669	27	0
324	272	0
376	1285	0
642	1285	0
694	820	0
227	1233	0
415	1295	0
113	1169	0
586	1010	0
541	1354	0
77	509	0
485	450	0
490	1200	0
0	1003	0
464	635	0
305	1258	0
153	406	0
643	114	0
645	965	0
316	322	0
250	315	0
389	480	0
449	903	0
201	1469	0
20	1438	0
567	767	0
21	589	0
124	40	0
494	838	0
266	164	0
606	1062	0
531	330	0
489	61	0
572	1296	0
215	439	0
381	1280	0
315	369	0
540	1419	0
286	543	0
661	628	0
408	1431	0
689	337	0
521	936	0
424	153	0
75	322	0
354	464	0
531	1034	0
40	396	0
569	572	0
351	854	0
439	97	0
632	615	0
609	870	0
636	1063	0
619	652	0
125	973	0
83	665	0
239	1464	0
328	765	0
110	183	0
15	1092	0
162	992	0
81	1332	0
622	95	0
150	838	0
653	1214	0
101	637	0
515	568	0
537	572	0
525	707	0
394	169	0
632	1404	0
139	931	0
381	922	0
227	1119	0
543	834	0
429	1494	0
50	1018	0
1	857	0
529	1063	0
410	179	0
116	946	0
495	503	0
579	794	0
656	668	0
482	134	0
395	981	0
242	90	0
353	1343	0
38	589	0
695	143	0
383	295	0
701	833	0
155	137	0
329	1119	0
192	1372	0
324	412	0
88	1027	0
13	1356	0
458	235	0
528	1333	0
616	1030	0
468	487	0
688	552	0
390	24	0
422	1289	0
644	717	0
384	1264	0
630	1042	0
290	306	0
272	931	0
423	598	0
409	908	0
152	1330	0
112	359	0
350	696	0
344	761	0
647	395	0
305	1198	0
17	1323	0
644	1289	0
554	474	0
582	1307	0
138	250	0
194	1207	0
339	284	0
602	182	0
181	461	0
553	376	0
488	324	0
53	200	0
372	121	0
384	762	0
393	648	0
448	116	0
158	648	0
667	660	0
506	258	0
565	74	0
60	1269	0
5	1492	0
539	811	0
651	1097	0
473	888	0
73	1484	0
490	1321	0
326	62	0
403	956	0
342	828	0
45	1201	0
648	937	0
110	1365	0
25	60	0
379	1327	0
314	63	0
284	357	0
423	903	0
331	617	0
60	641	0
518	775	0
3	649	0
431	22	0
570	130	0
525	394	0
334	838	0
138	1492	0
82	1010	0
442	1112	0
676	973	0
707	1436	0
155	1188	0
570	124	0
205	1257	0
648	1511	0
361	1493	0
164	1231	0
568	450	0
148	1148	0
72	917	0
464	88	0
687	47	0
532	411	0
609	995	0
657	1050	0
281	494	0
613	721	0
384	272	0
524	1054	0
526	545	0
302	78	0
626	158	0
94	556	0
255	343	0
408	1456	0
686	487	0
349	619	0
127	1369	0
615	966	0
293	148	0
459	736	0
449	154	0
553	204	0
255	1310	0
22	1399	0
131	772	0
345	665	0
278	1352	0
95	1393	0
309	922	0
361	703	0
344	1251	0
523	1103	0
224	881	0
611	109	0
153	1310	0
498	239	0
571	927	0
344	173	0
310	608	0
307	380	0
110	954	0
260	334	0
200	1072	0
596	150	0
609	336	0
360	935	0
147	1198	0
205	885	0
358	423	0
306	21	0
566	469	0
347	872	0
67	780	0
84	429	0
221	111	0
706	94	0
232	1170	0
233	173	0
145	379	0
233	667	0
585	17	0
13	1319	0
164	554	0
339	289	0
679	240	0
10	27	0
245	487	0
12	1197	0
529	1041	0
199	38	0
253	1039	0
562	19	0
148	1009	0
305	1117	0
517	101	0
485	1014	0
66	1434	0
580	491	0
296	1056	0
210	692	0
143	387	0
2	26	0
611	957	0
423	1457	0
277	290	0
163	1309	0
583	1119	0
151	904	0
468	1479	0
173	817	0
4	1440	0
214	101	0
88	489	0
642	1441	0
665	187	0
690	90	0
476	1360	0
700	789	0
191	1189	0
466	817	0
583	1448	0
392	1060	0
223	825	0
538	604	0
576	514	0
636	569	0
432	150	0
113	971	0
385	1495	0
6	820	0
463	499	0
619	826	0
253	518	0
598	292	0
282	150	0
319	1364	0
140	798	0
375	154	0
206	1228	0
279	1310	0
408	1413	0
514	435	0
96	931	0
465	230	0
232	1393	0
98	316	0
8	894	0
209	859	0
173	1429	0
354	466	0
625	1116	0
515	378	0
454	15	0
565	1148	0
268	990	0
255	1382	0
5	459	0
429	910	0
647	885	0
575	1337	0
41	1511	0
307	358	0
13	1318	0
312	1435	0
284	1234	0
450	1045	0
525	193	0
481	1080	0
677	707	0
44	507	0
656	1251	0
220	888	0
659	701	0
60	1048	0
270	1137	0
702	1056	0
642	93	0
695	504	0
317	1380	0
465	817	0
551	907	0
86	287	0
273	468	0
323	164	0
168	906	0
253	806	0
433	594	0
252	1235	0
69	493	0
523	1378	0
142	1354	0
504	1207	0
365	843	0
100	388	0
383	311	0
32	602	0
674	1097	0
371	993	0
358	1432	0
120	1181	0
334	1047	0
653	1261	0
53	269	0
352	785	0
60	667	0
411	1501	0
536	701	0
291	1312	0
624	1057	0
707	1474	0
573	1076	0
170	606	0
57	647	0
12	1392	0
518	112	0
250	1032	0
307	177	0
6	693	0
233	673	0
283	1479	0
172	1323	0
239	54	0
31	86	0
322	103	0
706	410	0
296	1505	0
91	713	0
208	969	0
353	1408	0
113	1003	0
612	132	0
26	599	0
296	368	0
99	903	0
416	1268	0
465	923	0
379	1483	0
624	1162	0
359	164	0
699	648	0
677	1192	0
509	638	0
82	875	0
85	982	0
197	370	0
44	1320	0
587	546	0
261	805	0
570	519	0
652	182	0
575	469	0
67	217	0
97	652	0
255	996	0
305	1482	0
551	1204	0
472	188	0
257	80	0
117	157	0
697	5	0
129	80	0
644	1122	0
358	529	0
461	819	0
24	493	0
68	602	0
120	1199	0
59	424	0
350	937	0
330	260	0
74	956	0
110	1232	0
640	1099	0
157	1490	0
253	665	0
610	487	0
318	698	0
254	190	0
696	794	0
651	988	0
499	85	0
166	521	0
8	469	0
539	819	0
678	936	0
476	50	0
423	215	0
529	72	0
162	245	0
350	706	0
37	1354	0
115	826	0
187	678	0
516	424	0
116	360	0
664	199	0
130	1285	0
534	203	0
343	693	0
521	417	0
295	895	0
154	1269	0
8	150	0
667	336	0
631	1257	0
148	281	0
59	538	0
651	1259	0
349	129	0
652	896	0
385	748	0
104	800	0
116	128	0
527	366	0
632	759	0
615	714	0
176	338	0
110	1367	0
242	1511	0
378	1490	0
322	462	0
455	676	0
260	891	0
300	381	0
299	758	0
649	1313	0
146	324	0
63	904	0
396	1405	0
628	1072	0
83	1023	0
35	1282	0
582	1203	0
55	37	0
609	936	0
640	946	0
565	163	0
130	1463	0
373	573	0
421	394	0
188	682	0
500	897	0
527	57	0
636	1409	0
46	1300	0
256	334	0
433	248	0
534	1044	0
686	385	0
164	673	0
617	1459	0
240	1260	0
370	1154	0
1	176	0
592	208	0
683	75	0
153	1033	0
215	800	0
256	1327	0
395	973	0
398	124	0
48	1001	0
599	535	0
73	504	0
545	370	0
211	1015	0
444	844	0
707	1229	0
25	826	0
439	372	0
5	425	0
215	633	0
338	882	0
546	1091	0
94	1093	0
645	817	0
607	381	0
488	117	0
100	1350	0
521	456	0
659	885	0
631	1303	0
228	781	0
48	1473	0
250	1024	0
695	699	0
255	1024	0
461	423	0
436	42	0
257	1496	0
433	157	0
481	408	0
513	1093	0
59	1225	0
436	944	0
254	295	0
45	560	0
194	1146	0
232	1097	0
634	1403	0
408	379	0
461	1321	0
139	614	0
512	714	0
146	673	0
348	1272	0
420	4	0
16	653	0
174	893	0
598	92	0
275	355	0
580	1472	0
613	112	0
489	1064	0
667	504	0
144	1235	0
77	617	0
430	519	0
272	1066	0
277	542	0
442	1361	0
612	1234	0
383	1379	0
201	490	0
556	320	0
311	570	0
59	78	0
85	1375	0
397	821	0
390	1148	0
327	972	0
539	1270	0
662	1243	0
702	337	0
504	1167	0
449	667	0
198	1251	0
509	190	0
331	115	0
105	775	0
82	1187	0
475	489	0
259	348	0
253	1252	0
338	753	0
55	232	0
536	1142	0
522	645	0
275	312	0
654	1328	0
335	922	0
47	275	0
536	703	0
8	1319	0
611	990	0
235	879	0
486	338	0
269	1399	0
67	1129	0
707	506	0
50	655	0
678	940	0
469	852	0
668	1126	0
450	665	0
291	1072	0
10	664	0
525	854	0
102	1	0
331	230	0
226	1354	0
228	231	0
97	1383	0
678	1025	0
562	1332	0
122	1071	0
70	257	0
373	203	0
523	281	0
420	243	0
180	1209	0
166	397	0
79	148	0
245	1295	0
118	173	0
306	1251	0
526	1120	0
647	111	0
132	62	0
667	635	0
112	517	0
400	881	0
509	512	0
569	354	0
625	374	0
616	1398	0
667	467	0
333	1053	0
400	948	0
409	1438	0
373	140	0
646	739	0
259	1481	0
472	508	0
362	155	0
478	404	0
206	1505	0
340	1119	0
349	709	0
439	912	0
491	767	0
140	1319	0
268	1179	0
514	372	0
265	930	0
541	302	0
681	989	0
640	504	0
425	1282	0
359	246	0
86	1323	0
480	107	0
694	474	0
497	1413	0
4	959	0
157	430	0
289	401	0
229	1356	0
50	1071	0
381	655	0
418	700	0
366	307	0
428	835	0
405	562	0
280	965	0
299	330	0
19	1176	0
316	449	0
257	1211	0
436	1291	0
678	99	0
53	1322	0
30	244	0
621	1197	0
329	1229	0
519	681	0
586	93	0
448	1217	0
259	993	0
219	302	0
137	528	0
493	1474	0
498	235	0
630	1176	0
68	761	0
505	493	0
512	1475	0
687	809	0
218	575	0
298	429	0
498	511	0
245	1335	0
540	1413	0
279	1123	0
360	613	0
537	745	0
77	105	0
396	317	0
143	607	0
329	1091	0
165	1487	0
346	862	0
489	558	0
118	1387	0
34	1263	0
327	418	0
561	916	0
100	419	0
38	1211	0
37	876	0
80	1361	0
171	145	0
695	649	0
89	1375	0
369	570	0
584	1133	0
360	468	0
201	565	0
308	194	0
448	633	0
380	475	0
435	12	0
475	824	0
393	911	0
647	363	0
555	969	0
144	458	0
48	560	0
196	1348	0
540	549	0
344	1370	0
597	349	0
456	832	0
327	1138	0
406	788	0
537	312	0
166	412	0
377	1088	0
375	866	0
430	1108	0
419	1043	0
135	87	0
585	394	0
209	960	0
507	1046	0
528	1142	0
179	634	0
230	1135	0
203	452	0
559	1447	0
414	1402	0
511	590	0
236	1450	0
314	504	0
649	360	0
175	1060	0
20	94	0
271	820	0
527	1168	0
242	948	0
594	1362	0
659	607	0
134	729	0
52	630	0
188	821	0
522	800	0
126	948	0
100	464	0
594	567	0
437	795	0
216	308	0
663	735	0
310	111	0
264	481	0
605	920	0
560	161	0
683	442	0
330	113	0
341	653	0
561	815	0
504	643	0
89	563	0
358	1259	0
550	265	0
75	621	0
629	1290	0
435	315	0
324	1330	0
312	1058	0
79	1478	0
116	579	0
457	424	0
139	382	0
601	1435	0
121	388	0
241	1050	0
304	577	0
337	228	0
74	968	0
345	1082	0
495	1001	0
462	1330	0
375	1054	0
550	1164	0
151	1476	0
368	1011	0
689	1252	0
552	684	0
318	193	0
339	862	0
27	104	0
655	533	0
184	374	0
271	204	0
569	251	0
634	956	0
648	1482	0
586	583	0
557	993	0
437	817	0
672	1073	0
579	286	0
668	1298	0
33	199	0
4	252	0
673	52	0
455	521	0
100	900	0
529	1391	0
20	1050	0
12	781	0
23	381	0
530	905	0
295	756	0
317	870	0
615	280	0
110	676	0
628	169	0
268	884	0
71	21	0
67	1400	0
553	117	0
83	873	0
461	32	0
219	66	0
627	50	0
526	1060	0
126	375	0
601	795	0
667	667	0
239	848	0
238	1502	0
653	426	0
26	302	0
577	187	0
147	223	0
27	655	0
646	287	0
193	1010	0
677	1003	0
165	363	0
120	1424	0
323	742	0
583	157	0
694	522	0
191	913	0
314	1301	0
681	1159	0
584	846	0
515	31	0
275	806	0
705	373	0
436	1285	0
542	563	0
270	696	0
450	387	0
78	676	0
14	109	0
346	70	0
133	1230	0
699	973	0
51	1469	0
612	242	0
693	1461	0
588	799	0
250	385	0
487	1410	0
278	564	0
181	1088	0
393	1206	0
658	709	0
516	798	0
608	609	0
163	1061	0
103	1044	0
252	913	0
474	909	0
519	1105	0
306	809	0
660	1411	0
284	494	0
654	895	0
61	812	0
450	1199	0
463	949	0
319	1133	0
603	1483	0
584	697	0
656	1188	0
207	872	0
692	523	0
508	1415	0
14	1127	0
337	1474	0
494	378	0
704	133	0
324	1337	0
255	449	0
572	261	0
620	177	0
346	754	0
593	263	0
5	810	0
369	1446	0
55	108	0
337	177	0
336	1242	0
18	194	0
86	69	0
509	72	0
74	1344	0
186	932	0
222	314	0
238	801	0
275	1046	0
467	1032	0
614	354	0
599	48	0
80	585	0
659	1450	0
37	304	0
455	300	0
377	645	0
544	573	0
368	1039	0
500	908	0
311	923	0
410	1023	0
70	552	0
360	460	0
359	808	0
477	1403	0
149	778	0
538	2	0
106	313	0
547	521	0
491	1272	0
413	1167	0
595	1505	0
566	1016	0
685	464	0
37	975	0
290	1508	0
306	365	0
543	1236	0
596	316	0
257	510	0
227	837	0
103	267	0
604	1242	0
96	497	0
387	1097	0
699	1480	0
532	30	0
589	284	0
243	179	0
585	1331	0
634	465	0
432	1186	0
642	377	0
590	831	0
163	1369	0
58	1189	0
35	441	0
592	543	0
674	1326	0
357	691	0
48	638	0
386	665	0
583	732	0
200	606	0
705	491	0
534	525	0
520	1117	0
438	955	0
15	1436	0
535	661	0
589	787	0
282	828	0
577	274	0
335	1039	0
399	1478	0
270	1243	0
302	291	0
403	412	0
79	510	0
483	635	0
587	96	0
610	1141	0
695	785	0
203	368	0
298	150	0
76	685	0
669	468	0
397	297	0
500	1236	0
289	1431	0
601	702	0
96	508	0
119	155	0
430	630	0
35	164	0
97	1070	0
119	269	0
529	938	0
238	219	0
597	824	0
189	699	0
675	519	0
389	1105	0
415	952	0
512	745	0
26	1437	0
354	720	0
288	1287	0
205	1408	0
508	1239	0
120	952	0
167	983	0
699	715	0
494	667	0
127	904	0
241	195	0
368	665	0
234	455	0
166	859	0
117	1387	0
438	259	0
473	1352	0
125	35	0
613	1235	0
238	1039	0
640	1272	0
324	87	0
555	1076	0
102	697	0
398	1020	0
533	759	0
704	610	0
94	1443	0
44	571	0
215	999	0
472	1269	0
629	324	0
291	833	0
154	216	0
617	867	0
82	200	0
605	512	0
236	1013	0
624	1237	0
496	1152	0
106	1499	0
86	732	0
623	271	0
173	563	0
209	1157	0
442	674	0
611	1124	0
657	1167	0
183	369	0
456	1478	0
243	126	0
661	1345	0
382	1023	0
417	814	0
81	358	0
688	1472	0
447	152	0
385	1091	0
54	128	0
296	35	0
349	217	0
86	487	0
51	659	0
304	1420	0
654	382	0
642	1254	0
467	627	0
637	1315	0
126	62	0
338	1198	0
616	1214	0
31	502	0
603	62	0
437	408	0
651	683	0
59	57	0
228	0	0
415	1455	0
626	864	0
134	530	0
537	53	0
184	1373	0
639	1096	0
125	979	0
94	192	0
30	720	0
642	914	0
679	1116	0
111	44	0
60	1175	0
273	909	0
110	1030	0
339	507	0
206	955	0
627	1321	0
186	614	0
494	772	0
534	866	0
413	91	0
165	914	0
665	449	0
240	362	0
144	880	0
139	1252	0
584	716	0
294	483	0
463	76	0
215	708	0
459	458	0
655	794	0
348	1296	0
307	1237	0
512	446	0
269	672	0
536	280	0
449	1451	0
437	771	0
390	904	0
367	1338	0
301	1363	0
572	820	0
657	183	0
432	1507	0
513	803	0
566	707	0
355	558	0
515	993	0
487	203	0
706	1327	0
523	1207	0
675	1413	0
579	917	0
184	583	0
390	791	0
496	525	0
40	1236	0
331	766	0
655	417	0
318	756	0
149	1370	0
297	794	0
390	1403	0
436	939	0
3	694	0
686	1060	0
491	1115	0
154	545	0
231	1206	0
51	1332	0
641	55	0
261	1336	0
391	488	0
99	972	0
96	220	0
310	1477	0
436	1336	0
371	671	0
258	252	0
688	1275	0
392	1128	0
478	1372	0
52	992	0
22	1194	0
19	392	0
579	1276	0
651	246	0
662	659	0
487	156	0
502	1118	0
494	911	0
350	329	0
437	893	0
520	155	0
462	838	0
660	814	0
231	974	0
562	1499	0
559	1069	0
381	108	0
635	955	0
570	1030	0
168	408	0
195	1324	0
147	549	0
206	841	0
309	1437	0
100	698	0
423	849	0
644	1311	0
153	1145	0
55	642	0
231	1140	0
133	337	0
281	436	0
30	1354	0
661	1419	0
566	432	0
88	98	0
384	413	0
434	356	0
140	516	0
272	213	0
571	457	0
527	167	0
4	1109	0
702	874	0
146	894	0
643	637	0
416	1109	0
569	1230	0
682	835	0
56	426	0
492	168	0
301	872	0
198	354	0
140	371	0
91	1281	0
478	1264	0
80	772	0
312	1210	0
680	1112	0
161	387	0
150	250	0
340	684	0
370	1250	0
105	1185	0
596	210	0
529	541	0
317	970	0
565	1218	0
445	768	0
153	376	0
33	652	0
563	447	0
337	1086	0
562	462	0
637	349	0
207	487	0
358	42	0
436	1311	0
211	1310	0
609	1050	0
473	1188	0
528	401	0
572	1294	0
204	765	0
109	380	0
528	1511	0
26	636	0
332	331	0
154	767	0
26	1189	0
435	415	0
252	1202	0
121	1381	0
220	1149	0
550	995	0
431	894	0
172	924	0
532	1330	0
620	684	0
580	1484	0
617	16	0
243	1048	0
688	1296	0
569	574	0
437	358	0
505	1484	0
422	1080	0
119	589	0
48	535	0
90	1234	0
288	242	0
76	1173	0
293	1099	0
387	454	0
92	725	0
221	490	0
468	542	0
693	1290	0
314	99	0
59	1392	0
681	1322	0
243	66	0
235	493	0
482	31	0
171	811	0
276	482	0
44	1476	0
619	218	0
660	653	0
371	1362	0
316	373	0
480	796	0
55	655	0
5	611	0
675	1481	0
270	729	0
136	1218	0
271	1113	0
663	266	0
392	881	0
592	476	0
109	245	0
90	1339	0
348	941	0
199	1011	0
334	907	0
1	760	0
212	531	0
586	824	0
494	1309	0
45	105	0
76	213	0
269	815	0
279	77	0
679	1442	0
507	1423	0
383	581	0
259	1341	0
631	561	0
524	93	0
173	219	0
237	255	0
53	1230	0
427	707	0
78	1327	0
666	151	0
561	486	0
129	849	0
167	627	0
699	635	0
676	1198	0
228	132	0
279	275	0
16	1349	0
0	985	0
50	293	0
194	1056	0
504	856	0
253	222	0
583	53	0
497	51	0
52	1475	0
42	1399	0
674	1343	0
104	671	0
112	715	0
122	596	0
119	654	0
592	1240	0
693	320	0
471	229	0
46	899	0
577	947	0
262	873	0
526	187	0
498	1422	0
434	1373	0
486	70	0
139	546	0
482	1173	0
447	1298	0
24	1024	0
122	761	0
501	475	0
8	1370	0
3	851	0
518	843	0
218	1140	0
630	976	0
324	726	0
169	130	0
546	566	0
537	725	0
438	1067	0
236	542	0
478	1395	0
615	146	0
444	387	0
135	391	0
599	41	0
96	527	0
114	322	0
496	825	0
260	1068	0
164	142	0
459	80	0
118	591	0
84	1043	0
525	1342	0
57	456	0
170	738	0
425	759	0
