0	0
0	81
0	118
0	122
0	124
0	138
0	157
0	188
0	243
0	276
0	292
0	320
0	338
0	341
0	345
1	1
1	2
1	3
1	15
1	27
1	34
1	40
1	42
1	56
1	58
1	61
1	65
1	75
1	78
1	83
1	85
1	87
1	101
1	127
1	179
1	224
1	228
1	261
1	267
1	275
1	286
1	325
1	340
1	350
2	2
2	20
2	50
2	54
2	59
2	60
2	62
2	77
2	79
2	86
2	116
2	147
2	178
2	200
2	214
2	220
2	224
2	261
2	264
2	267
2	268
2	284
2	325
2	340
2	359
3	3
3	15
3	27
3	34
3	40
3	42
3	56
3	58
3	61
3	65
3	75
3	78
3	83
3	85
3	87
3	101
3	127
3	175
3	179
3	201
3	228
3	238
3	275
3	286
3	338
3	350
4	4
4	35
4	38
4	48
4	51
4	63
4	64
4	66
4	134
4	138
4	149
4	165
4	182
4	232
4	259
4	262
4	269
4	271
4	272
4	308
4	344
5	5
5	24
5	47
5	80
5	82
5	99
5	100
5	175
5	192
5	197
5	202
5	240
5	247
5	271
5	279
5	292
5	295
5	304
5	311
5	335
5	346
5	357
6	6
6	7
6	8
6	9
6	10
6	11
6	12
6	13
6	14
6	96
6	113
6	122
6	125
6	157
6	158
6	172
6	174
6	194
6	248
6	249
6	254
6	268
6	277
6	283
6	311
6	353
7	7
7	8
7	9
7	10
7	11
7	12
7	13
7	14
7	28
7	36
7	68
7	90
7	112
7	122
7	146
7	154
7	172
7	194
7	238
7	245
7	249
7	254
7	268
7	311
8	8
8	9
8	10
8	11
8	12
8	13
8	14
8	29
8	69
8	122
8	150
8	152
8	160
8	172
8	194
8	199
8	249
8	254
8	268
8	311
8	324
8	331
8	348
8	356
9	9
9	10
9	11
9	12
9	13
9	14
9	30
9	70
9	122
9	142
9	172
9	184
9	194
9	203
9	204
9	209
9	239
9	249
9	254
9	268
9	278
9	298
9	311
9	319
9	325
9	333
9	343
9	358
10	10
10	11
10	12
10	13
10	14
10	71
10	105
10	107
10	108
10	109
10	122
10	137
10	141
10	172
10	180
10	183
10	194
10	213
10	218
10	249
10	254
10	268
10	311
10	330
10	332
11	11
11	12
11	13
11	14
11	122
11	172
11	194
11	207
11	227
11	249
11	253
11	254
11	263
11	268
11	280
11	288
11	311
12	12
12	13
12	14
12	31
12	72
12	114
12	122
12	126
12	172
12	187
12	194
12	196
12	219
12	249
12	254
12	268
12	273
12	274
12	285
12	306
12	311
12	323
13	13
13	14
13	32
13	73
13	119
13	122
13	172
13	194
13	211
13	222
13	231
13	249
13	251
13	254
13	262
13	268
13	270
13	293
13	297
13	300
13	311
13	316
13	340
13	355
14	14
14	33
14	74
14	97
14	122
14	131
14	159
14	172
14	176
14	186
14	194
14	197
14	206
14	249
14	254
14	268
14	301
14	311
14	313
15	15
15	16
15	27
15	34
15	40
15	42
15	56
15	58
15	61
15	65
15	75
15	78
15	83
15	85
15	87
15	101
15	110
15	127
15	179
15	228
15	251
15	275
15	286
15	350
15	356
16	16
16	43
16	76
16	84
16	88
16	92
16	99
16	110
16	124
16	161
16	162
16	164
16	242
16	251
16	287
16	296
16	356
17	17
17	21
17	22
17	26
17	57
17	98
17	115
17	136
17	147
17	148
17	195
17	208
17	245
17	254
17	276
17	305
17	315
17	352
18	18
18	23
18	55
18	102
18	121
18	128
18	131
18	134
18	167
18	172
18	188
18	211
18	215
18	225
18	226
18	237
18	246
18	259
18	260
18	261
18	303
18	318
18	329
19	19
19	130
19	139
19	168
19	169
19	171
19	177
19	185
19	192
19	224
19	243
19	250
19	252
19	269
19	290
19	336
20	20
20	50
20	54
20	59
20	60
20	62
20	77
20	79
20	86
20	107
20	116
20	126
20	147
20	155
20	166
20	178
20	198
20	200
20	214
20	220
20	233
20	264
20	268
20	284
20	346
20	359
21	21
21	22
21	26
21	57
21	103
21	111
21	115
21	136
21	149
21	195
21	208
21	235
21	241
21	252
21	254
21	276
21	305
21	315
21	323
22	22
22	26
22	57
22	115
22	119
22	136
22	184
22	195
22	208
22	254
22	276
22	305
22	315
22	353
23	23
23	55
23	102
23	121
23	128
23	167
23	172
23	188
23	215
23	225
23	226
23	232
23	237
23	246
23	259
23	260
23	261
23	264
23	283
23	316
23	318
23	342
24	24
24	47
24	80
24	82
24	100
24	108
24	145
24	175
24	192
24	240
24	271
24	279
24	292
24	295
24	304
24	311
24	328
24	335
24	346
24	355
25	25
25	41
25	98
25	155
25	173
25	257
25	266
25	294
25	322
25	334
26	26
26	57
26	115
26	136
26	174
26	195
26	208
26	225
26	231
26	254
26	276
26	305
26	315
27	27
27	34
27	40
27	42
27	56
27	58
27	61
27	65
27	75
27	78
27	83
27	85
27	87
27	101
27	127
27	128
27	158
27	179
27	186
27	222
27	228
27	275
27	286
27	289
27	350
28	28
28	29
28	30
28	31
28	32
28	33
28	36
28	68
28	90
28	112
28	125
28	146
28	154
28	161
28	238
28	245
29	29
29	30
29	31
29	32
29	33
29	69
29	125
29	150
29	152
29	160
29	161
29	199
29	324
29	331
29	348
29	356
30	30
30	31
30	32
30	33
30	70
30	125
30	142
30	161
30	184
30	203
30	204
30	209
30	239
30	278
30	298
30	319
30	325
30	333
30	343
30	358
31	31
31	32
31	33
31	72
31	114
31	125
31	126
31	161
31	187
31	196
31	219
31	273
31	274
31	285
31	306
31	323
32	32
32	33
32	73
32	119
32	125
32	161
32	211
32	222
32	231
32	251
32	262
32	270
32	293
32	297
32	300
32	316
32	340
32	355
33	33
33	74
33	97
33	125
33	131
33	159
33	161
33	176
33	186
33	197
33	206
33	301
33	313
34	34
34	35
34	40
34	42
34	56
34	58
34	61
34	65
34	75
34	78
34	83
34	85
34	87
34	101
34	127
34	130
34	143
34	178
34	179
34	208
34	212
34	228
34	275
34	286
34	333
34	350
35	35
35	38
35	48
35	51
35	63
35	64
35	66
35	130
35	134
35	138
35	143
35	149
35	165
35	178
35	208
35	212
35	232
35	269
35	272
35	308
35	333
36	36
36	68
36	90
36	93
36	102
36	112
36	146
36	150
36	154
36	189
36	200
36	228
36	238
36	245
36	308
36	336
37	37
37	49
37	67
37	93
37	123
37	135
37	140
37	144
37	146
37	163
37	179
37	181
37	196
37	223
37	250
37	281
37	299
37	302
37	303
37	310
37	313
37	344
38	38
38	48
38	51
38	63
38	64
38	66
38	91
38	134
38	138
38	149
38	165
38	167
38	221
38	232
38	269
38	272
38	275
38	287
38	288
38	308
38	320
38	331
39	39
39	133
39	144
39	180
39	182
39	189
39	190
39	193
39	199
39	210
39	233
39	234
39	241
39	267
39	328
39	329
39	357
40	40
40	42
40	56
40	58
40	61
40	65
40	75
40	78
40	83
40	85
40	87
40	92
40	101
40	127
40	179
40	228
40	275
40	286
40	291
40	294
40	314
40	319
40	350
41	41
41	94
41	98
41	153
41	155
41	164
41	173
41	177
41	257
41	270
41	294
41	322
41	326
42	42
42	43
42	44
42	45
42	46
42	56
42	58
42	61
42	65
42	75
42	78
42	83
42	85
42	87
42	101
42	127
42	173
42	179
42	206
42	207
42	228
42	239
42	275
42	286
42	350
43	43
43	44
43	45
43	46
43	76
43	84
43	88
43	92
43	99
43	124
43	161
43	162
43	164
43	173
43	206
43	207
43	239
43	242
43	287
43	296
44	44
44	45
44	46
44	95
44	103
44	132
44	166
44	173
44	206
44	207
44	212
44	229
44	230
44	239
44	249
44	258
44	282
44	291
44	299
44	334
44	342
44	349
45	45
45	46
45	94
45	143
45	148
45	173
45	205
45	206
45	207
45	217
45	235
45	236
45	239
45	247
45	255
45	265
45	266
45	289
45	309
45	321
45	327
46	46
46	91
46	104
46	106
46	110
46	117
46	156
46	173
46	194
46	198
46	201
46	202
46	206
46	207
46	216
46	239
46	244
46	326
46	337
46	339
46	347
47	47
47	48
47	49
47	50
47	80
47	82
47	100
47	175
47	192
47	216
47	240
47	271
47	279
47	292
47	295
47	304
47	305
47	307
47	311
47	335
47	343
47	346
47	348
48	48
48	49
48	50
48	51
48	63
48	64
48	66
48	134
48	138
48	149
48	165
48	216
48	232
48	269
48	272
48	305
48	307
48	308
48	343
48	348
49	49
49	50
49	67
49	93
49	135
49	140
49	163
49	216
49	223
49	250
49	281
49	302
49	303
49	305
49	307
49	310
49	343
49	344
49	348
50	50
50	54
50	59
50	60
50	62
50	77
50	79
50	86
50	116
50	147
50	178
50	200
50	214
50	216
50	220
50	264
50	268
50	284
50	305
50	307
50	343
50	348
50	359
51	51
51	63
51	64
51	66
51	106
51	112
51	113
51	134
51	138
51	149
51	165
51	226
51	232
51	269
51	272
51	280
51	285
51	308
51	330
52	52
52	53
52	120
52	123
52	129
52	256
52	278
52	306
52	312
52	317
52	351
52	352
53	53
53	120
53	123
53	129
53	187
53	220
53	229
53	256
53	263
53	312
53	317
53	351
53	352
54	54
54	59
54	60
54	62
54	77
54	79
54	86
54	115
54	116
54	147
54	160
54	178
54	200
54	214
54	220
54	264
54	268
54	284
54	296
54	359
55	55
55	102
55	105
55	121
55	128
55	167
55	172
55	188
55	215
55	225
55	226
55	237
55	246
55	259
55	260
55	261
55	318
55	324
56	56
56	58
56	61
56	65
56	75
56	78
56	83
56	85
56	87
56	101
56	114
56	120
56	127
56	162
56	179
56	183
56	217
56	228
56	260
56	275
56	286
56	345
56	350
57	57
57	115
57	136
57	154
57	170
57	190
57	195
57	208
57	230
57	254
57	255
57	276
57	305
57	315
58	58
58	59
58	61
58	65
58	75
58	78
58	83
58	85
58	87
58	96
58	101
58	127
58	179
58	228
58	275
58	286
58	335
58	350
59	59
59	60
59	62
59	77
59	79
59	86
59	96
59	116
59	147
59	178
59	200
59	214
59	220
59	264
59	268
59	284
59	335
59	359
60	60
60	62
60	77
60	79
60	86
60	104
60	116
60	139
60	147
60	178
60	200
60	214
60	220
60	264
60	268
60	284
60	359
61	61
61	62
61	65
61	75
61	78
61	83
61	85
61	87
61	101
61	127
61	136
61	179
61	210
61	213
61	228
61	275
61	282
61	286
61	350
61	358
62	62
62	77
62	79
62	86
62	116
62	136
62	147
62	178
62	200
62	210
62	213
62	214
62	220
62	264
62	268
62	282
62	284
62	358
62	359
63	63
63	64
63	66
63	97
63	133
63	134
63	138
63	140
63	149
63	165
63	232
63	269
63	272
63	290
63	298
63	308
63	350
64	64
64	66
64	100
64	109
64	134
64	138
64	142
64	149
64	152
64	165
64	214
64	219
64	232
64	269
64	272
64	297
64	302
64	308
64	337
65	65
65	75
65	78
65	83
65	85
65	87
65	90
65	101
65	127
65	163
65	179
65	228
65	273
65	275
65	286
65	350
66	66
66	116
66	132
66	134
66	138
66	149
66	159
66	165
66	191
66	193
66	227
66	232
66	244
66	246
66	269
66	272
66	308
66	317
66	321
67	67
67	93
67	127
67	135
67	140
67	163
67	168
67	223
67	250
67	265
67	281
67	302
67	303
67	310
67	322
67	344
67	354
68	68
68	69
68	70
68	71
68	72
68	73
68	74
68	90
68	112
68	146
68	151
68	154
68	185
68	238
68	245
68	248
68	347
69	69
69	70
69	71
69	72
69	73
69	74
69	150
69	151
69	152
69	160
69	185
69	199
69	248
69	324
69	331
69	347
69	348
69	356
70	70
70	71
70	72
70	73
70	74
70	142
70	151
70	184
70	185
70	203
70	204
70	209
70	239
70	248
70	278
70	298
70	319
70	325
70	333
70	343
70	347
70	358
71	71
71	72
71	73
71	74
71	105
71	107
71	108
71	109
71	137
71	141
71	151
71	180
71	183
71	185
71	213
71	218
71	248
71	330
71	332
71	347
72	72
72	73
72	74
72	114
72	126
72	151
72	185
72	187
72	196
72	219
72	248
72	273
72	274
72	285
72	306
72	323
72	347
73	73
73	74
73	119
73	151
73	185
73	211
73	222
73	231
73	248
73	251
73	262
73	270
73	293
73	297
73	300
73	316
73	340
73	347
73	355
74	74
74	97
74	131
74	151
74	159
74	176
74	185
74	186
74	197
74	206
74	248
74	301
74	313
74	347
75	75
75	76
75	78
75	83
75	85
75	87
75	101
75	121
75	127
75	129
75	179
75	228
75	234
75	258
75	275
75	281
75	286
75	295
75	350
76	76
76	84
76	88
76	92
76	99
76	121
76	124
76	129
76	161
76	162
76	164
76	234
76	242
76	258
76	281
76	287
76	295
76	296
77	77
77	79
77	86
77	116
77	147
77	156
77	178
77	200
77	214
77	218
77	220
77	264
77	268
77	284
77	312
77	318
77	327
77	359
78	78
78	79
78	83
78	85
78	87
78	101
78	127
78	137
78	179
78	228
78	275
78	286
78	350
79	79
79	86
79	116
79	137
79	147
79	178
79	200
79	214
79	220
79	264
79	268
79	284
79	359
80	80
80	82
80	100
80	175
80	192
80	209
80	240
80	253
80	271
80	277
80	279
80	292
80	295
80	304
80	309
80	311
80	335
80	341
80	346
80	349
81	81
81	118
81	122
81	165
81	171
81	176
81	242
81	243
81	256
81	320
81	338
81	341
81	345
82	82
82	95
82	100
82	101
82	118
82	175
82	192
82	236
82	240
82	271
82	272
82	279
82	284
82	292
82	293
82	295
82	301
82	304
82	310
82	311
82	315
82	335
82	346
83	83
83	84
83	85
83	87
83	101
83	127
83	135
83	179
83	195
83	203
83	228
83	237
83	275
83	286
83	304
83	350
84	84
84	88
84	92
84	99
84	124
84	135
84	161
84	162
84	164
84	195
84	203
84	237
84	242
84	287
84	296
84	304
85	85
85	86
85	87
85	101
85	127
85	169
85	179
85	204
85	205
85	228
85	257
85	275
85	279
85	286
85	300
85	339
85	350
86	86
86	116
86	147
86	169
86	178
86	200
86	204
86	205
86	214
86	220
86	257
86	264
86	268
86	279
86	284
86	300
86	339
86	359
87	87
87	88
87	101
87	117
87	127
87	179
87	215
87	223
87	228
87	274
87	275
87	286
87	332
87	350
87	351
87	359
88	88
88	92
88	99
88	117
88	124
88	161
88	162
88	164
88	215
88	223
88	242
88	274
88	287
88	296
88	332
88	351
88	359
89	89
89	111
89	141
89	145
89	151
89	153
89	170
89	181
89	191
89	221
89	240
89	286
89	307
89	314
89	354
90	90
90	112
90	146
90	154
90	163
90	238
90	245
90	273
91	91
91	104
91	106
91	110
91	117
91	156
91	167
91	194
91	198
91	201
91	202
91	216
91	221
91	244
91	275
91	287
91	288
91	320
91	326
91	331
91	337
91	339
91	347
92	92
92	99
92	124
92	161
92	162
92	164
92	242
92	287
92	291
92	294
92	296
92	314
92	319
93	93
93	102
93	135
93	140
93	150
93	163
93	189
93	200
93	223
93	228
93	250
93	281
93	302
93	303
93	308
93	310
93	336
93	344
94	94
94	143
94	148
94	153
94	164
94	177
94	205
94	217
94	235
94	236
94	247
94	255
94	265
94	266
94	270
94	289
94	309
94	321
94	326
94	327
95	95
95	101
95	103
95	118
95	132
95	166
95	212
95	229
95	230
95	236
95	249
95	258
95	272
95	282
95	284
95	291
95	293
95	299
95	301
95	310
95	315
95	334
95	342
95	349
96	96
96	113
96	125
96	157
96	158
96	174
96	248
96	277
96	283
96	335
96	353
97	97
97	131
97	133
97	140
97	159
97	176
97	186
97	197
97	206
97	290
97	298
97	301
97	313
97	350
98	98
98	147
98	148
98	155
98	173
98	245
98	257
98	294
98	322
98	352
99	99
99	124
99	161
99	162
99	164
99	197
99	202
99	242
99	247
99	287
99	296
99	357
100	100
100	109
100	142
100	152
100	175
100	192
100	214
100	219
100	240
100	271
100	279
100	292
100	295
100	297
100	302
100	304
100	311
100	335
100	337
100	346
101	101
101	118
101	127
101	179
101	228
101	236
101	272
101	275
101	284
101	286
101	293
101	301
101	310
101	315
101	350
102	102
102	121
102	128
102	150
102	167
102	172
102	188
102	189
102	200
102	215
102	225
102	226
102	228
102	237
102	246
102	259
102	260
102	261
102	308
102	318
102	336
103	103
103	111
103	132
103	149
103	166
103	212
103	229
103	230
103	235
103	241
103	249
103	252
103	258
103	282
103	291
103	299
103	323
103	334
103	342
103	349
104	104
104	106
104	110
104	117
104	139
104	156
104	194
104	198
104	201
104	202
104	216
104	244
104	326
104	337
104	339
104	347
105	105
105	107
105	108
105	109
105	137
105	141
105	180
105	183
105	213
105	218
105	324
105	330
105	332
106	106
106	110
106	112
106	113
106	117
106	156
106	194
106	198
106	201
106	202
106	216
106	226
106	244
106	280
106	285
106	326
106	330
106	337
106	339
106	347
107	107
107	108
107	109
107	126
107	137
107	141
107	155
107	166
107	180
107	183
107	198
107	213
107	218
107	233
107	330
107	332
107	346
108	108
108	109
108	137
108	141
108	145
108	180
108	183
108	213
108	218
108	328
108	330
108	332
108	355
109	109
109	137
109	141
109	142
109	152
109	180
109	183
109	213
109	214
109	218
109	219
109	297
109	302
109	330
109	332
109	337
110	110
110	117
110	156
110	194
110	198
110	201
110	202
110	216
110	244
110	251
110	326
110	337
110	339
110	347
110	356
111	111
111	145
111	149
111	151
111	153
111	170
111	181
111	191
111	221
111	235
111	241
111	252
111	307
111	314
111	323
111	354
112	112
112	113
112	146
112	154
112	226
112	238
112	245
112	280
112	285
112	330
113	113
113	125
113	157
113	158
113	174
113	226
113	248
113	277
113	280
113	283
113	285
113	330
113	353
114	114
114	120
114	126
114	162
114	183
114	187
114	196
114	217
114	219
114	260
114	273
114	274
114	285
114	306
114	323
114	345
115	115
115	136
115	160
115	195
115	208
115	254
115	276
115	296
115	305
115	315
116	116
116	132
116	147
116	159
116	178
116	191
116	193
116	200
116	214
116	220
116	227
116	244
116	246
116	264
116	268
116	284
116	317
116	321
116	359
117	117
117	156
117	194
117	198
117	201
117	202
117	215
117	216
117	223
117	244
117	274
117	326
117	332
117	337
117	339
117	347
117	351
117	359
118	118
118	122
118	236
118	243
118	272
118	284
118	293
118	301
118	310
118	315
118	320
118	338
118	341
118	345
119	119
119	184
119	211
119	222
119	231
119	251
119	262
119	270
119	293
119	297
119	300
119	316
119	340
119	353
119	355
120	120
120	123
120	129
120	162
120	183
120	217
120	256
120	260
120	312
120	317
120	345
120	351
120	352
121	121
121	128
121	129
121	167
121	172
121	188
121	215
121	225
121	226
121	234
121	237
121	246
121	258
121	259
121	260
121	261
121	281
121	295
121	318
122	122
122	172
122	194
122	243
122	249
122	254
122	268
122	311
122	320
122	338
122	341
122	345
123	123
123	129
123	144
123	146
123	179
123	181
123	196
123	256
123	299
123	312
123	313
123	317
123	351
123	352
124	124
124	138
124	157
124	161
124	162
124	164
124	188
124	242
124	276
124	287
124	292
124	296
125	125
125	157
125	158
125	161
125	174
125	248
125	277
125	283
125	353
126	126
126	155
126	166
126	187
126	196
126	198
126	219
126	233
126	273
126	274
126	285
126	306
126	323
126	346
127	127
127	168
127	179
127	228
127	265
127	275
127	286
127	322
127	350
127	354
128	128
128	158
128	167
128	172
128	186
128	188
128	215
128	222
128	225
128	226
128	237
128	246
128	259
128	260
128	261
128	289
128	318
129	129
129	234
129	256
129	258
129	281
129	295
129	312
129	317
129	351
129	352
130	130
130	139
130	143
130	168
130	169
130	171
130	177
130	178
130	185
130	208
130	212
130	224
130	252
130	290
130	333
130	336
131	131
131	134
131	159
131	176
131	186
131	197
131	206
131	211
131	301
131	303
131	313
131	329
132	132
132	159
132	166
132	191
132	193
132	212
132	227
132	229
132	230
132	244
132	246
132	249
132	258
132	282
132	291
132	299
132	317
132	321
132	334
132	342
132	349
133	133
133	140
133	144
133	182
133	189
133	190
133	193
133	210
133	233
133	234
133	241
133	267
133	290
133	298
133	328
133	329
133	350
133	357
134	134
134	138
134	149
134	165
134	211
134	232
134	269
134	272
134	303
134	308
134	329
135	135
135	140
135	163
135	195
135	203
135	223
135	237
135	250
135	281
135	302
135	303
135	304
135	310
135	344
136	136
136	195
136	208
136	210
136	213
136	254
136	276
136	282
136	305
136	315
136	358
137	137
137	141
137	180
137	183
137	213
137	218
137	330
137	332
138	138
138	149
138	157
138	165
138	188
138	232
138	269
138	272
138	276
138	292
138	308
139	139
139	168
139	169
139	171
139	177
139	185
139	224
139	252
139	290
139	336
140	140
140	163
140	223
140	250
140	281
140	290
140	298
140	302
140	303
140	310
140	344
140	350
141	141
141	180
141	183
141	213
141	218
141	240
141	286
141	330
141	332
142	142
142	152
142	184
142	203
142	204
142	209
142	214
142	219
142	239
142	278
142	297
142	298
142	302
142	319
142	325
142	333
142	337
142	343
142	358
143	143
143	148
143	178
143	205
143	208
143	212
143	217
143	235
143	236
143	247
143	255
143	265
143	266
143	289
143	309
143	321
143	327
143	333
144	144
144	146
144	179
144	181
144	182
144	189
144	190
144	193
144	196
144	210
144	233
144	234
144	241
144	267
144	299
144	313
144	328
144	329
144	357
145	145
145	151
145	153
145	170
145	181
145	191
145	221
145	307
145	314
145	328
145	354
145	355
146	146
146	154
146	179
146	181
146	196
146	238
146	245
146	299
146	313
147	147
147	148
147	178
147	200
147	214
147	220
147	245
147	264
147	268
147	284
147	352
147	359
148	148
148	205
148	217
148	235
148	236
148	245
148	247
148	255
148	265
148	266
148	289
148	309
148	321
148	327
148	352
149	149
149	165
149	232
149	235
149	241
149	252
149	269
149	272
149	308
149	323
150	150
150	152
150	160
150	189
150	199
150	200
150	228
150	308
150	324
150	331
150	336
150	348
150	356
151	151
151	153
151	170
151	181
151	185
151	191
151	221
151	248
151	307
151	314
151	347
151	354
152	152
152	160
152	199
152	214
152	219
152	297
152	302
152	324
152	331
152	337
152	348
152	356
153	153
153	164
153	170
153	177
153	181
153	191
153	221
153	270
153	307
153	314
153	326
153	354
154	154
154	170
154	190
154	230
154	238
154	245
154	255
155	155
155	166
155	173
155	198
155	233
155	257
155	294
155	322
155	346
156	156
156	194
156	198
156	201
156	202
156	216
156	218
156	244
156	312
156	318
156	326
156	327
156	337
156	339
156	347
157	157
157	158
157	174
157	188
157	248
157	276
157	277
157	283
157	292
157	353
158	158
158	174
158	186
158	222
158	248
158	277
158	283
158	289
158	353
159	159
159	176
159	186
159	191
159	193
159	197
159	206
159	227
159	244
159	246
159	301
159	313
159	317
159	321
160	160
160	199
160	296
160	324
160	331
160	348
160	356
161	161
161	162
161	164
161	242
161	287
161	296
162	162
162	164
162	183
162	217
162	242
162	260
162	287
162	296
162	345
163	163
163	223
163	250
163	273
163	281
163	302
163	303
163	310
163	344
164	164
164	177
164	242
164	270
164	287
164	296
164	326
165	165
165	171
165	176
165	232
165	242
165	256
165	269
165	272
165	308
166	166
166	198
166	212
166	229
166	230
166	233
166	249
166	258
166	282
166	291
166	299
166	334
166	342
166	346
166	349
167	167
167	172
167	188
167	215
167	221
167	225
167	226
167	237
167	246
167	259
167	260
167	261
167	275
167	287
167	288
167	318
167	320
167	331
168	168
168	169
168	171
168	177
168	185
168	224
168	252
168	265
168	290
168	322
168	336
168	354
169	169
169	171
169	177
169	185
169	204
169	205
169	224
169	252
169	257
169	279
169	290
169	300
169	336
169	339
170	170
170	181
170	190
170	191
170	221
170	230
170	255
170	307
170	314
170	354
171	171
171	176
171	177
171	185
171	224
171	242
171	252
171	256
171	290
171	336
172	172
172	188
172	194
172	215
172	225
172	226
172	237
172	246
172	249
172	254
172	259
172	260
172	261
172	268
172	311
172	318
173	173
173	206
173	207
173	239
173	257
173	294
173	322
174	174
174	225
174	231
174	248
174	277
174	283
174	353
175	175
175	192
175	201
175	238
175	240
175	271
175	279
175	292
175	295
175	304
175	311
175	335
175	338
175	346
176	176
176	186
176	197
176	206
176	242
176	256
176	301
176	313
177	177
177	185
177	224
177	252
177	270
177	290
177	326
177	336
178	178
178	200
178	208
178	212
178	214
178	220
178	264
178	268
178	284
178	333
178	359
179	179
179	181
179	196
179	228
179	275
179	286
179	299
179	313
179	350
180	180
180	183
180	199
180	213
180	218
180	330
180	332
181	181
181	191
181	196
181	221
181	299
181	307
181	313
181	314
181	354
182	182
182	189
182	190
182	193
182	210
182	233
182	234
182	241
182	259
182	262
182	267
182	271
182	328
182	329
182	344
182	357
183	183
183	213
183	217
183	218
183	260
183	330
183	332
183	345
184	184
184	203
184	204
184	209
184	239
184	278
184	298
184	319
184	325
184	333
184	343
184	353
184	358
185	185
185	224
185	248
185	252
185	290
185	336
185	347
186	186
186	197
186	206
186	222
186	289
186	301
186	313
187	187
187	196
187	219
187	220
187	229
187	263
187	273
187	274
187	285
187	306
187	323
188	188
188	215
188	225
188	226
188	237
188	246
188	259
188	260
188	261
188	276
188	292
188	318
189	189
189	190
189	193
189	200
189	210
189	228
189	233
189	234
189	241
189	267
189	308
189	328
189	329
189	336
189	357
190	190
190	193
190	210
190	230
190	233
190	234
190	241
190	255
190	267
190	328
190	329
190	357
191	191
191	193
191	221
191	227
191	244
191	246
191	307
191	314
191	317
191	321
191	354
192	192
192	240
192	243
192	250
192	269
192	271
192	279
192	292
192	295
192	304
192	311
192	335
192	346
193	193
193	210
193	227
193	233
193	234
193	241
193	244
193	246
193	267
193	317
193	321
193	328
193	329
193	357
194	194
194	198
194	201
194	202
194	216
194	244
194	249
194	254
194	268
194	311
194	326
194	337
194	339
194	347
195	195
195	203
195	208
195	237
195	254
195	276
195	304
195	305
195	315
196	196
196	219
196	273
196	274
196	285
196	299
196	306
196	313
196	323
197	197
197	202
197	206
197	247
197	301
197	313
197	357
198	198
198	201
198	202
198	216
198	233
198	244
198	326
198	337
198	339
198	346
198	347
199	199
199	324
199	331
199	348
199	356
200	200
200	214
200	220
200	228
200	264
200	268
200	284
200	308
200	336
200	359
201	201
201	202
201	216
201	238
201	244
201	326
201	337
201	338
201	339
201	347
202	202
202	216
202	244
202	247
202	326
202	337
202	339
202	347
202	357
203	203
203	204
203	209
203	237
203	239
203	278
203	298
203	304
203	319
203	325
203	333
203	343
203	358
204	204
204	205
204	209
204	239
204	257
204	278
204	279
204	298
204	300
204	319
204	325
204	333
204	339
204	343
204	358
205	205
205	217
205	235
205	236
205	247
205	255
205	257
205	265
205	266
205	279
205	289
205	300
205	309
205	321
205	327
205	339
206	206
206	207
206	239
206	301
206	313
207	207
207	227
207	239
207	253
207	263
207	280
207	288
208	208
208	212
208	254
208	276
208	305
208	315
208	333
209	209
209	239
209	253
209	277
209	278
209	298
209	309
209	319
209	325
209	333
209	341
209	343
209	349
209	358
210	210
210	213
210	233
210	234
210	241
210	267
210	282
210	328
210	329
210	357
210	358
211	211
211	222
211	231
211	251
211	262
211	270
211	293
211	297
211	300
211	303
211	316
211	329
211	340
211	355
212	212
212	229
212	230
212	249
212	258
212	282
212	291
212	299
212	333
212	334
212	342
212	349
213	213
213	218
213	282
213	330
213	332
213	358
214	214
214	219
214	220
214	264
214	268
214	284
214	297
214	302
214	337
214	359
215	215
215	223
215	225
215	226
215	237
215	246
215	259
215	260
215	261
215	274
215	318
215	332
215	351
215	359
216	216
216	244
216	305
216	307
216	326
216	337
216	339
216	343
216	347
216	348
217	217
217	235
217	236
217	247
217	255
217	260
217	265
217	266
217	289
217	309
217	321
217	327
217	345
218	218
218	312
218	318
218	327
218	330
218	332
219	219
219	273
219	274
219	285
219	297
219	302
219	306
219	323
219	337
220	220
220	229
220	263
220	264
220	268
220	284
220	359
221	221
221	275
221	287
221	288
221	307
221	314
221	320
221	331
221	354
222	222
222	231
222	251
222	262
222	270
222	289
222	293
222	297
222	300
222	316
222	340
222	355
223	223
223	250
223	274
223	281
223	302
223	303
223	310
223	332
223	344
223	351
223	359
224	224
224	252
224	261
224	267
224	290
224	325
224	336
224	340
225	225
225	226
225	231
225	237
225	246
225	259
225	260
225	261
225	318
226	226
226	237
226	246
226	259
226	260
226	261
226	280
226	285
226	318
226	330
227	227
227	244
227	246
227	253
227	263
227	280
227	288
227	317
227	321
228	228
228	275
228	286
228	308
228	336
228	350
229	229
229	230
229	249
229	258
229	263
229	282
229	291
229	299
229	334
229	342
229	349
230	230
230	249
230	255
230	258
230	282
230	291
230	299
230	334
230	342
230	349
231	231
231	251
231	262
231	270
231	293
231	297
231	300
231	316
231	340
231	355
232	232
232	264
232	269
232	272
232	283
232	308
232	316
232	342
233	233
233	234
233	241
233	267
233	328
233	329
233	346
233	357
234	234
234	241
234	258
234	267
234	281
234	295
234	328
234	329
234	357
235	235
235	236
235	241
235	247
235	252
235	255
235	265
235	266
235	289
235	309
235	321
235	323
235	327
236	236
236	247
236	255
236	265
236	266
236	272
236	284
236	289
236	293
236	301
236	309
236	310
236	315
236	321
236	327
237	237
237	246
237	259
237	260
237	261
237	304
237	318
238	238
238	245
238	338
239	239
239	278
239	298
239	319
239	325
239	333
239	343
239	358
240	240
240	271
240	279
240	286
240	292
240	295
240	304
240	311
240	335
240	346
241	241
241	252
241	267
241	323
241	328
241	329
241	357
242	242
242	256
242	287
242	296
243	243
243	250
243	269
243	320
243	338
243	341
243	345
244	244
244	246
244	317
244	321
244	326
244	337
244	339
244	347
245	245
245	352
246	246
246	259
246	260
246	261
246	317
246	318
246	321
247	247
247	255
247	265
247	266
247	289
247	309
247	321
247	327
247	357
248	248
248	277
248	283
248	347
248	353
249	249
249	254
249	258
249	268
249	282
249	291
249	299
249	311
249	334
249	342
249	349
250	250
250	269
250	281
250	302
250	303
250	310
250	344
251	251
251	262
251	270
251	293
251	297
251	300
251	316
251	340
251	355
251	356
252	252
252	290
252	323
252	336
253	253
253	263
253	277
253	280
253	288
253	309
253	341
253	349
254	254
254	268
254	276
254	305
254	311
254	315
255	255
255	265
255	266
255	289
255	309
255	321
255	327
256	256
256	312
256	317
256	351
256	352
257	257
257	279
257	294
257	300
257	322
257	339
258	258
258	281
258	282
258	291
258	295
258	299
258	334
258	342
258	349
259	259
259	260
259	261
259	262
259	271
259	318
259	344
260	260
260	261
260	318
260	345
261	261
261	267
261	318
261	325
261	340
262	262
262	270
262	271
262	293
262	297
262	300
262	316
262	340
262	344
262	355
263	263
263	280
263	288
264	264
264	268
264	283
264	284
264	316
264	342
264	359
265	265
265	266
265	289
265	309
265	321
265	322
265	327
265	354
266	266
266	289
266	309
266	321
266	327
266	334
267	267
267	325
267	328
267	329
267	340
267	357
268	268
268	284
268	311
268	359
269	269
269	272
269	308
270	270
270	293
270	297
270	300
270	316
270	326
270	340
270	355
271	271
271	279
271	292
271	295
271	304
271	311
271	335
271	344
271	346
272	272
272	284
272	293
272	301
272	308
272	310
272	315
273	273
273	274
273	285
273	306
273	323
274	274
274	285
274	306
274	323
274	332
274	351
274	359
275	275
275	286
275	287
275	288
275	320
275	331
275	350
276	276
276	292
276	305
276	315
277	277
277	283
277	309
277	341
277	349
277	353
278	278
278	298
278	306
278	319
278	325
278	333
278	343
278	358
279	279
279	292
279	295
279	300
279	304
279	311
279	335
279	339
279	346
280	280
280	285
280	288
280	330
281	281
281	295
281	302
281	303
281	310
281	344
282	282
282	291
282	299
282	334
282	342
282	349
282	358
283	283
283	316
283	342
283	353
284	284
284	293
284	301
284	310
284	315
284	359
285	285
285	306
285	323
285	330
286	286
286	350
287	287
287	288
287	296
287	320
287	331
288	288
288	320
288	331
289	289
289	309
289	321
289	327
290	290
290	298
290	336
290	350
291	291
291	294
291	299
291	314
291	319
291	334
291	342
291	349
292	292
292	295
292	304
292	311
292	335
292	346
293	293
293	297
293	300
293	301
293	310
293	315
293	316
293	340
293	355
294	294
294	314
294	319
294	322
295	295
295	304
295	311
295	335
295	346
296	296
297	297
297	300
297	302
297	316
297	337
297	340
297	355
298	298
298	319
298	325
298	333
298	343
298	350
298	358
299	299
299	313
299	334
299	342
299	349
300	300
300	316
300	339
300	340
300	355
301	301
301	310
301	313
301	315
302	302
302	303
302	310
302	337
302	344
303	303
303	310
303	329
303	344
304	304
304	311
304	335
304	346
305	305
305	307
305	315
305	343
305	348
306	306
306	323
307	307
307	314
307	343
307	348
307	354
308	308
308	336
309	309
309	321
309	327
309	341
309	349
310	310
310	315
310	344
311	311
311	335
311	346
312	312
312	317
312	318
312	327
312	351
312	352
313	313
314	314
314	319
314	354
315	315
316	316
316	340
316	342
316	355
317	317
317	321
317	351
317	352
318	318
318	327
319	319
319	325
319	333
319	343
319	358
320	320
320	331
320	338
320	341
320	345
321	321
321	327
322	322
322	354
323	323
324	324
324	331
324	348
324	356
325	325
325	333
325	340
325	343
325	358
326	326
326	337
326	339
326	347
327	327
328	328
328	329
328	355
328	357
329	329
329	357
330	330
330	332
331	331
331	348
331	356
332	332
332	351
332	359
333	333
333	343
333	358
334	334
334	342
334	349
335	335
335	346
336	336
337	337
337	339
337	347
338	338
338	341
338	345
339	339
339	347
340	340
340	355
341	341
341	345
341	349
342	342
342	349
343	343
343	348
343	358
344	344
345	345
346	346
347	347
348	348
348	356
349	349
350	350
351	351
351	352
351	359
352	352
353	353
354	354
355	355
356	356
357	357
358	358
359	359
