0	0
0	81
0	140
0	199
0	205
0	206
0	211
0	226
0	227
0	228
0	242
0	275
0	319
0	358
0	401
0	433
0	450
0	452
0	463
0	478
0	509
0	537
1	1
1	2
1	3
1	15
1	27
1	34
1	40
1	42
1	56
1	58
1	61
1	65
1	75
1	78
1	83
1	85
1	87
1	111
1	127
1	162
1	166
1	203
1	218
1	224
1	225
1	246
1	269
1	293
1	320
1	343
1	364
1	367
1	419
1	425
1	455
1	505
1	509
1	538
2	2
2	20
2	50
2	54
2	59
2	60
2	62
2	77
2	79
2	86
2	111
2	142
2	150
2	155
2	172
2	182
2	187
2	221
2	226
2	246
2	293
2	320
2	355
2	410
2	425
2	445
2	455
2	466
2	467
2	489
2	501
2	505
3	3
3	15
3	27
3	34
3	40
3	42
3	56
3	58
3	61
3	65
3	75
3	78
3	83
3	85
3	87
3	119
3	127
3	162
3	166
3	203
3	218
3	224
3	225
3	269
3	280
3	343
3	345
3	364
3	367
3	419
3	459
3	509
3	538
4	4
4	35
4	38
4	48
4	51
4	63
4	64
4	66
4	104
4	123
4	126
4	143
4	175
4	181
4	193
4	209
4	219
4	239
4	291
4	355
4	373
4	400
4	401
4	406
4	435
4	508
4	516
4	519
5	5
5	24
5	47
5	80
5	82
5	133
5	140
5	186
5	187
5	195
5	229
5	258
5	265
5	267
5	268
5	301
5	318
5	343
5	383
5	408
5	424
5	434
5	443
5	446
5	481
5	487
5	528
6	6
6	7
6	8
6	9
6	10
6	11
6	12
6	13
6	14
6	93
6	95
6	109
6	135
6	159
6	174
6	184
6	225
6	230
6	252
6	268
6	287
6	304
6	352
6	449
6	532
7	7
7	8
7	9
7	10
7	11
7	12
7	13
7	14
7	28
7	36
7	68
7	94
7	95
7	96
7	130
7	157
7	170
7	194
7	225
7	231
7	234
7	244
7	314
7	345
7	393
7	409
7	416
7	439
7	465
7	490
7	498
8	8
8	9
8	10
8	11
8	12
8	13
8	14
8	29
8	69
8	95
8	152
8	153
8	225
8	306
8	307
8	342
8	348
8	371
8	373
8	378
8	405
8	421
8	430
8	457
8	469
8	529
9	9
9	10
9	11
9	12
9	13
9	14
9	30
9	70
9	95
9	108
9	118
9	154
9	178
9	225
9	238
9	243
9	259
9	277
9	279
9	311
9	395
9	423
9	431
9	454
9	471
9	486
9	492
9	522
10	10
10	11
10	12
10	13
10	14
10	71
10	90
10	92
10	95
10	132
10	147
10	183
10	196
10	225
10	236
10	305
10	319
10	339
10	432
10	440
10	441
10	444
10	468
10	473
10	521
10	539
11	11
11	12
11	13
11	14
11	95
11	100
11	217
11	225
11	302
11	315
11	316
11	359
11	360
11	397
11	403
11	420
11	425
11	476
11	479
11	496
11	510
11	511
11	525
12	12
12	13
12	14
12	31
12	72
12	95
12	117
12	145
12	176
12	192
12	225
12	271
12	275
12	289
12	327
12	328
12	330
12	344
12	370
12	372
12	382
12	394
12	413
12	493
12	502
12	520
13	13
13	14
13	32
13	73
13	95
13	101
13	103
13	105
13	129
13	134
13	156
13	164
13	168
13	197
13	225
13	240
13	261
13	298
13	300
13	338
13	351
13	412
13	506
13	517
14	14
14	33
14	74
14	95
14	107
14	113
14	124
14	136
14	188
14	189
14	213
14	220
14	222
14	223
14	225
14	237
14	270
14	276
14	288
14	296
14	312
14	323
14	325
14	388
14	417
14	459
14	478
14	491
14	527
15	15
15	16
15	27
15	34
15	40
15	42
15	56
15	58
15	61
15	65
15	75
15	78
15	83
15	85
15	87
15	94
15	127
15	162
15	166
15	173
15	203
15	218
15	224
15	225
15	263
15	269
15	343
15	349
15	364
15	367
15	372
15	395
15	419
15	460
15	479
15	509
15	538
16	16
16	43
16	76
16	84
16	88
16	94
16	114
16	173
16	177
16	202
16	212
16	214
16	263
16	272
16	332
16	340
16	349
16	372
16	395
16	396
16	415
16	428
16	460
16	461
16	479
16	482
16	505
16	507
16	515
17	17
17	21
17	22
17	26
17	57
17	143
17	165
17	171
17	173
17	184
17	205
17	208
17	247
17	292
17	299
17	303
17	312
17	341
17	346
17	350
17	362
17	368
17	376
17	415
17	434
17	470
17	525
17	535
18	18
18	23
18	55
18	102
18	125
18	137
18	145
18	163
18	172
18	180
18	191
18	210
18	233
18	260
18	281
18	282
18	290
18	297
18	299
18	331
18	336
18	348
18	356
18	367
18	369
18	398
18	446
18	447
18	460
18	468
18	497
18	506
19	19
19	100
19	121
19	137
19	181
19	201
19	207
19	234
19	235
19	243
19	254
19	266
19	292
19	313
19	322
19	326
19	376
19	385
19	387
19	405
19	427
19	437
19	462
19	464
19	474
19	477
19	480
19	491
19	495
19	499
19	520
19	526
20	20
20	50
20	54
20	59
20	60
20	62
20	77
20	79
20	86
20	142
20	150
20	155
20	172
20	182
20	187
20	188
20	221
20	226
20	283
20	355
20	410
20	445
20	466
20	467
20	489
20	501
20	510
20	516
20	529
20	533
20	534
21	21
21	22
21	26
21	57
21	143
21	155
21	165
21	171
21	173
21	203
21	208
21	288
21	292
21	299
21	303
21	318
21	341
21	346
21	352
21	362
21	368
21	407
21	437
21	470
21	517
22	22
22	26
22	57
22	123
22	143
22	165
22	171
22	173
22	208
22	255
22	282
22	292
22	299
22	303
22	341
22	346
22	362
22	368
22	402
22	413
22	416
22	470
22	487
23	23
23	55
23	102
23	106
23	125
23	163
23	189
23	210
23	233
23	260
23	281
23	282
23	290
23	297
23	328
23	331
23	336
23	340
23	356
23	381
23	398
23	446
23	447
23	449
23	460
23	480
23	486
23	497
23	503
24	24
24	47
24	80
24	82
24	99
24	105
24	186
24	195
24	208
24	258
24	265
24	267
24	301
24	318
24	323
24	383
24	408
24	418
24	424
24	434
24	443
24	487
24	498
24	528
25	25
25	41
25	91
25	115
25	119
25	121
25	122
25	141
25	144
25	191
25	197
25	209
25	250
25	262
25	284
25	286
25	308
25	310
25	317
25	333
25	337
25	350
25	390
25	399
25	440
25	445
25	475
25	518
26	26
26	57
26	143
26	148
26	165
26	171
26	173
26	208
26	239
26	292
26	299
26	303
26	341
26	346
26	362
26	368
26	448
26	461
26	469
26	470
26	527
26	532
27	27
27	34
27	40
27	42
27	56
27	58
27	61
27	65
27	75
27	78
27	83
27	85
27	87
27	127
27	142
27	156
27	162
27	166
27	203
27	218
27	224
27	225
27	269
27	287
27	316
27	343
27	354
27	362
27	364
27	367
27	377
27	393
27	419
27	438
27	483
27	509
27	537
27	538
28	28
28	29
28	30
28	31
28	32
28	33
28	36
28	68
28	94
28	96
28	127
28	130
28	157
28	170
28	194
28	212
28	219
28	231
28	234
28	244
28	295
28	303
28	314
28	331
28	345
28	363
28	393
28	409
28	416
28	439
28	465
28	490
28	498
28	512
28	539
29	29
29	30
29	31
29	32
29	33
29	69
29	127
29	152
29	153
29	212
29	219
29	295
29	303
29	306
29	307
29	331
29	342
29	348
29	363
29	371
29	373
29	378
29	405
29	421
29	430
29	457
29	469
29	512
29	529
29	539
30	30
30	31
30	32
30	33
30	70
30	108
30	118
30	127
30	154
30	178
30	212
30	219
30	238
30	243
30	259
30	277
30	279
30	295
30	303
30	311
30	331
30	363
30	395
30	423
30	431
30	454
30	471
30	486
30	492
30	512
30	522
30	539
31	31
31	32
31	33
31	72
31	117
31	127
31	145
31	176
31	192
31	212
31	219
31	271
31	275
31	289
31	295
31	303
31	327
31	328
31	330
31	331
31	344
31	363
31	370
31	372
31	382
31	394
31	413
31	493
31	502
31	512
31	520
31	539
32	32
32	33
32	73
32	101
32	103
32	105
32	127
32	129
32	134
32	156
32	164
32	168
32	197
32	212
32	219
32	240
32	261
32	295
32	298
32	300
32	303
32	331
32	338
32	351
32	363
32	412
32	506
32	512
32	517
32	539
33	33
33	74
33	107
33	113
33	124
33	127
33	136
33	188
33	189
33	212
33	213
33	219
33	220
33	222
33	223
33	237
33	270
33	276
33	288
33	295
33	296
33	303
33	312
33	323
33	325
33	331
33	363
33	388
33	417
33	459
33	478
33	491
33	512
33	527
33	539
34	34
34	35
34	40
34	42
34	56
34	58
34	61
34	65
34	75
34	78
34	83
34	85
34	87
34	127
34	136
34	149
34	162
34	166
34	203
34	218
34	224
34	225
34	269
34	274
34	343
34	364
34	367
34	419
34	464
34	470
34	509
34	538
35	35
35	38
35	48
35	51
35	63
35	64
35	66
35	104
35	123
35	126
35	136
35	149
35	175
35	181
35	193
35	209
35	219
35	239
35	274
35	291
35	400
35	401
35	406
35	435
35	464
35	470
35	516
35	519
36	36
36	68
36	94
36	96
36	115
36	130
36	157
36	170
36	194
36	221
36	231
36	232
36	234
36	244
36	254
36	314
36	345
36	347
36	351
36	359
36	393
36	409
36	416
36	426
36	433
36	439
36	442
36	444
36	465
36	482
36	490
36	498
37	37
37	49
37	67
37	92
37	96
37	97
37	103
37	160
37	195
37	241
37	246
37	247
37	257
37	263
37	284
37	295
37	311
37	313
37	335
37	341
37	369
37	374
37	404
37	483
37	503
37	534
38	38
38	48
38	51
38	63
38	64
38	66
38	104
38	123
38	126
38	175
38	181
38	193
38	209
38	219
38	224
38	239
38	290
38	291
38	309
38	327
38	388
38	399
38	400
38	401
38	406
38	435
38	507
38	516
38	519
39	39
39	98
39	101
39	112
39	133
39	135
39	149
39	180
39	249
39	255
39	294
39	320
39	321
39	349
39	354
39	361
39	365
39	374
39	391
39	418
39	422
39	426
39	450
39	453
39	458
39	472
39	494
39	504
39	513
39	531
39	535
39	536
40	40
40	42
40	56
40	58
40	61
40	65
40	75
40	78
40	83
40	85
40	87
40	122
40	127
40	139
40	161
40	162
40	166
40	190
40	203
40	218
40	224
40	225
40	242
40	244
40	269
40	289
40	305
40	343
40	346
40	364
40	367
40	387
40	404
40	419
40	454
40	509
40	514
40	538
41	41
41	91
41	115
41	116
41	119
41	122
41	141
41	144
41	191
41	233
41	250
41	251
41	262
41	284
41	308
41	310
41	317
41	333
41	337
41	350
41	399
41	409
41	419
41	475
41	518
42	42
42	43
42	44
42	45
42	46
42	56
42	58
42	61
42	65
42	75
42	78
42	83
42	85
42	87
42	93
42	127
42	162
42	166
42	178
42	203
42	218
42	224
42	225
42	231
42	237
42	261
42	269
42	294
42	343
42	364
42	367
42	419
42	509
42	511
42	518
42	538
43	43
43	44
43	45
43	46
43	76
43	84
43	88
43	93
43	114
43	177
43	178
43	202
43	212
43	214
43	231
43	237
43	261
43	272
43	294
43	332
43	340
43	396
43	415
43	428
43	461
43	482
43	505
43	507
43	511
43	515
43	518
44	44
44	45
44	46
44	93
44	95
44	111
44	116
44	146
44	160
44	178
44	215
44	231
44	232
44	237
44	245
44	249
44	261
44	273
44	278
44	294
44	329
44	366
44	377
44	389
44	474
44	511
44	518
44	523
44	533
45	45
45	46
45	93
45	110
45	120
45	158
45	169
45	178
45	190
45	200
45	227
45	231
45	237
45	248
45	261
45	280
45	294
45	324
45	353
45	386
45	392
45	429
45	451
45	458
45	511
45	518
46	46
46	93
46	99
46	128
46	138
46	151
46	178
46	201
46	204
46	231
46	237
46	251
46	261
46	285
46	294
46	309
46	375
46	380
46	384
46	407
46	411
46	436
46	455
46	456
46	488
46	500
46	511
46	512
46	514
46	518
46	530
47	47
47	48
47	49
47	50
47	80
47	82
47	120
47	152
47	186
47	195
47	196
47	228
47	230
47	258
47	265
47	267
47	301
47	318
47	383
47	408
47	424
47	434
47	439
47	443
47	447
47	456
47	487
47	492
47	499
47	528
48	48
48	49
48	50
48	51
48	63
48	64
48	66
48	104
48	120
48	123
48	126
48	152
48	175
48	181
48	193
48	196
48	209
48	219
48	228
48	230
48	239
48	291
48	400
48	401
48	406
48	435
48	439
48	447
48	456
48	492
48	499
48	516
48	519
49	49
49	50
49	67
49	97
49	120
49	152
49	196
49	228
49	230
49	241
49	246
49	247
49	257
49	263
49	295
49	313
49	335
49	369
49	404
49	439
49	447
49	456
49	483
49	492
49	499
49	503
49	534
50	50
50	54
50	59
50	60
50	62
50	77
50	79
50	86
50	120
50	142
50	150
50	152
50	155
50	172
50	182
50	187
50	196
50	221
50	226
50	228
50	230
50	355
50	410
50	439
50	445
50	447
50	456
50	466
50	467
50	489
50	492
50	499
50	501
51	51
51	63
51	64
51	66
51	104
51	113
51	123
51	126
51	169
51	175
51	181
51	193
51	194
51	209
51	219
51	239
51	291
51	300
51	366
51	400
51	401
51	406
51	408
51	430
51	435
51	471
51	472
51	516
51	519
51	524
52	52
52	53
52	98
52	106
52	139
52	148
52	151
52	163
52	167
52	179
52	182
52	183
52	198
52	199
52	229
52	253
52	286
52	347
52	357
52	363
52	379
52	402
52	414
52	424
52	431
52	438
52	484
52	485
52	490
52	508
53	53
53	106
53	125
53	139
53	148
53	157
53	166
53	167
53	179
53	198
53	229
53	253
53	286
53	296
53	347
53	357
53	363
53	379
53	402
53	412
53	414
53	423
53	438
53	452
53	484
53	485
53	508
54	54
54	59
54	60
54	62
54	77
54	79
54	86
54	132
54	142
54	150
54	155
54	162
54	172
54	174
54	176
54	182
54	187
54	210
54	216
54	221
54	226
54	291
54	355
54	368
54	380
54	410
54	445
54	466
54	467
54	489
54	501
54	523
55	55
55	102
55	125
55	131
55	159
55	163
55	193
55	204
55	210
55	233
55	260
55	266
55	281
55	282
55	290
55	297
55	331
55	332
55	333
55	336
55	356
55	392
55	394
55	398
55	446
55	447
55	460
55	497
56	56
56	58
56	61
56	65
56	75
56	78
56	83
56	85
56	87
56	124
56	127
56	162
56	166
56	192
56	198
56	203
56	218
56	224
56	225
56	269
56	308
56	315
56	343
56	364
56	367
56	391
56	398
56	419
56	443
56	509
56	538
57	57
57	143
57	165
57	171
57	173
57	208
57	241
57	270
57	272
57	292
57	297
57	299
57	303
57	322
57	338
57	341
57	346
57	358
57	362
57	368
57	400
57	403
57	411
57	470
57	473
58	58
58	59
58	61
58	65
58	75
58	78
58	83
58	85
58	87
58	117
58	127
58	147
58	162
58	166
58	177
58	203
58	213
58	218
58	224
58	225
58	253
58	269
58	343
58	364
58	367
58	419
58	457
58	509
58	522
58	538
59	59
59	60
59	62
59	77
59	79
59	86
59	117
59	142
59	147
59	150
59	155
59	172
59	177
59	182
59	187
59	213
59	221
59	226
59	253
59	355
59	410
59	445
59	457
59	466
59	467
59	489
59	501
59	522
60	60
60	62
60	77
60	79
60	86
60	142
60	150
60	155
60	172
60	182
60	187
60	221
60	223
60	226
60	235
60	248
60	257
60	267
60	304
60	329
60	355
60	410
60	445
60	466
60	467
60	489
60	501
60	538
61	61
61	62
61	65
61	75
61	78
61	83
61	85
61	87
61	127
61	162
61	166
61	185
61	203
61	218
61	224
61	225
61	269
61	285
61	343
61	364
61	367
61	419
61	429
61	493
61	509
61	513
61	521
61	538
62	62
62	77
62	79
62	86
62	142
62	150
62	155
62	172
62	182
62	185
62	187
62	221
62	226
62	285
62	355
62	410
62	429
62	445
62	466
62	467
62	489
62	493
62	501
62	513
62	521
63	63
63	64
63	66
63	104
63	107
63	123
63	126
63	164
63	175
63	181
63	193
63	202
63	209
63	219
63	239
63	291
63	334
63	382
63	400
63	401
63	406
63	435
63	476
63	501
63	516
63	519
64	64
64	66
64	104
64	108
64	123
64	126
64	130
64	146
64	171
64	175
64	181
64	193
64	209
64	219
64	239
64	271
64	281
64	291
64	306
64	353
64	400
64	401
64	406
64	435
64	463
64	477
64	516
64	519
64	530
65	65
65	75
65	78
65	83
65	85
65	87
65	127
65	162
65	166
65	203
65	217
65	218
65	224
65	225
65	269
65	279
65	314
65	343
65	364
65	367
65	419
65	428
65	432
65	485
65	494
65	509
65	528
65	538
66	66
66	104
66	112
66	123
66	126
66	158
66	175
66	181
66	193
66	209
66	219
66	239
66	258
66	291
66	330
66	339
66	389
66	400
66	401
66	406
66	417
66	435
66	516
66	519
67	67
67	97
67	104
67	211
67	241
67	246
67	247
67	252
67	257
67	262
67	263
67	277
67	295
67	301
67	313
67	324
67	335
67	369
67	371
67	397
67	404
67	483
67	489
67	495
67	503
67	534
68	68
68	69
68	70
68	71
68	72
68	73
68	74
68	94
68	96
68	130
68	138
68	157
68	170
68	175
68	194
68	231
68	234
68	244
68	314
68	321
68	337
68	345
68	364
68	393
68	409
68	416
68	420
68	427
68	439
68	465
68	490
68	498
68	515
69	69
69	70
69	71
69	72
69	73
69	74
69	138
69	152
69	153
69	175
69	306
69	307
69	321
69	337
69	342
69	348
69	364
69	371
69	373
69	378
69	405
69	420
69	421
69	427
69	430
69	457
69	469
69	515
69	529
70	70
70	71
70	72
70	73
70	74
70	108
70	118
70	138
70	154
70	175
70	178
70	238
70	243
70	259
70	277
70	279
70	311
70	321
70	337
70	364
70	395
70	420
70	423
70	427
70	431
70	454
70	471
70	486
70	492
70	515
70	522
71	71
71	72
71	73
71	74
71	90
71	92
71	132
71	138
71	147
71	175
71	183
71	196
71	236
71	305
71	319
71	321
71	337
71	339
71	364
71	420
71	427
71	432
71	440
71	441
71	444
71	468
71	473
71	515
71	521
71	539
72	72
72	73
72	74
72	117
72	138
72	145
72	175
72	176
72	192
72	271
72	275
72	289
72	321
72	327
72	328
72	330
72	337
72	344
72	364
72	370
72	372
72	382
72	394
72	413
72	420
72	427
72	493
72	502
72	515
72	520
73	73
73	74
73	101
73	103
73	105
73	129
73	134
73	138
73	156
73	164
73	168
73	175
73	197
73	240
73	261
73	298
73	300
73	321
73	337
73	338
73	351
73	364
73	412
73	420
73	427
73	506
73	515
73	517
74	74
74	107
74	113
74	124
74	136
74	138
74	175
74	188
74	189
74	213
74	220
74	222
74	223
74	237
74	270
74	276
74	288
74	296
74	312
74	321
74	323
74	325
74	337
74	364
74	388
74	417
74	420
74	427
74	459
74	478
74	491
74	515
74	527
75	75
75	76
75	78
75	83
75	85
75	87
75	91
75	97
75	110
75	126
75	127
75	129
75	162
75	166
75	167
75	186
75	203
75	218
75	220
75	224
75	225
75	236
75	269
75	336
75	343
75	364
75	367
75	384
75	385
75	419
75	465
75	509
75	538
76	76
76	84
76	88
76	91
76	97
76	110
76	114
76	126
76	129
76	167
76	177
76	186
76	202
76	212
76	214
76	220
76	236
76	272
76	332
76	336
76	340
76	384
76	385
76	396
76	415
76	428
76	461
76	465
76	482
76	505
76	507
76	515
77	77
77	79
77	86
77	118
77	142
77	150
77	155
77	172
77	182
77	187
77	221
77	226
77	344
77	355
77	360
77	410
77	445
77	466
77	467
77	488
77	489
77	497
77	501
77	504
77	519
78	78
78	79
78	83
78	85
78	87
78	127
78	153
78	162
78	166
78	179
78	203
78	218
78	224
78	225
78	250
78	269
78	278
78	302
78	343
78	364
78	367
78	419
78	509
78	536
78	538
79	79
79	86
79	142
79	150
79	153
79	155
79	172
79	179
79	182
79	187
79	221
79	226
79	250
79	278
79	302
79	355
79	410
79	445
79	466
79	467
79	489
79	501
79	536
80	80
80	82
80	102
80	150
80	186
80	195
80	207
80	258
80	265
80	267
80	276
80	301
80	318
80	365
80	379
80	383
80	396
80	408
80	424
80	434
80	436
80	443
80	475
80	487
80	528
81	81
81	128
81	140
81	165
81	199
81	205
81	206
81	211
81	214
81	228
81	240
81	242
81	245
81	259
81	269
81	358
81	386
81	433
81	435
81	441
81	452
81	463
81	467
81	537
82	82
82	109
82	114
82	134
82	144
82	186
82	195
82	258
82	264
82	265
82	267
82	273
82	301
82	318
82	357
82	370
82	383
82	408
82	421
82	424
82	434
82	443
82	487
82	500
82	528
83	83
83	84
83	85
83	87
83	127
83	162
83	166
83	168
83	203
83	218
83	224
83	225
83	238
83	265
83	269
83	307
83	317
83	325
83	343
83	364
83	367
83	375
83	410
83	419
83	422
83	451
83	509
83	526
83	538
84	84
84	88
84	114
84	168
84	177
84	202
84	212
84	214
84	238
84	265
84	272
84	307
84	317
84	325
84	332
84	340
84	375
84	396
84	410
84	415
84	422
84	428
84	451
84	461
84	482
84	505
84	507
84	515
84	526
85	85
85	86
85	87
85	90
85	127
85	162
85	166
85	203
85	206
85	218
85	224
85	225
85	256
85	260
85	269
85	310
85	326
85	342
85	343
85	361
85	364
85	367
85	419
85	484
85	496
85	509
85	538
86	86
86	90
86	142
86	150
86	155
86	172
86	182
86	187
86	206
86	221
86	226
86	256
86	260
86	310
86	326
86	342
86	355
86	361
86	410
86	445
86	466
86	467
86	484
86	489
86	496
86	501
87	87
87	88
87	127
87	141
87	154
87	162
87	166
87	200
87	203
87	218
87	224
87	225
87	269
87	343
87	356
87	364
87	367
87	414
87	419
87	502
87	509
87	538
88	88
88	114
88	141
88	154
88	177
88	200
88	202
88	212
88	214
88	272
88	332
88	340
88	356
88	396
88	414
88	415
88	428
88	461
88	482
88	502
88	505
88	507
88	515
89	89
89	131
89	161
89	170
89	185
89	215
89	216
89	218
89	222
89	256
89	264
89	274
89	283
89	293
89	298
89	334
89	335
89	378
89	381
89	383
89	390
89	406
89	442
89	448
89	453
89	462
89	466
89	481
89	524
89	531
90	90
90	92
90	132
90	147
90	183
90	196
90	206
90	236
90	256
90	260
90	305
90	310
90	319
90	326
90	339
90	342
90	361
90	432
90	440
90	441
90	444
90	468
90	473
90	484
90	496
90	521
90	539
91	91
91	97
91	110
91	115
91	119
91	122
91	126
91	129
91	141
91	144
91	167
91	186
91	191
91	220
91	236
91	250
91	262
91	284
91	308
91	310
91	317
91	333
91	336
91	337
91	350
91	384
91	385
91	399
91	465
91	475
91	518
92	92
92	96
92	103
92	132
92	147
92	160
92	183
92	195
92	196
92	236
92	284
92	305
92	311
92	319
92	339
92	341
92	374
92	432
92	440
92	441
92	444
92	468
92	473
92	521
92	539
93	93
93	109
93	135
93	159
93	174
93	178
93	184
93	230
93	231
93	237
93	252
93	261
93	268
93	287
93	294
93	304
93	352
93	449
93	511
93	518
93	532
94	94
94	96
94	130
94	157
94	170
94	173
94	194
94	231
94	234
94	244
94	263
94	314
94	345
94	349
94	372
94	393
94	395
94	409
94	416
94	439
94	460
94	465
94	479
94	490
94	498
95	95
95	111
95	116
95	146
95	160
95	215
95	225
95	232
95	245
95	249
95	273
95	278
95	329
95	366
95	377
95	389
95	474
95	523
95	533
96	96
96	103
96	130
96	157
96	160
96	170
96	194
96	195
96	231
96	234
96	244
96	284
96	311
96	314
96	341
96	345
96	374
96	393
96	409
96	416
96	439
96	465
96	490
96	498
97	97
97	110
97	126
97	129
97	167
97	186
97	220
97	236
97	241
97	246
97	247
97	257
97	263
97	295
97	313
97	335
97	336
97	369
97	384
97	385
97	404
97	465
97	483
97	503
97	534
98	98
98	112
98	133
98	149
98	151
98	163
98	180
98	182
98	183
98	199
98	255
98	294
98	320
98	321
98	349
98	354
98	361
98	365
98	374
98	391
98	418
98	422
98	424
98	426
98	431
98	450
98	453
98	472
98	490
98	494
98	504
98	513
98	535
98	536
99	99
99	105
99	128
99	138
99	151
99	201
99	204
99	208
99	251
99	285
99	309
99	323
99	375
99	380
99	384
99	407
99	411
99	418
99	436
99	455
99	456
99	488
99	498
99	500
99	512
99	514
99	530
100	100
100	181
100	201
100	217
100	234
100	243
100	292
100	302
100	313
100	315
100	316
100	359
100	360
100	397
100	403
100	405
100	420
100	425
100	474
100	476
100	479
100	491
100	496
100	510
100	511
100	520
100	525
101	101
101	103
101	105
101	129
101	134
101	135
101	156
101	164
101	168
101	197
101	240
101	249
101	261
101	298
101	300
101	338
101	351
101	412
101	458
101	506
101	517
101	531
102	102
102	125
102	150
102	163
102	207
102	210
102	233
102	260
102	276
102	281
102	282
102	290
102	297
102	331
102	336
102	356
102	365
102	379
102	396
102	398
102	436
102	446
102	447
102	460
102	475
102	497
103	103
103	105
103	129
103	134
103	156
103	160
103	164
103	168
103	195
103	197
103	240
103	261
103	284
103	298
103	300
103	311
103	338
103	341
103	351
103	374
103	412
103	506
103	517
104	104
104	123
104	126
104	175
104	181
104	193
104	209
104	211
104	219
104	239
104	252
104	262
104	277
104	291
104	301
104	324
104	371
104	397
104	400
104	401
104	406
104	435
104	489
104	495
104	516
104	519
105	105
105	129
105	134
105	156
105	164
105	168
105	197
105	208
105	240
105	261
105	298
105	300
105	323
105	338
105	351
105	412
105	418
105	498
105	506
105	517
106	106
106	139
106	148
106	167
106	179
106	189
106	198
106	229
106	253
106	286
106	328
106	340
106	347
106	357
106	363
106	379
106	381
106	402
106	414
106	438
106	449
106	480
106	484
106	485
106	486
106	503
106	508
107	107
107	113
107	124
107	136
107	164
107	188
107	189
107	202
107	213
107	220
107	222
107	223
107	237
107	270
107	276
107	288
107	296
107	312
107	323
107	325
107	334
107	382
107	388
107	417
107	459
107	476
107	478
107	491
107	501
107	527
108	108
108	118
108	130
108	146
108	154
108	171
108	178
108	238
108	243
108	259
108	271
108	277
108	279
108	281
108	306
108	311
108	353
108	395
108	423
108	431
108	454
108	463
108	471
108	477
108	486
108	492
108	522
108	530
109	109
109	114
109	134
109	135
109	144
109	159
109	174
109	184
109	230
109	252
109	264
109	268
109	273
109	287
109	304
109	352
109	357
109	370
109	421
109	449
109	500
109	532
110	110
110	120
110	126
110	129
110	158
110	167
110	169
110	186
110	190
110	200
110	220
110	227
110	236
110	248
110	280
110	324
110	336
110	353
110	384
110	385
110	386
110	392
110	429
110	451
110	458
110	465
111	111
111	116
111	146
111	160
111	215
111	232
111	245
111	246
111	249
111	273
111	278
111	293
111	320
111	329
111	366
111	377
111	389
111	425
111	455
111	474
111	505
111	523
111	533
112	112
112	133
112	149
112	158
112	180
112	255
112	258
112	294
112	320
112	321
112	330
112	339
112	349
112	354
112	361
112	365
112	374
112	389
112	391
112	417
112	418
112	422
112	426
112	450
112	453
112	472
112	494
112	504
112	513
112	535
112	536
113	113
113	124
113	136
113	169
113	188
113	189
113	194
113	213
113	220
113	222
113	223
113	237
113	270
113	276
113	288
113	296
113	300
113	312
113	323
113	325
113	366
113	388
113	408
113	417
113	430
113	459
113	471
113	472
113	478
113	491
113	524
113	527
114	114
114	134
114	144
114	177
114	202
114	212
114	214
114	264
114	272
114	273
114	332
114	340
114	357
114	370
114	396
114	415
114	421
114	428
114	461
114	482
114	500
114	505
114	507
114	515
115	115
115	119
115	122
115	141
115	144
115	191
115	221
115	232
115	250
115	254
115	262
115	284
115	308
115	310
115	317
115	333
115	337
115	347
115	350
115	351
115	359
115	399
115	426
115	433
115	442
115	444
115	475
115	482
115	518
116	116
116	146
116	160
116	215
116	232
116	233
116	245
116	249
116	251
116	273
116	278
116	329
116	366
116	377
116	389
116	409
116	419
116	474
116	523
116	533
117	117
117	145
117	147
117	176
117	177
117	192
117	213
117	253
117	271
117	275
117	289
117	327
117	328
117	330
117	344
117	370
117	372
117	382
117	394
117	413
117	457
117	493
117	502
117	520
117	522
118	118
118	154
118	178
118	238
118	243
118	259
118	277
118	279
118	311
118	344
118	360
118	395
118	423
118	431
118	454
118	471
118	486
118	488
118	492
118	497
118	504
118	519
118	522
119	119
119	122
119	141
119	144
119	191
119	250
119	262
119	280
119	284
119	308
119	310
119	317
119	333
119	337
119	345
119	350
119	399
119	459
119	475
119	518
120	120
120	152
120	158
120	169
120	190
120	196
120	200
120	227
120	228
120	230
120	248
120	280
120	324
120	353
120	386
120	392
120	429
120	439
120	447
120	451
120	456
120	458
120	492
120	499
121	121
121	137
121	197
121	207
121	209
121	235
121	254
121	266
121	286
121	322
121	326
121	376
121	385
121	387
121	390
121	427
121	437
121	440
121	445
121	462
121	464
121	477
121	480
121	495
121	499
121	526
122	122
122	139
122	141
122	144
122	161
122	190
122	191
122	242
122	244
122	250
122	262
122	284
122	289
122	305
122	308
122	310
122	317
122	333
122	337
122	346
122	350
122	387
122	399
122	404
122	454
122	475
122	514
122	518
123	123
123	126
123	175
123	181
123	193
123	209
123	219
123	239
123	255
123	282
123	291
123	400
123	401
123	402
123	406
123	413
123	416
123	435
123	487
123	516
123	519
124	124
124	136
124	188
124	189
124	192
124	198
124	213
124	220
124	222
124	223
124	237
124	270
124	276
124	288
124	296
124	308
124	312
124	315
124	323
124	325
124	388
124	391
124	398
124	417
124	443
124	459
124	478
124	491
124	527
125	125
125	157
125	163
125	166
125	210
125	233
125	260
125	281
125	282
125	290
125	296
125	297
125	331
125	336
125	356
125	398
125	412
125	423
125	446
125	447
125	452
125	460
125	497
126	126
126	129
126	167
126	175
126	181
126	186
126	193
126	209
126	219
126	220
126	236
126	239
126	291
126	336
126	384
126	385
126	400
126	401
126	406
126	435
126	465
126	516
126	519
127	127
127	162
127	166
127	203
127	212
127	218
127	219
127	224
127	225
127	269
127	295
127	303
127	331
127	343
127	363
127	364
127	367
127	419
127	509
127	512
127	538
127	539
128	128
128	138
128	151
128	165
128	201
128	204
128	214
128	240
128	245
128	251
128	259
128	269
128	285
128	309
128	375
128	380
128	384
128	386
128	407
128	411
128	435
128	436
128	441
128	455
128	456
128	467
128	488
128	500
128	512
128	514
128	530
129	129
129	134
129	156
129	164
129	167
129	168
129	186
129	197
129	220
129	236
129	240
129	261
129	298
129	300
129	336
129	338
129	351
129	384
129	385
129	412
129	465
129	506
129	517
130	130
130	146
130	157
130	170
130	171
130	194
130	231
130	234
130	244
130	271
130	281
130	306
130	314
130	345
130	353
130	393
130	409
130	416
130	439
130	463
130	465
130	477
130	490
130	498
130	530
131	131
131	159
131	161
131	185
131	193
131	204
131	216
131	256
131	264
131	266
131	274
131	283
131	293
131	332
131	333
131	334
131	381
131	390
131	392
131	394
131	442
131	448
131	481
131	524
131	531
132	132
132	147
132	162
132	174
132	176
132	183
132	196
132	210
132	216
132	236
132	291
132	305
132	319
132	339
132	368
132	380
132	432
132	440
132	441
132	444
132	468
132	473
132	521
132	523
132	539
133	133
133	140
133	149
133	180
133	187
133	229
133	255
133	268
133	294
133	320
133	321
133	343
133	349
133	354
133	361
133	365
133	374
133	391
133	418
133	422
133	426
133	446
133	450
133	453
133	472
133	481
133	494
133	504
133	513
133	535
133	536
134	134
134	144
134	156
134	164
134	168
134	197
134	240
134	261
134	264
134	273
134	298
134	300
134	338
134	351
134	357
134	370
134	412
134	421
134	500
134	506
134	517
135	135
135	159
135	174
135	184
135	230
135	249
135	252
135	268
135	287
135	304
135	352
135	449
135	458
135	531
135	532
136	136
136	149
136	188
136	189
136	213
136	220
136	222
136	223
136	237
136	270
136	274
136	276
136	288
136	296
136	312
136	323
136	325
136	388
136	417
136	459
136	464
136	470
136	478
136	491
136	527
137	137
137	145
137	172
137	180
137	191
137	207
137	235
137	254
137	266
137	299
137	322
137	326
137	348
137	367
137	369
137	376
137	385
137	387
137	427
137	437
137	462
137	464
137	468
137	477
137	480
137	495
137	499
137	506
137	526
138	138
138	151
138	175
138	201
138	204
138	251
138	285
138	309
138	321
138	337
138	364
138	375
138	380
138	384
138	407
138	411
138	420
138	427
138	436
138	455
138	456
138	488
138	500
138	512
138	514
138	515
138	530
139	139
139	148
139	161
139	167
139	179
139	190
139	198
139	229
139	242
139	244
139	253
139	286
139	289
139	305
139	346
139	347
139	357
139	363
139	379
139	387
139	402
139	404
139	414
139	438
139	454
139	484
139	485
139	508
139	514
140	140
140	187
140	199
140	205
140	206
140	211
140	228
140	229
140	242
140	268
140	343
140	358
140	433
140	446
140	452
140	463
140	481
140	537
141	141
141	144
141	154
141	191
141	200
141	250
141	262
141	284
141	308
141	310
141	317
141	333
141	337
141	350
141	356
141	399
141	414
141	475
141	502
141	518
142	142
142	150
142	155
142	156
142	172
142	182
142	187
142	221
142	226
142	287
142	316
142	354
142	355
142	362
142	377
142	393
142	410
142	438
142	445
142	466
142	467
142	483
142	489
142	501
142	537
143	143
143	165
143	171
143	173
143	208
143	292
143	299
143	303
143	341
143	346
143	355
143	362
143	368
143	373
143	470
143	508
144	144
144	191
144	250
144	262
144	264
144	273
144	284
144	308
144	310
144	317
144	333
144	337
144	350
144	357
144	370
144	399
144	421
144	475
144	500
144	518
145	145
145	172
145	176
145	180
145	191
145	192
145	271
145	275
145	289
145	299
145	327
145	328
145	330
145	344
145	348
145	367
145	369
145	370
145	372
145	382
145	394
145	413
145	468
145	493
145	502
145	506
145	520
146	146
146	160
146	171
146	215
146	232
146	245
146	249
146	271
146	273
146	278
146	281
146	306
146	329
146	353
146	366
146	377
146	389
146	463
146	474
146	477
146	523
146	530
146	533
147	147
147	177
147	183
147	196
147	213
147	236
147	253
147	305
147	319
147	339
147	432
147	440
147	441
147	444
147	457
147	468
147	473
147	521
147	522
147	539
148	148
148	167
148	179
148	198
148	229
148	239
148	253
148	286
148	347
148	357
148	363
148	379
148	402
148	414
148	438
148	448
148	461
148	469
148	484
148	485
148	508
148	527
148	532
149	149
149	180
149	255
149	274
149	294
149	320
149	321
149	349
149	354
149	361
149	365
149	374
149	391
149	418
149	422
149	426
149	450
149	453
149	464
149	470
149	472
149	494
149	504
149	513
149	535
149	536
150	150
150	155
150	172
150	182
150	187
150	207
150	221
150	226
150	276
150	355
150	365
150	379
150	396
150	410
150	436
150	445
150	466
150	467
150	475
150	489
150	501
151	151
151	163
151	182
151	183
151	199
151	201
151	204
151	251
151	285
151	309
151	375
151	380
151	384
151	407
151	411
151	424
151	431
151	436
151	455
151	456
151	488
151	490
151	500
151	512
151	514
151	530
152	152
152	153
152	196
152	228
152	230
152	306
152	307
152	342
152	348
152	371
152	373
152	378
152	405
152	421
152	430
152	439
152	447
152	456
152	457
152	469
152	492
152	499
152	529
153	153
153	179
153	250
153	278
153	302
153	306
153	307
153	342
153	348
153	371
153	373
153	378
153	405
153	421
153	430
153	457
153	469
153	529
153	536
154	154
154	178
154	200
154	238
154	243
154	259
154	277
154	279
154	311
154	356
154	395
154	414
154	423
154	431
154	454
154	471
154	486
154	492
154	502
154	522
155	155
155	172
155	182
155	187
155	203
155	221
155	226
155	288
155	318
155	352
155	355
155	407
155	410
155	437
155	445
155	466
155	467
155	489
155	501
155	517
156	156
156	164
156	168
156	197
156	240
156	261
156	287
156	298
156	300
156	316
156	338
156	351
156	354
156	362
156	377
156	393
156	412
156	438
156	483
156	506
156	517
156	537
157	157
157	166
157	170
157	194
157	231
157	234
157	244
157	296
157	314
157	345
157	393
157	409
157	412
157	416
157	423
157	439
157	452
157	465
157	490
157	498
158	158
158	169
158	190
158	200
158	227
158	248
158	258
158	280
158	324
158	330
158	339
158	353
158	386
158	389
158	392
158	417
158	429
158	451
158	458
159	159
159	174
159	184
159	193
159	204
159	230
159	252
159	266
159	268
159	287
159	304
159	332
159	333
159	352
159	392
159	394
159	449
159	532
160	160
160	195
160	215
160	232
160	245
160	249
160	273
160	278
160	284
160	311
160	329
160	341
160	366
160	374
160	377
160	389
160	474
160	523
160	533
161	161
161	185
161	190
161	216
161	242
161	244
161	256
161	264
161	274
161	283
161	289
161	293
161	305
161	334
161	346
161	381
161	387
161	390
161	404
161	442
161	448
161	454
161	481
161	514
161	524
161	531
162	162
162	166
162	174
162	176
162	203
162	210
162	216
162	218
162	224
162	225
162	269
162	291
162	343
162	364
162	367
162	368
162	380
162	419
162	509
162	523
162	538
163	163
163	182
163	183
163	199
163	210
163	233
163	260
163	281
163	282
163	290
163	297
163	331
163	336
163	356
163	398
163	424
163	431
163	446
163	447
163	460
163	490
163	497
164	164
164	168
164	197
164	202
164	240
164	261
164	298
164	300
164	334
164	338
164	351
164	382
164	412
164	476
164	501
164	506
164	517
165	165
165	171
165	173
165	208
165	214
165	240
165	245
165	259
165	269
165	292
165	299
165	303
165	341
165	346
165	362
165	368
165	386
165	435
165	441
165	467
165	470
166	166
166	203
166	218
166	224
166	225
166	269
166	296
166	343
166	364
166	367
166	412
166	419
166	423
166	452
166	509
166	538
167	167
167	179
167	186
167	198
167	220
167	229
167	236
167	253
167	286
167	336
167	347
167	357
167	363
167	379
167	384
167	385
167	402
167	414
167	438
167	465
167	484
167	485
167	508
168	168
168	197
168	238
168	240
168	261
168	265
168	298
168	300
168	307
168	317
168	325
168	338
168	351
168	375
168	410
168	412
168	422
168	451
168	506
168	517
168	526
169	169
169	190
169	194
169	200
169	227
169	248
169	280
169	300
169	324
169	353
169	366
169	386
169	392
169	408
169	429
169	430
169	451
169	458
169	471
169	472
169	524
170	170
170	194
170	215
170	218
170	222
170	231
170	234
170	244
170	298
170	314
170	335
170	345
170	378
170	383
170	393
170	406
170	409
170	416
170	439
170	453
170	462
170	465
170	466
170	490
170	498
171	171
171	173
171	208
171	271
171	281
171	292
171	299
171	303
171	306
171	341
171	346
171	353
171	362
171	368
171	463
171	470
171	477
171	530
172	172
172	180
172	182
172	187
172	191
172	221
172	226
172	299
172	348
172	355
172	367
172	369
172	410
172	445
172	466
172	467
172	468
172	489
172	501
172	506
173	173
173	208
173	263
173	292
173	299
173	303
173	341
173	346
173	349
173	362
173	368
173	372
173	395
173	460
173	470
173	479
174	174
174	176
174	184
174	210
174	216
174	230
174	252
174	268
174	287
174	291
174	304
174	352
174	368
174	380
174	449
174	523
174	532
175	175
175	181
175	193
175	209
175	219
175	239
175	291
175	321
175	337
175	364
175	400
175	401
175	406
175	420
175	427
175	435
175	515
175	516
175	519
176	176
176	192
176	210
176	216
176	271
176	275
176	289
176	291
176	327
176	328
176	330
176	344
176	368
176	370
176	372
176	380
176	382
176	394
176	413
176	493
176	502
176	520
176	523
177	177
177	202
177	212
177	213
177	214
177	253
177	272
177	332
177	340
177	396
177	415
177	428
177	457
177	461
177	482
177	505
177	507
177	515
177	522
178	178
178	231
178	237
178	238
178	243
178	259
178	261
178	277
178	279
178	294
178	311
178	395
178	423
178	431
178	454
178	471
178	486
178	492
178	511
178	518
178	522
179	179
179	198
179	229
179	250
179	253
179	278
179	286
179	302
179	347
179	357
179	363
179	379
179	402
179	414
179	438
179	484
179	485
179	508
179	536
180	180
180	191
180	255
180	294
180	299
180	320
180	321
180	348
180	349
180	354
180	361
180	365
180	367
180	369
180	374
180	391
180	418
180	422
180	426
180	450
180	453
180	468
180	472
180	494
180	504
180	506
180	513
180	535
180	536
181	181
181	193
181	201
181	209
181	219
181	234
181	239
181	243
181	291
181	292
181	313
181	400
181	401
181	405
181	406
181	435
181	474
181	491
181	516
181	519
181	520
182	182
182	183
182	187
182	199
182	221
182	226
182	355
182	410
182	424
182	431
182	445
182	466
182	467
182	489
182	490
182	501
183	183
183	196
183	199
183	236
183	305
183	319
183	339
183	424
183	431
183	432
183	440
183	441
183	444
183	468
183	473
183	490
183	521
183	539
184	184
184	205
184	230
184	247
184	252
184	268
184	287
184	304
184	312
184	350
184	352
184	376
184	415
184	434
184	449
184	525
184	532
184	535
185	185
185	216
185	256
185	264
185	274
185	283
185	285
185	293
185	334
185	381
185	390
185	429
185	442
185	448
185	481
185	493
185	513
185	521
185	524
185	531
186	186
186	195
186	220
186	236
186	258
186	265
186	267
186	301
186	318
186	336
186	383
186	384
186	385
186	408
186	424
186	434
186	443
186	465
186	487
186	528
187	187
187	221
187	226
187	229
187	268
187	343
187	355
187	410
187	445
187	446
187	466
187	467
187	481
187	489
187	501
188	188
188	189
188	213
188	220
188	222
188	223
188	237
188	270
188	276
188	283
188	288
188	296
188	312
188	323
188	325
188	388
188	417
188	459
188	478
188	491
188	510
188	516
188	527
188	529
188	533
188	534
189	189
189	213
189	220
189	222
189	223
189	237
189	270
189	276
189	288
189	296
189	312
189	323
189	325
189	328
189	340
189	381
189	388
189	417
189	449
189	459
189	478
189	480
189	486
189	491
189	503
189	527
190	190
190	200
190	227
190	242
190	244
190	248
190	280
190	289
190	305
190	324
190	346
190	353
190	386
190	387
190	392
190	404
190	429
190	451
190	454
190	458
190	514
191	191
191	250
191	262
191	284
191	299
191	308
191	310
191	317
191	333
191	337
191	348
191	350
191	367
191	369
191	399
191	468
191	475
191	506
191	518
192	192
192	198
192	271
192	275
192	289
192	308
192	315
192	327
192	328
192	330
192	344
192	370
192	372
192	382
192	391
192	394
192	398
192	413
192	443
192	493
192	502
192	520
193	193
193	204
193	209
193	219
193	239
193	266
193	291
193	332
193	333
193	392
193	394
193	400
193	401
193	406
193	435
193	516
193	519
194	194
194	231
194	234
194	244
194	300
194	314
194	345
194	366
194	393
194	408
194	409
194	416
194	430
194	439
194	465
194	471
194	472
194	490
194	498
194	524
195	195
195	258
195	265
195	267
195	284
195	301
195	311
195	318
195	341
195	374
195	383
195	408
195	424
195	434
195	443
195	487
195	528
196	196
196	228
196	230
196	236
196	305
196	319
196	339
196	432
196	439
196	440
196	441
196	444
196	447
196	456
196	468
196	473
196	492
196	499
196	521
196	539
197	197
197	209
197	240
197	261
197	286
197	298
197	300
197	338
197	351
197	390
197	412
197	440
197	445
197	506
197	517
198	198
198	229
198	253
198	286
198	308
198	315
198	347
198	357
198	363
198	379
198	391
198	398
198	402
198	414
198	438
198	443
198	484
198	485
198	508
199	199
199	205
199	206
199	211
199	228
199	242
199	358
199	424
199	431
199	433
199	452
199	463
199	490
199	537
200	200
200	227
200	248
200	280
200	324
200	353
200	356
200	386
200	392
200	414
200	429
200	451
200	458
200	502
201	201
201	204
201	234
201	243
201	251
201	285
201	292
201	309
201	313
201	375
201	380
201	384
201	405
201	407
201	411
201	436
201	455
201	456
201	474
201	488
201	491
201	500
201	512
201	514
201	520
201	530
202	202
202	212
202	214
202	272
202	332
202	334
202	340
202	382
202	396
202	415
202	428
202	461
202	476
202	482
202	501
202	505
202	507
202	515
203	203
203	218
203	224
203	225
203	269
203	288
203	318
203	343
203	352
203	364
203	367
203	407
203	419
203	437
203	509
203	517
203	538
204	204
204	251
204	266
204	285
204	309
204	332
204	333
204	375
204	380
204	384
204	392
204	394
204	407
204	411
204	436
204	455
204	456
204	488
204	500
204	512
204	514
204	530
205	205
205	206
205	211
205	228
205	242
205	247
205	312
205	350
205	358
205	376
205	415
205	433
205	434
205	452
205	463
205	525
205	535
205	537
206	206
206	211
206	228
206	242
206	256
206	260
206	310
206	326
206	342
206	358
206	361
206	433
206	452
206	463
206	484
206	496
206	537
207	207
207	235
207	254
207	266
207	276
207	322
207	326
207	365
207	376
207	379
207	385
207	387
207	396
207	427
207	436
207	437
207	462
207	464
207	475
207	477
207	480
207	495
207	499
207	526
208	208
208	292
208	299
208	303
208	323
208	341
208	346
208	362
208	368
208	418
208	470
208	498
209	209
209	219
209	239
209	286
209	291
209	390
209	400
209	401
209	406
209	435
209	440
209	445
209	516
209	519
210	210
210	216
210	233
210	260
210	281
210	282
210	290
210	291
210	297
210	331
210	336
210	356
210	368
210	380
210	398
210	446
210	447
210	460
210	497
210	523
211	211
211	228
211	242
211	252
211	262
211	277
211	301
211	324
211	358
211	371
211	397
211	433
211	452
211	463
211	489
211	495
211	537
212	212
212	214
212	219
212	272
212	295
212	303
212	331
212	332
212	340
212	363
212	396
212	415
212	428
212	461
212	482
212	505
212	507
212	512
212	515
212	539
213	213
213	220
213	222
213	223
213	237
213	253
213	270
213	276
213	288
213	296
213	312
213	323
213	325
213	388
213	417
213	457
213	459
213	478
213	491
213	522
213	527
214	214
214	240
214	245
214	259
214	269
214	272
214	332
214	340
214	386
214	396
214	415
214	428
214	435
214	441
214	461
214	467
214	482
214	505
214	507
214	515
215	215
215	218
215	222
215	232
215	245
215	249
215	273
215	278
215	298
215	329
215	335
215	366
215	377
215	378
215	383
215	389
215	406
215	453
215	462
215	466
215	474
215	523
215	533
216	216
216	256
216	264
216	274
216	283
216	291
216	293
216	334
216	368
216	380
216	381
216	390
216	442
216	448
216	481
216	523
216	524
216	531
217	217
217	279
217	302
217	314
217	315
217	316
217	359
217	360
217	397
217	403
217	420
217	425
217	428
217	432
217	476
217	479
217	485
217	494
217	496
217	510
217	511
217	525
217	528
218	218
218	222
218	224
218	225
218	269
218	298
218	335
218	343
218	364
218	367
218	378
218	383
218	406
218	419
218	453
218	462
218	466
218	509
218	538
219	219
219	239
219	291
219	295
219	303
219	331
219	363
219	400
219	401
219	406
219	435
219	512
219	516
219	519
219	539
220	220
220	222
220	223
220	236
220	237
220	270
220	276
220	288
220	296
220	312
220	323
220	325
220	336
220	384
220	385
220	388
220	417
220	459
220	465
220	478
220	491
220	527
221	221
221	226
221	232
221	254
221	347
221	351
221	355
221	359
221	410
221	426
221	433
221	442
221	444
221	445
221	466
221	467
221	482
221	489
221	501
222	222
222	223
222	237
222	270
222	276
222	288
222	296
222	298
222	312
222	323
222	325
222	335
222	378
222	383
222	388
222	406
222	417
222	453
222	459
222	462
222	466
222	478
222	491
222	527
223	223
223	235
223	237
223	248
223	257
223	267
223	270
223	276
223	288
223	296
223	304
223	312
223	323
223	325
223	329
223	388
223	417
223	459
223	478
223	491
223	527
223	538
224	224
224	225
224	269
224	290
224	309
224	327
224	343
224	364
224	367
224	388
224	399
224	419
224	507
224	509
224	538
225	225
225	269
225	343
225	364
225	367
225	419
225	509
225	538
226	226
226	227
226	275
226	319
226	355
226	401
226	410
226	445
226	450
226	466
226	467
226	478
226	489
226	501
226	509
227	227
227	248
227	275
227	280
227	319
227	324
227	353
227	386
227	392
227	401
227	429
227	450
227	451
227	458
227	478
227	509
228	228
228	230
228	242
228	358
228	433
228	439
228	447
228	452
228	456
228	463
228	492
228	499
228	537
229	229
229	253
229	268
229	286
229	343
229	347
229	357
229	363
229	379
229	402
229	414
229	438
229	446
229	481
229	484
229	485
229	508
230	230
230	252
230	268
230	287
230	304
230	352
230	439
230	447
230	449
230	456
230	492
230	499
230	532
231	231
231	234
231	237
231	244
231	261
231	294
231	314
231	345
231	393
231	409
231	416
231	439
231	465
231	490
231	498
231	511
231	518
232	232
232	245
232	249
232	254
232	273
232	278
232	329
232	347
232	351
232	359
232	366
232	377
232	389
232	426
232	433
232	442
232	444
232	474
232	482
232	523
232	533
233	233
233	251
233	260
233	281
233	282
233	290
233	297
233	331
233	336
233	356
233	398
233	409
233	419
233	446
233	447
233	460
233	497
234	234
234	243
234	244
234	292
234	313
234	314
234	345
234	393
234	405
234	409
234	416
234	439
234	465
234	474
234	490
234	491
234	498
234	520
235	235
235	248
235	254
235	257
235	266
235	267
235	304
235	322
235	326
235	329
235	376
235	385
235	387
235	427
235	437
235	462
235	464
235	477
235	480
235	495
235	499
235	526
235	538
236	236
236	305
236	319
236	336
236	339
236	384
236	385
236	432
236	440
236	441
236	444
236	465
236	468
236	473
236	521
236	539
237	237
237	261
237	270
237	276
237	288
237	294
237	296
237	312
237	323
237	325
237	388
237	417
237	459
237	478
237	491
237	511
237	518
237	527
238	238
238	243
238	259
238	265
238	277
238	279
238	307
238	311
238	317
238	325
238	375
238	395
238	410
238	422
238	423
238	431
238	451
238	454
238	471
238	486
238	492
238	522
238	526
239	239
239	291
239	400
239	401
239	406
239	435
239	448
239	461
239	469
239	516
239	519
239	527
239	532
240	240
240	245
240	259
240	261
240	269
240	298
240	300
240	338
240	351
240	386
240	412
240	435
240	441
240	467
240	506
240	517
241	241
241	246
241	247
241	257
241	263
241	270
241	272
241	295
241	297
241	313
241	322
241	335
241	338
241	358
241	369
241	400
241	403
241	404
241	411
241	473
241	483
241	503
241	534
242	242
242	244
242	289
242	305
242	346
242	358
242	387
242	404
242	433
242	452
242	454
242	463
242	514
242	537
243	243
243	259
243	277
243	279
243	292
243	311
243	313
243	395
243	405
243	423
243	431
243	454
243	471
243	474
243	486
243	491
243	492
243	520
243	522
244	244
244	289
244	305
244	314
244	345
244	346
244	387
244	393
244	404
244	409
244	416
244	439
244	454
244	465
244	490
244	498
244	514
245	245
245	249
245	259
245	269
245	273
245	278
245	329
245	366
245	377
245	386
245	389
245	435
245	441
245	467
245	474
245	523
245	533
246	246
246	247
246	257
246	263
246	293
246	295
246	313
246	320
246	335
246	369
246	404
246	425
246	455
246	483
246	503
246	505
246	534
247	247
247	257
247	263
247	295
247	312
247	313
247	335
247	350
247	369
247	376
247	404
247	415
247	434
247	483
247	503
247	525
247	534
247	535
248	248
248	257
248	267
248	280
248	304
248	324
248	329
248	353
248	386
248	392
248	429
248	451
248	458
248	538
249	249
249	273
249	278
249	329
249	366
249	377
249	389
249	458
249	474
249	523
249	531
249	533
250	250
250	262
250	278
250	284
250	302
250	308
250	310
250	317
250	333
250	337
250	350
250	399
250	475
250	518
250	536
251	251
251	285
251	309
251	375
251	380
251	384
251	407
251	409
251	411
251	419
251	436
251	455
251	456
251	488
251	500
251	512
251	514
251	530
252	252
252	262
252	268
252	277
252	287
252	301
252	304
252	324
252	352
252	371
252	397
252	449
252	489
252	495
252	532
253	253
253	286
253	347
253	357
253	363
253	379
253	402
253	414
253	438
253	457
253	484
253	485
253	508
253	522
254	254
254	266
254	322
254	326
254	347
254	351
254	359
254	376
254	385
254	387
254	426
254	427
254	433
254	437
254	442
254	444
254	462
254	464
254	477
254	480
254	482
254	495
254	499
254	526
255	255
255	282
255	294
255	320
255	321
255	349
255	354
255	361
255	365
255	374
255	391
255	402
255	413
255	416
255	418
255	422
255	426
255	450
255	453
255	472
255	487
255	494
255	504
255	513
255	535
255	536
256	256
256	260
256	264
256	274
256	283
256	293
256	310
256	326
256	334
256	342
256	361
256	381
256	390
256	442
256	448
256	481
256	484
256	496
256	524
256	531
257	257
257	263
257	267
257	295
257	304
257	313
257	329
257	335
257	369
257	404
257	483
257	503
257	534
257	538
258	258
258	265
258	267
258	301
258	318
258	330
258	339
258	383
258	389
258	408
258	417
258	424
258	434
258	443
258	487
258	528
259	259
259	269
259	277
259	279
259	311
259	386
259	395
259	423
259	431
259	435
259	441
259	454
259	467
259	471
259	486
259	492
259	522
260	260
260	281
260	282
260	290
260	297
260	310
260	326
260	331
260	336
260	342
260	356
260	361
260	398
260	446
260	447
260	460
260	484
260	496
260	497
261	261
261	294
261	298
261	300
261	338
261	351
261	412
261	506
261	511
261	517
261	518
262	262
262	277
262	284
262	301
262	308
262	310
262	317
262	324
262	333
262	337
262	350
262	371
262	397
262	399
262	475
262	489
262	495
262	518
263	263
263	295
263	313
263	335
263	349
263	369
263	372
263	395
263	404
263	460
263	479
263	483
263	503
263	534
264	264
264	273
264	274
264	283
264	293
264	334
264	357
264	370
264	381
264	390
264	421
264	442
264	448
264	481
264	500
264	524
264	531
265	265
265	267
265	301
265	307
265	317
265	318
265	325
265	375
265	383
265	408
265	410
265	422
265	424
265	434
265	443
265	451
265	487
265	526
265	528
266	266
266	322
266	326
266	332
266	333
266	376
266	385
266	387
266	392
266	394
266	427
266	437
266	462
266	464
266	477
266	480
266	495
266	499
266	526
267	267
267	301
267	304
267	318
267	329
267	383
267	408
267	424
267	434
267	443
267	487
267	528
267	538
268	268
268	287
268	304
268	343
268	352
268	446
268	449
268	481
268	532
269	269
269	343
269	364
269	367
269	386
269	419
269	435
269	441
269	467
269	509
269	538
270	270
270	272
270	276
270	288
270	296
270	297
270	312
270	322
270	323
270	325
270	338
270	358
270	388
270	400
270	403
270	411
270	417
270	459
270	473
270	478
270	491
270	527
271	271
271	275
271	281
271	289
271	306
271	327
271	328
271	330
271	344
271	353
271	370
271	372
271	382
271	394
271	413
271	463
271	477
271	493
271	502
271	520
271	530
272	272
272	297
272	322
272	332
272	338
272	340
272	358
272	396
272	400
272	403
272	411
272	415
272	428
272	461
272	473
272	482
272	505
272	507
272	515
273	273
273	278
273	329
273	357
273	366
273	370
273	377
273	389
273	421
273	474
273	500
273	523
273	533
274	274
274	283
274	293
274	334
274	381
274	390
274	442
274	448
274	464
274	470
274	481
274	524
274	531
275	275
275	289
275	319
275	327
275	328
275	330
275	344
275	370
275	372
275	382
275	394
275	401
275	413
275	450
275	478
275	493
275	502
275	509
275	520
276	276
276	288
276	296
276	312
276	323
276	325
276	365
276	379
276	388
276	396
276	417
276	436
276	459
276	475
276	478
276	491
276	527
277	277
277	279
277	301
277	311
277	324
277	371
277	395
277	397
277	423
277	431
277	454
277	471
277	486
277	489
277	492
277	495
277	522
278	278
278	302
278	329
278	366
278	377
278	389
278	474
278	523
278	533
278	536
279	279
279	311
279	314
279	395
279	423
279	428
279	431
279	432
279	454
279	471
279	485
279	486
279	492
279	494
279	522
279	528
280	280
280	324
280	345
280	353
280	386
280	392
280	429
280	451
280	458
280	459
281	281
281	282
281	290
281	297
281	306
281	331
281	336
281	353
281	356
281	398
281	446
281	447
281	460
281	463
281	477
281	497
281	530
282	282
282	290
282	297
282	331
282	336
282	356
282	398
282	402
282	413
282	416
282	446
282	447
282	460
282	487
282	497
283	283
283	293
283	334
283	381
283	390
283	442
283	448
283	481
283	510
283	516
283	524
283	529
283	531
283	533
283	534
284	284
284	308
284	310
284	311
284	317
284	333
284	337
284	341
284	350
284	374
284	399
284	475
284	518
285	285
285	309
285	375
285	380
285	384
285	407
285	411
285	429
285	436
285	455
285	456
285	488
285	493
285	500
285	512
285	513
285	514
285	521
285	530
286	286
286	347
286	357
286	363
286	379
286	390
286	402
286	414
286	438
286	440
286	445
286	484
286	485
286	508
287	287
287	304
287	316
287	352
287	354
287	362
287	377
287	393
287	438
287	449
287	483
287	532
287	537
288	288
288	296
288	312
288	318
288	323
288	325
288	352
288	388
288	407
288	417
288	437
288	459
288	478
288	491
288	517
288	527
289	289
289	305
289	327
289	328
289	330
289	344
289	346
289	370
289	372
289	382
289	387
289	394
289	404
289	413
289	454
289	493
289	502
289	514
289	520
290	290
290	297
290	309
290	327
290	331
290	336
290	356
290	388
290	398
290	399
290	446
290	447
290	460
290	497
290	507
291	291
291	368
291	380
291	400
291	401
291	406
291	435
291	516
291	519
291	523
292	292
292	299
292	303
292	313
292	341
292	346
292	362
292	368
292	405
292	470
292	474
292	491
292	520
293	293
293	320
293	334
293	381
293	390
293	425
293	442
293	448
293	455
293	481
293	505
293	524
293	531
294	294
294	320
294	321
294	349
294	354
294	361
294	365
294	374
294	391
294	418
294	422
294	426
294	450
294	453
294	472
294	494
294	504
294	511
294	513
294	518
294	535
294	536
295	295
295	303
295	313
295	331
295	335
295	363
295	369
295	404
295	483
295	503
295	512
295	534
295	539
296	296
296	312
296	323
296	325
296	388
296	412
296	417
296	423
296	452
296	459
296	478
296	491
296	527
297	297
297	322
297	331
297	336
297	338
297	356
297	358
297	398
297	400
297	403
297	411
297	446
297	447
297	460
297	473
297	497
298	298
298	300
298	335
298	338
298	351
298	378
298	383
298	406
298	412
298	453
298	462
298	466
298	506
298	517
299	299
299	303
299	341
299	346
299	348
299	362
299	367
299	368
299	369
299	468
299	470
299	506
300	300
300	338
300	351
300	366
300	408
300	412
300	430
300	471
300	472
300	506
300	517
300	524
301	301
301	318
301	324
301	371
301	383
301	397
301	408
301	424
301	434
301	443
301	487
301	489
301	495
301	528
302	302
302	315
302	316
302	359
302	360
302	397
302	403
302	420
302	425
302	476
302	479
302	496
302	510
302	511
302	525
302	536
303	303
303	331
303	341
303	346
303	362
303	363
303	368
303	470
303	512
303	539
304	304
304	329
304	352
304	449
304	532
304	538
305	305
305	319
305	339
305	346
305	387
305	404
305	432
305	440
305	441
305	444
305	454
305	468
305	473
305	514
305	521
305	539
306	306
306	307
306	342
306	348
306	353
306	371
306	373
306	378
306	405
306	421
306	430
306	457
306	463
306	469
306	477
306	529
306	530
307	307
307	317
307	325
307	342
307	348
307	371
307	373
307	375
307	378
307	405
307	410
307	421
307	422
307	430
307	451
307	457
307	469
307	526
307	529
308	308
308	310
308	315
308	317
308	333
308	337
308	350
308	391
308	398
308	399
308	443
308	475
308	518
309	309
309	327
309	375
309	380
309	384
309	388
309	399
309	407
309	411
309	436
309	455
309	456
309	488
309	500
309	507
309	512
309	514
309	530
310	310
310	317
310	326
310	333
310	337
310	342
310	350
310	361
310	399
310	475
310	484
310	496
310	518
311	311
311	341
311	374
311	395
311	423
311	431
311	454
311	471
311	486
311	492
311	522
312	312
312	323
312	325
312	350
312	376
312	388
312	415
312	417
312	434
312	459
312	478
312	491
312	525
312	527
312	535
313	313
313	335
313	369
313	404
313	405
313	474
313	483
313	491
313	503
313	520
313	534
314	314
314	345
314	393
314	409
314	416
314	428
314	432
314	439
314	465
314	485
314	490
314	494
314	498
314	528
315	315
315	316
315	359
315	360
315	391
315	397
315	398
315	403
315	420
315	425
315	443
315	476
315	479
315	496
315	510
315	511
315	525
316	316
316	354
316	359
316	360
316	362
316	377
316	393
316	397
316	403
316	420
316	425
316	438
316	476
316	479
316	483
316	496
316	510
316	511
316	525
316	537
317	317
317	325
317	333
317	337
317	350
317	375
317	399
317	410
317	422
317	451
317	475
317	518
317	526
318	318
318	352
318	383
318	407
318	408
318	424
318	434
318	437
318	443
318	487
318	517
318	528
319	319
319	339
319	401
319	432
319	440
319	441
319	444
319	450
319	468
319	473
319	478
319	509
319	521
319	539
320	320
320	321
320	349
320	354
320	361
320	365
320	374
320	391
320	418
320	422
320	425
320	426
320	450
320	453
320	455
320	472
320	494
320	504
320	505
320	513
320	535
320	536
321	321
321	337
321	349
321	354
321	361
321	364
321	365
321	374
321	391
321	418
321	420
321	422
321	426
321	427
321	450
321	453
321	472
321	494
321	504
321	513
321	515
321	535
321	536
322	322
322	326
322	338
322	358
322	376
322	385
322	387
322	400
322	403
322	411
322	427
322	437
322	462
322	464
322	473
322	477
322	480
322	495
322	499
322	526
323	323
323	325
323	388
323	417
323	418
323	459
323	478
323	491
323	498
323	527
324	324
324	353
324	371
324	386
324	392
324	397
324	429
324	451
324	458
324	489
324	495
325	325
325	375
325	388
325	410
325	417
325	422
325	451
325	459
325	478
325	491
325	526
325	527
326	326
326	342
326	361
326	376
326	385
326	387
326	427
326	437
326	462
326	464
326	477
326	480
326	484
326	495
326	496
326	499
326	526
327	327
327	328
327	330
327	344
327	370
327	372
327	382
327	388
327	394
327	399
327	413
327	493
327	502
327	507
327	520
328	328
328	330
328	340
328	344
328	370
328	372
328	381
328	382
328	394
328	413
328	449
328	480
328	486
328	493
328	502
328	503
328	520
329	329
329	366
329	377
329	389
329	474
329	523
329	533
329	538
330	330
330	339
330	344
330	370
330	372
330	382
330	389
330	394
330	413
330	417
330	493
330	502
330	520
331	331
331	336
331	356
331	363
331	398
331	446
331	447
331	460
331	497
331	512
331	539
332	332
332	333
332	340
332	392
332	394
332	396
332	415
332	428
332	461
332	482
332	505
332	507
332	515
333	333
333	337
333	350
333	392
333	394
333	399
333	475
333	518
334	334
334	381
334	382
334	390
334	442
334	448
334	476
334	481
334	501
334	524
334	531
335	335
335	369
335	378
335	383
335	404
335	406
335	453
335	462
335	466
335	483
335	503
335	534
336	336
336	356
336	384
336	385
336	398
336	446
336	447
336	460
336	465
336	497
337	337
337	350
337	364
337	399
337	420
337	427
337	475
337	515
337	518
338	338
338	351
338	358
338	400
338	403
338	411
338	412
338	473
338	506
338	517
339	339
339	389
339	417
339	432
339	440
339	441
339	444
339	468
339	473
339	521
339	539
340	340
340	381
340	396
340	415
340	428
340	449
340	461
340	480
340	482
340	486
340	503
340	505
340	507
340	515
341	341
341	346
341	362
341	368
341	374
341	470
342	342
342	348
342	361
342	371
342	373
342	378
342	405
342	421
342	430
342	457
342	469
342	484
342	496
342	529
343	343
343	364
343	367
343	419
343	446
343	481
343	509
343	538
344	344
344	360
344	370
344	372
344	382
344	394
344	413
344	488
344	493
344	497
344	502
344	504
344	519
344	520
345	345
345	393
345	409
345	416
345	439
345	459
345	465
345	490
345	498
346	346
346	362
346	368
346	387
346	404
346	454
346	470
346	514
347	347
347	351
347	357
347	359
347	363
347	379
347	402
347	414
347	426
347	433
347	438
347	442
347	444
347	482
347	484
347	485
347	508
348	348
348	367
348	369
348	371
348	373
348	378
348	405
348	421
348	430
348	457
348	468
348	469
348	506
348	529
349	349
349	354
349	361
349	365
349	372
349	374
349	391
349	395
349	418
349	422
349	426
349	450
349	453
349	460
349	472
349	479
349	494
349	504
349	513
349	535
349	536
350	350
350	376
350	399
350	415
350	434
350	475
350	518
350	525
350	535
351	351
351	359
351	412
351	426
351	433
351	442
351	444
351	482
351	506
351	517
352	352
352	407
352	437
352	449
352	517
352	532
353	353
353	386
353	392
353	429
353	451
353	458
353	463
353	477
353	530
354	354
354	361
354	362
354	365
354	374
354	377
354	391
354	393
354	418
354	422
354	426
354	438
354	450
354	453
354	472
354	483
354	494
354	504
354	513
354	535
354	536
354	537
355	355
355	373
355	410
355	445
355	466
355	467
355	489
355	501
355	508
356	356
356	398
356	414
356	446
356	447
356	460
356	497
356	502
357	357
357	363
357	370
357	379
357	402
357	414
357	421
357	438
357	484
357	485
357	500
357	508
358	358
358	400
358	403
358	411
358	433
358	452
358	463
358	473
358	537
359	359
359	360
359	397
359	403
359	420
359	425
359	426
359	433
359	442
359	444
359	476
359	479
359	482
359	496
359	510
359	511
359	525
360	360
360	397
360	403
360	420
360	425
360	476
360	479
360	488
360	496
360	497
360	504
360	510
360	511
360	519
360	525
361	361
361	365
361	374
361	391
361	418
361	422
361	426
361	450
361	453
361	472
361	484
361	494
361	496
361	504
361	513
361	535
361	536
362	362
362	368
362	377
362	393
362	438
362	470
362	483
362	537
363	363
363	379
363	402
363	414
363	438
363	484
363	485
363	508
363	512
363	539
364	364
364	367
364	419
364	420
364	427
364	509
364	515
364	538
365	365
365	374
365	379
365	391
365	396
365	418
365	422
365	426
365	436
365	450
365	453
365	472
365	475
365	494
365	504
365	513
365	535
365	536
366	366
366	377
366	389
366	408
366	430
366	471
366	472
366	474
366	523
366	524
366	533
367	367
367	369
367	419
367	468
367	506
367	509
367	538
368	368
368	380
368	470
368	523
369	369
369	404
369	468
369	483
369	503
369	506
369	534
370	370
370	372
370	382
370	394
370	413
370	421
370	493
370	500
370	502
370	520
371	371
371	373
371	378
371	397
371	405
371	421
371	430
371	457
371	469
371	489
371	495
371	529
372	372
372	382
372	394
372	395
372	413
372	460
372	479
372	493
372	502
372	520
373	373
373	378
373	405
373	421
373	430
373	457
373	469
373	508
373	529
374	374
374	391
374	418
374	422
374	426
374	450
374	453
374	472
374	494
374	504
374	513
374	535
374	536
375	375
375	380
375	384
375	407
375	410
375	411
375	422
375	436
375	451
375	455
375	456
375	488
375	500
375	512
375	514
375	526
375	530
376	376
376	385
376	387
376	415
376	427
376	434
376	437
376	462
376	464
376	477
376	480
376	495
376	499
376	525
376	526
376	535
377	377
377	389
377	393
377	438
377	474
377	483
377	523
377	533
377	537
378	378
378	383
378	405
378	406
378	421
378	430
378	453
378	457
378	462
378	466
378	469
378	529
379	379
379	396
379	402
379	414
379	436
379	438
379	475
379	484
379	485
379	508
380	380
380	384
380	407
380	411
380	436
380	455
380	456
380	488
380	500
380	512
380	514
380	523
380	530
381	381
381	390
381	442
381	448
381	449
381	480
381	481
381	486
381	503
381	524
381	531
382	382
382	394
382	413
382	476
382	493
382	501
382	502
382	520
383	383
383	406
383	408
383	424
383	434
383	443
383	453
383	462
383	466
383	487
383	528
384	384
384	385
384	407
384	411
384	436
384	455
384	456
384	465
384	488
384	500
384	512
384	514
384	530
385	385
385	387
385	427
385	437
385	462
385	464
385	465
385	477
385	480
385	495
385	499
385	526
386	386
386	392
386	429
386	435
386	441
386	451
386	458
386	467
387	387
387	404
387	427
387	437
387	454
387	462
387	464
387	477
387	480
387	495
387	499
387	514
387	526
388	388
388	399
388	417
388	459
388	478
388	491
388	507
388	527
389	389
389	417
389	474
389	523
389	533
390	390
390	440
390	442
390	445
390	448
390	481
390	524
390	531
391	391
391	398
391	418
391	422
391	426
391	443
391	450
391	453
391	472
391	494
391	504
391	513
391	535
391	536
392	392
392	394
392	429
392	451
392	458
393	393
393	409
393	416
393	438
393	439
393	465
393	483
393	490
393	498
393	537
394	394
394	413
394	493
394	502
394	520
395	395
395	423
395	431
395	454
395	460
395	471
395	479
395	486
395	492
395	522
396	396
396	415
396	428
396	436
396	461
396	475
396	482
396	505
396	507
396	515
397	397
397	403
397	420
397	425
397	476
397	479
397	489
397	495
397	496
397	510
397	511
397	525
398	398
398	443
398	446
398	447
398	460
398	497
399	399
399	475
399	507
399	518
400	400
400	401
400	403
400	406
400	411
400	435
400	473
400	516
400	519
401	401
401	406
401	435
401	450
401	478
401	509
401	516
401	519
402	402
402	413
402	414
402	416
402	438
402	484
402	485
402	487
402	508
403	403
403	411
403	420
403	425
403	473
403	476
403	479
403	496
403	510
403	511
403	525
404	404
404	454
404	483
404	503
404	514
404	534
405	405
405	421
405	430
405	457
405	469
405	474
405	491
405	520
405	529
406	406
406	435
406	453
406	462
406	466
406	516
406	519
407	407
407	411
407	436
407	437
407	455
407	456
407	488
407	500
407	512
407	514
407	517
407	530
408	408
408	424
408	430
408	434
408	443
408	471
408	472
408	487
408	524
408	528
409	409
409	416
409	419
409	439
409	465
409	490
409	498
410	410
410	422
410	445
410	451
410	466
410	467
410	489
410	501
410	526
411	411
411	436
411	455
411	456
411	473
411	488
411	500
411	512
411	514
411	530
412	412
412	423
412	452
412	506
412	517
413	413
413	416
413	487
413	493
413	502
413	520
414	414
414	438
414	484
414	485
414	502
414	508
415	415
415	428
415	434
415	461
415	482
415	505
415	507
415	515
415	525
415	535
416	416
416	439
416	465
416	487
416	490
416	498
417	417
417	459
417	478
417	491
417	527
418	418
418	422
418	426
418	450
418	453
418	472
418	494
418	498
418	504
418	513
418	535
418	536
419	419
419	509
419	538
420	420
420	425
420	427
420	476
420	479
420	496
420	510
420	511
420	515
420	525
421	421
421	430
421	457
421	469
421	500
421	529
422	422
422	426
422	450
422	451
422	453
422	472
422	494
422	504
422	513
422	526
422	535
422	536
423	423
423	431
423	452
423	454
423	471
423	486
423	492
423	522
424	424
424	431
424	434
424	443
424	487
424	490
424	528
425	425
425	455
425	476
425	479
425	496
425	505
425	510
425	511
425	525
426	426
426	433
426	442
426	444
426	450
426	453
426	472
426	482
426	494
426	504
426	513
426	535
426	536
427	427
427	437
427	462
427	464
427	477
427	480
427	495
427	499
427	515
427	526
428	428
428	432
428	461
428	482
428	485
428	494
428	505
428	507
428	515
428	528
429	429
429	451
429	458
429	493
429	513
429	521
430	430
430	457
430	469
430	471
430	472
430	524
430	529
431	431
431	454
431	471
431	486
431	490
431	492
431	522
432	432
432	440
432	441
432	444
432	468
432	473
432	485
432	494
432	521
432	528
432	539
433	433
433	442
433	444
433	452
433	463
433	482
433	537
434	434
434	443
434	487
434	525
434	528
434	535
435	435
435	441
435	467
435	516
435	519
436	436
436	455
436	456
436	475
436	488
436	500
436	512
436	514
436	530
437	437
437	462
437	464
437	477
437	480
437	495
437	499
437	517
437	526
438	438
438	483
438	484
438	485
438	508
438	537
439	439
439	447
439	456
439	465
439	490
439	492
439	498
439	499
440	440
440	441
440	444
440	445
440	468
440	473
440	521
440	539
441	441
441	444
441	467
441	468
441	473
441	521
441	539
442	442
442	444
442	448
442	481
442	482
442	524
442	531
443	443
443	487
443	528
444	444
444	468
444	473
444	482
444	521
444	539
445	445
445	466
445	467
445	489
445	501
446	446
446	447
446	460
446	481
446	497
447	447
447	456
447	460
447	492
447	497
447	499
448	448
448	461
448	469
448	481
448	524
448	527
448	531
448	532
449	449
449	480
449	486
449	503
449	532
450	450
450	453
450	472
450	478
450	494
450	504
450	509
450	513
450	535
450	536
451	451
451	458
451	526
452	452
452	463
452	537
453	453
453	462
453	466
453	472
453	494
453	504
453	513
453	535
453	536
454	454
454	471
454	486
454	492
454	514
454	522
455	455
455	456
455	488
455	500
455	505
455	512
455	514
455	530
456	456
456	488
456	492
456	499
456	500
456	512
456	514
456	530
457	457
457	469
457	522
457	529
458	458
458	531
459	459
459	478
459	491
459	527
460	460
460	479
460	497
461	461
461	469
461	482
461	505
461	507
461	515
461	527
461	532
462	462
462	464
462	466
462	477
462	480
462	495
462	499
462	526
463	463
463	477
463	530
463	537
464	464
464	470
464	477
464	480
464	495
464	499
464	526
465	465
465	490
465	498
466	466
466	467
466	489
466	501
467	467
467	489
467	501
468	468
468	473
468	506
468	521
468	539
469	469
469	527
469	529
469	532
470	470
471	471
471	472
471	486
471	492
471	522
471	524
472	472
472	494
472	504
472	513
472	524
472	535
472	536
473	473
473	521
473	539
474	474
474	491
474	520
474	523
474	533
475	475
475	518
476	476
476	479
476	496
476	501
476	510
476	511
476	525
477	477
477	480
477	495
477	499
477	526
477	530
478	478
478	491
478	509
478	527
479	479
479	496
479	510
479	511
479	525
480	480
480	486
480	495
480	499
480	503
480	526
481	481
481	524
481	531
482	482
482	505
482	507
482	515
483	483
483	503
483	534
483	537
484	484
484	485
484	496
484	508
485	485
485	494
485	508
485	528
486	486
486	492
486	503
486	522
487	487
487	528
488	488
488	497
488	500
488	504
488	512
488	514
488	519
488	530
489	489
489	495
489	501
490	490
490	498
491	491
491	520
491	527
492	492
492	499
492	522
493	493
493	502
493	513
493	520
493	521
494	494
494	504
494	513
494	528
494	535
494	536
495	495
495	499
495	526
496	496
496	510
496	511
496	525
497	497
497	504
497	519
498	498
499	499
499	526
500	500
500	512
500	514
500	530
501	501
502	502
502	520
503	503
503	534
504	504
504	513
504	519
504	535
504	536
505	505
505	507
505	515
506	506
506	517
507	507
507	515
508	508
509	509
509	538
510	510
510	511
510	516
510	525
510	529
510	533
510	534
511	511
511	518
511	525
512	512
512	514
512	530
512	539
513	513
513	521
513	535
513	536
514	514
514	530
515	515
516	516
516	519
516	529
516	533
516	534
517	517
518	518
519	519
520	520
521	521
521	539
522	522
523	523
523	533
524	524
524	531
525	525
525	535
526	526
527	527
527	532
528	528
529	529
529	533
529	534
530	530
531	531
532	532
533	533
533	534
534	534
535	535
535	536
536	536
537	537
538	538
539	539
