0	936	3680	4388	4886	5465	6278	8152	8695	9046	9689	10477	11505	12591	13564	14093	14095	14709	15533	15712	16040	16331	17225
82	363	3461	3527	3891	4296	4624	4826	6958	8502	11644	11894	11994	13643	14325	14931	15889	16245	16299	16452	16580
57	3806	4634	5941	6898	7037	8489	8699	8776	10854	11081	12287	12399	12858	13027	13106	13128	13598	13634	15041
2274	3504	4879	5271	6692	7106	7249	7592	7824	8121	9228	9819	10392	10729	11265	14048	14427	14786	16433	16852	16923	17227	17480
2275	3260	3453	3803	4046	4554	4594	4885	5317	5349	6805	7875	8353	9764	10734	11506	11632	11637	12271	13025	14288	14805	14866	15667
1748	3249	3853	5126	5254	6284	6311	6992	7419	8484	8757	9549	11895	12162	12231	13764	14582	14791	14811	15708	16032	16074	16407	16624	16738
2276	3273	3300	3519	3767	4427	4979	5300	5741	6466	8218	8613	9647	9669	9777	10083	10567	11799	12138	13189	13458	13903	14209	14353	14531	14687	14979	15773	15966
2277	4081	4251	5853	6299	6434	6809	6829	7674	8323	9295	9908	11176	11241	11622	12151	13192	14053	14907	15035	15304	15626	15793	16021	17040
2278	3227	5520	5828	6032	6501	7052	7412	7514	8005	8487	9110	9477	9697	9955	10606	11029	11403	13368	15596	16406	16775
2279	7098	7134	8625	9236	10754	11015	11389	12186	12319	13299	15443	15993	17351
2280	3098	3327	3529	4201	7339	7461	8109	8466	8593	8870	8931	10053	10125	10620	10644	10951	11387	11909	11969	12855	13406	15203	15852	16274	17295	17443
2281	4339	4544	6449	6724	7889	7900	8079	9202	10239	11860	12107	12221	12507	12865	13571	13723	15230	15809	16726	17184
606	3442	3475	3665	3967	4206	4976	5086	7302	7464	9309	10789	10879	11621	11975	11993	13230	13396	13497	14729	15306	15321	15782	17497
105	366	3472	3546	3599	5586	8573	8929	10148	10352	10518	10673	15234	15600	15631
95	166	3283	3484	3758	4208	5120	5164	5281	5366	5420	6301	7082	8032	11041	11594	12920	13261	13573	13882	14233	14428	14966	15057	15180	15411	15684	16979	17455
300	2134	4111	4171	5162	5859	6685	8344	9381	9510	9592	10007	10682	11183	11776	12850	12955	14321	14340	14613	14915	15474	15501	15750	15888	15916	15923	17101	17484
196	413	3006	3391	3483	4817	4985	6188	6597	6869	7175	8142	8556	9156	11011	11609	11691	12050	12368	12796	12803	15181	15840	16364	17479
1749	1973	2324	2377	2449	2734	2787	2840	4615	5451	5810	6319	7425	8178	8578	10258	10364	10868	12185	12970	13242	14042	15668	15692	17544
477	1293	2511	3000	4631	5339	5497	6453	6731	10379	10455	11982	12182	13301	13868	14196	14885	15421	15744	16410	17279
1635	2893	3577	3958	4341	5072	5902	9712	10425	11917	13605	13644	13758	14296	15713	15860	16056	16326	17330
58	4736	4975	5133	8226	9640	11578	12636	12810	13256	14282	16058	16718	17435
1	156	2262	3192	4772	5231	6646	7402	9603	9720	10389	12133	13590	14159	14300	15037	15548	15767	16355	16582	16622	16827
1681	3213	3621	3706	3872	4027	4136	5343	6094	6122	6770	7301	7612	8339	9372	9896	12012	13041	14983	15872	16216
106	367	3124	3422	4982	5304	5757	5817	6896	8459	9109	9390	10746	10795	11325	11882	12530	13515	13663	15251	15428	16588	17283	17301
2	4681	5017	6152	6336	6754	6936	7481	7536	7732	8193	8205	8336	8553	8604	9015	9143	9450	9952	12206	13624	13629	13847	15287	15439	16283	16612	17445
1444	1448	2714	2969	5293	6644	6747	7054	7280	7504	7696	7878	7969	10321	10839	10993	11978	13308	14958	16522
555	574	667	837	962	1061	1390	1577	1615	1862	1881	1902	2028	2047	2066	2105	2211	2237	2305	2430	3226	4053	4680	6370	6598	7202	7522	8141	9982	10708	11568	11919	12895	13455	14125	16563	16736	17098	17474
306	511	690	737	790	894	1062	1169	1250	1527	2512	3114	3535	4244	4367	5776	6823	8482	9302	9593	10984	11156	11235	11760	11890	12112	12583	14771	14773	14900	16014	16210	17092
3	3038	3065	4067	4692	5040	5244	6305	6661	6759	6767	8357	8511	8721	9003	10029	10035	10252	10522	11324	11564	11633	12843	13089	13135	14022	14774	14934	15946	16194	16324	16664	17006	17008	17176
2139	4610	5043	5333	5545	7063	7235	8176	8552	9238	9653	9787	10288	10902	14046	14253	14292	14742	15648	15688	16143	16200	16233	16446	16657	16672	16950	17007
838	963	1063	3072	3980	4295	5660	7549	9920	10055	12550	14237	15821	15930	16462	16810	16987	17412
478	1294	2513	3030	3460	3804	5296	5445	5676	5768	5931	6881	7495	7841	8739	9921	10151	11088	12067	12627	13798	13895	13918	15106	15118	15139	16146	17166
1682	4156	4263	5977	6081	6484	6667	7289	9038	9120	9283	9607	10523	10712	11297	11813	12548	13032	13150	13893	13923	14379	15151	15451	16010	16857	17245
197	414	3360	4294	4613	5253	5707	6886	7839	8631	9483	10187	10247	10677	11078	11892	11948	12235	13239	13452	13742	13820	13978	14040	14065	15406	15447	15456	15558	16368	16380	16731	16879
4	2934	3275	4197	5708	8341	9123	9803	10245	10337	10355	10833	12003	12499	13548	14003	14343	14403	15337
5	2978	3390	4172	4445	6373	6446	7220	7272	7447	8989	10464	11485	11976	11999	12103	12466	13240	13506	13934	15011	15271	17538
107	368	2973	3397	4062	4279	4393	4587	5723	5991	6095	6793	7170	7329	7457	7670	8864	8982	9074	11801	13078	14062	14638	15122	15445	15487	16087	16172	16502	17321
198	415	2963	3733	4753	6613	7746	8337	8951	9904	10254	10279	11105	11232	11481	11502	12220	12491	12531	13226	13855	14697	15644	15740	16212	17367
494	649	1033	1046	1156	1335	1348	1365	1602	2718	3619	4162	4770	5736	6100	6209	6450	7702	8361	8485	8932	9308	9907	12013	12298	12428	14112	14383	15114	15730	15753	15834	17437
199	416	3066	3510	4006	4628	5370	6746	7120	8217	8370	8566	8946	9269	9579	11837	12292	12363	13328	13757	14169	14963	14967	15806	16205
6	3011	3178	3394	3936	4117	4946	4992	5360	7455	8904	8990	9410	9470	9799	9818	11036	12881	13801	13825	14332	14387	14837	15227	15261	16263	16265
369	1709	2940	3222	3314	4306	7158	8996	9822	9861	10267	11421	11468	12068	12595	12688	13108	13343	13759	16294	17069	17108
1636	4381	4728	4829	4874	5049	5283	5323	5868	5999	6566	7198	7310	7555	7819	8137	8362	8837	8942	10412	10510	10819	12684	14076	16133	16976
7	3191	6391	9263	9564	10983	12605	12614	12757	13146	13586	14078	15073	15322	16108	16187	16235	16413	16523
937	5125	6161	6587	7713	11806	11834	13030	13784	13865	13932	14145	14834	15086	15153	15216	16918	17196
8	3047	3357	3624	3842	4083	5775	6101	6735	6963	7605	8167	9032	9948	10104	10116	10749	10859	11135	11251	11595	15658	16068	16077	17291
1521	1744	1959	2091	2256	2903	4588	4988	5227	6230	6333	6893	7003	7521	8681	8796	9054	9595	9688	10131	10720	11478	12163	12740	12933	13253	13502	13596	13822	13995	14499	14572	14673	15155	16441	17395
1637	3550	4424	4637	4814	4940	10014	10396	10513	11604	12225	14733	15640	17233
108	3834	4084	5393	6211	7218	7290	7764	8106	8200	8384	8620	8752	9024	9065	9660	9779	10493	11254	12665	12721	13359	13443	14206	15245	15703
109	370	3718	4041	4873	5016	5195	5382	5858	7150	8173	8345	9117	10095	10962	11247	11315	11757	12515	13317	13408	14134	14408	14551	15799	16823
9	4175	4382	5487	5922	6010	6864	7451	7505	7573	7628	7999	8499	8597	10231	12882	16292	17021
10	3290	4408	4780	6041	6195	6926	6949	7228	7262	7625	8415	8952	9002	9548	9584	9654	10496	10986	11775	13878	14327	14466	15031
11	5464	5983	6841	8769	8842	9594	10036	10787	10827	11549	12382	12853	13019	13696	13812	14223	14669	14751	14761	17302	17477
839	964	1064	3905	4524	6436	6938	7160	8661	8692	8717	9495	10590	10816	13720	14612	15601	16540	16777
12	3600	3779	4190	6506	7074	7885	8444	8522	10332	10678	10773	11743	11787	12159	13205	14562	14758	15137	15720	16764	17016
200	417	4305	4827	4941	5129	5152	5308	5455	6742	7221	7358	7420	8495	10022	11914	13099	13416	13731	14260	14509	14923	15659	16635	16686	16761
1445	1449	2715	4065	4743	4890	6113	6316	6328	6642	6867	7292	7822	8040	8576	9150	10135	11042	11214	11293	12252	12781	12788	12929	12994	13001	13140	14026	15056	15414	15905	16340	16647	16826
1638	2154	3642	3737	5438	6928	8367	9324	9623	10039	12587	13010	14109	14368	15630	15855	16034	16053
1750	3244	3344	3784	4640	4700	5403	5746	5880	6418	7340	7719	8548	9566	9836	10146	10473	10883	11539	12453	12537	14069	14540	15369	16545	16692	17152
13	3095	3654	4818	5006	7863	7972	9271	9774	10260	10750	11223	12455	13666	14600	15339	15734	15913	15982	16096	16152	16330	17207	17485	17530
1421	1424	3740	4072	4488	4711	6941	7800	8022	8797	9648	10670	12049	13012	13353	15853
886	2263	3560	3567	4901	6380	7095	7916	9519	9617	10210	10358	10378	10441	10504	10622	10731	11538	12341	12822	14311	14443	14835	15387	15622	15654	16066	16332	17050
201	418	3081	4369	4729	4765	5205	5668	9529	10890	11313	13352	14832	15168	16585	17095	17240	17554
840	965	1065	3238	3252	3596	4192	4451	4506	4973	5341	5546	6072	7104	7114	7161	7816	7887	8036	8575	9503	9953	10476	10724	10961	11334	11410	11864	12262	12511	12877	13967	14226	14480	15694	16295	17053	17198	17299
202	419	4913	4931	6708	7498	7578	8171	8409	10846	11003	11091	11453	12426	12615	12641	15848	16516	17211
83	3370	3419	4423	4989	4997	5608	5698	6314	6382	7998	8006	9434	9742	10597	10909	11947	12261	13391	13710	14210	14497	15201	17074	17186
161	2929	3179	3812	3971	4497	4910	5098	5113	5302	7469	9553	9733	10006	10193	15473	15516	15725	15826	16350	16358	16376	17005	17039	17452
2096	3732	5242	5338	6250	7093	7987	8743	9559	9897	10150	10303	12285	12648	12846	13120	13425	13589	13952	13987	14721	15226	15400	15899	16392	16751	17257	17304
2097	3903	3965	5870	6014	6820	10149	12887	13132	14302	14926	15303	15892	16556	16653	16997	17193
2098	2964	2967	3376	4318	4896	5824	6150	6980	7562	7961	9066	9151	9543	11835	12481	12863	13609	13673	14796	15133	15975
203	420	4560	5507	5519	7046	7152	9520	9534	9869	10699	11683	14679	15318	15351	15497
2697	4483	5065	5435	5636	6631	7043	7545	7677	8162	8313	8371	9317	9853	9949	10359	11958	11991	12055	12890	12949	12998	13743	16036	16571	16698
84	3724	4667	4871	5729	6703	7049	7066	8922	10127	10371	13145	13583	13646	13795	13982	14342	14434	14976	15087	15125	15368	15434	15586	16132
1934	2291	2590	3013	3409	3424	4002	4023	4211	6522	7121	7210	7471	7589	8846	10927	11285	11596	11718	12281	12445	12572	12629	15132	15270	16150	16676	16694	17004	17080	17394
1751	1974	2325	2378	2450	2735	2788	2841	3051	3146	3414	3628	3883	4271	5650	5802	5841	6443	8755	9033	9474	10945	11049	11698	12432	14634	15544	15568	16847	16933	17181	17278
1752	3392	3672	4304	5789	6092	6371	6982	7100	7331	8389	8808	8823	9053	10161	10227	10434	10788	10948	11010	11615	12534	13188	13364	13844	14444	14862
204	421	3377	4114	5334	5811	5884	6378	6639	6883	7791	8963	9138	10108	10206	10314	10554	11971	12678	13789	14525	14780	15595	17077	17111	17266
371	1710	3817	4300	4563	5156	5289	6079	6912	7297	9418	10508	10973	11124	11425	11447	12638	12867	13453	13869	14722	14801	15587	16168	17188	17512
1310	2984	4255	4854	4957	5415	5659	5675	5793	5896	6789	7361	8149	8372	8816	9446	9627	9761	9821	9900	11028	13840	14139	15519	16425
2514	7742	9037	9568	9748	10537	10952	11669	12344	13109	13216	13505	13613	14331	14378	14895	15128	15177	16226	16971	17416	17472
479	512	691	738	895	1066	1170	1248	1251	1417	1457	1482	1528	1720	2165	2515	2621	2645	2670	3701	4061	4518	6135	6181	6560	9878	11000	11428	13219	13418	13591	13874	14776	15184	15490	16320	16769	16868	17481
307	480	513	608	692	739	791	896	951	1067	1171	1238	1249	1252	1418	1458	1483	1529	1721	2166	2516	2622	2646	2671	3445	3708	4653	5619	6285	6395	8400	10222	11314	12420	13588	13680	14326	16050	16327	17526
308	514	693	740	792	897	1068	1172	1253	1459	1484	1530	1722	2167	2517	2623	2647	2672	5165	5700	5823	6502	7062	8867	9494	10264	10938	12623	13042	13057	13722	15613	17466	17534
309	515	694	741	793	898	1069	1173	1254	1460	1485	1531	1723	2168	2518	2624	2648	2673	4140	4396	4593	5174	5228	7448	7694	9781	10180	11524	12143	12188	12631	12643	12694	12711	14693	15173	15514	16482	16706	17160	17320
310	516	695	742	794	899	1174	1255	1419	1461	1486	1532	1724	2169	2502	2519	2625	2649	2674	3169	3447	4453	4532	6842	7024	7617	7655	8391	8756	9552	9577	10124	10216	10429	10977	12264	12434	12516	13049	13389	13702	14027	15239	15283	15678	15680	16404	16442
311	517	696	743	795	900	1070	1175	1256	1462	1487	1533	1725	2170	2520	2626	2650	2675	5585	6077	6194	6234	8288	9633	9722	10377	11657	11884	12733	13928	14346	15608	16136	16290	16742	16765	16804	16874	17427	17432
312	518	697	744	796	901	1071	1176	1257	1463	1488	1534	1726	2171	2503	2521	2627	2651	2676	3429	3478	3951	4596	4811	6611	6690	7070	7143	9067	11031	12951	13316	13920	15373	16031	16038
313	519	698	745	797	902	1072	1177	1258	1464	1489	1535	1727	2172	2522	2628	2652	2677	3132	3989	5109	5894	7847	8887	9101	9223	9532	9537	11305	12171	13336	14086	15276	15397	15554
314	520	609	614	627	699	746	798	835	903	1028	1073	1151	1153	1178	1259	1436	1465	1490	1536	1728	2173	2523	2629	2653	2678	2919	3579	4531	5634	6999	8478	8610	8954	9694	9993	12266	13527	13693	14036	15152	15491	16071	16107	16116
315	521	596	700	747	799	904	1074	1179	1260	1318	1466	1491	1537	1729	2155	2174	2524	2630	2654	2679	2917	3488	4414	5147	5161	7038	7059	8395	9349	10342	10438	11307	12342	12727	12842	12936	13324	14728	15062	15108
268	316	522	628	701	748	800	836	1029	1075	1180	1243	1261	1317	1437	1467	1492	1538	1730	2175	2525	2631	2655	2680	2920	3368	4235	4730	4838	5677	5762	6273	6557	6920	6976	7622	7672	8429	8748	9288	9493	11859	12145	14574	14816	14870	15410
317	523	702	749	801	905	1076	1181	1262	1468	1493	1539	1731	2176	2526	2632	2656	2681	4626	5238	5388	5638	6120	8486	8679	9201	9852	11119	11962	12165	12305	12718	13298	13726	15032	16935
318	481	524	593	604	610	622	703	750	802	906	952	1014	1059	1077	1182	1239	1263	1469	1494	1540	1598	1732	2149	2177	2230	2527	2633	2657	2682	3082	3612	3901	4916	5324	5479	6052	8390	8802	8881	9108	9379	9459	9572	9932	10718	10933	11044	11190	11437	11516	11567	12621	14316	15334	15483	15741	15893	16081	16343	17471
281	319	482	525	704	751	803	907	1078	1214	1217	1224	1264	1420	1470	1495	1541	1733	2178	2528	2634	2658	2683	3480	4898	5140	5524	6216	7008	7459	7510	7585	7636	8042	8289	9951	9986	10810	11753	12541	15224
320	526	705	752	804	908	1079	1183	1265	1471	1496	1542	1734	2179	2529	2635	2659	2684	3116	4733	6405	6965	6983	7697	8185	8545	9025	9505	10487	10516	11367	11725	11822	12223	12578	12743	13133	13803	14860	15021	15025	15244	15355	15756	16439	16776
321	527	706	753	805	909	1080	1184	1266	1472	1497	1543	1735	2180	2530	2636	2660	2685	3220	3264	4039	4755	4835	5200	6009	7633	8826	9251	9512	10637	10697	14108	14309	14328	14351	14412	14508	15746	15886
301	322	528	594	597	605	611	615	665	707	735	754	806	892	910	1015	1060	1081	1185	1228	1240	1267	1473	1498	1544	1736	1970	2156	2181	2531	2637	2661	2686	2921	2945	2993	3312	4256	4766	5148	5748	5790	5871	6282	6512	8009	8971	9782	10046	10184	10372	10693	12224	12704	12893	14361	14620	15286	15973	16277	16604	17310
323	529	708	755	807	911	1082	1186	1268	1474	1499	1545	1737	2182	2532	2638	2662	2687	3430	5484	6428	6905	7099	8602	8781	9090	9209	10645	13209	13537	13858	14759	14982	15841	16395	16487
324	530	709	756	808	912	1083	1187	1269	1546	3037	3418	4202	6320	8423	8586	8969	9155	9745	10246	10573	11600	11847	14277	14844	15736	16566	16837	17034
325	531	710	757	809	913	1084	1188	1270	1475	1500	1547	1738	2183	2533	2639	2663	2688	2941	3859	4741	4919	5753	6368	6565	6847	8082	8203	8451	8926	11151	12302	12818	13315	14348	14626	14874	14936	15082	15186	15394	15435	16494	17493
326	532	711	758	810	914	1085	1189	1271	1548	2534	3830	4092	4218	4268	4590	4935	5522	6264	6307	6745	7196	7783	8112	8723	9069	9079	9347	10539	11292	12934	13178	14191	14830	15066	15237	15494	15661	16246	16898
327	533	712	759	811	915	1086	1190	1272	1549	2535	4101	4523	5996	6335	6462	6715	7018	7081	7632	8101	8590	10012	11120	11636	12037	12290	12360	13266	13276	14397	14969	15947	16049	17203
328	534	713	760	916	1087	1191	1273	1550	2536	3568	4209	5805	8521	9458	11540	11664	11701	11930	12173	12343	13043	13732	13898	14483	15138	15749	16248
329	535	714	761	812	917	1088	1192	1274	1551	2537	3466	6090	6773	9713	12862	13685	13717	14225	15311	17037	17548
330	536	715	762	1089	1193	1275	1552	2538	2971	3449	3556	3625	3984	4570	5774	6988	8751	10549	11396	13269	15983	16811	17487
331	537	716	763	813	918	1090	1194	1276	1553	2539	2664	2689	3216	3375	3948	4601	5383	5610	7058	7559	7942	8453	9149	9938	10374	10558	11647	11944	14416	15013	15213	16054	16728
332	362	538	717	764	814	919	1091	1195	1277	1476	1481	1501	1554	1739	2184	2540	2640	2665	2690	2953	4839	4865	4877	6065	6721	6909	7588	8027	8111	9646	10633	12156	12701	14322	15524	16360	17306
333	539	718	765	815	920	1092	1196	1555	2541	3395	3464	4402	5183	5601	6338	6438	7159	11087	13215	13849	14228	14445	16076	16223	17206
334	466	540	719	766	816	921	1093	1197	1278	1556	2542	4332	4441	4479	4705	5439	5772	5844	5876	7019	7182	7233	7355	7943	8382	10198	10225	12761	12868	13080	13274	13582	14116	14549	14565	14819	15217	15466	16506	17011	17478
278	335	465	541	720	767	817	922	1094	1198	1279	1557	2543	3003	3050	3052	3598	4033	4164	5720	5935	7406	7532	7560	7607	8608	9095	10147	10278	10394	10471	12751	13070	13172	14186	14275	14991	15308	15317	16795	16931	17183	17398	17553
336	542	721	768	818	923	1095	1199	1280	1558	2190	2544	3435	3978	4299	4533	4994	5213	7569	7668	8331	8369	10096	10482	10533	10950	11117	13618	13674	14297	14438	14471	14857	14901	15185	15359	16936	17137
37	93	3528	4828	7952	12053	12421	12479	12714	13068	13754	14276	14336	14601	14698	14818	15472	15711
282	2695	3558	3809	3902	4683	6634	7010	10069	12715	12747	12861	14339	14609	14937	15948	16638	16641	16920	17171
2158	2996	5965	6026	6818	7248	9471	9971	10627	10725	10905	11053	12318	12762	13621	13678	15505
469	595	664	734	885	954	1319	1320	1321	1322	1323	1526	1574	1850	1860	1956	2290	2508	2608	2609	2610	2611	2612	2613	2614	2615	2616	2617	2618	2619	2620	3714	3933	3946	5158	7638	7862	9484	10137	10404	11224	11455	12911	13330	13333	13799	14593	16140	16476	16719	16998	17029
302	3108	3491	4000	4288	5061	9178	11458	12004	13676	13907	14859	14961	14975	15302	15496	16480	16595	16748
110	372	3634	4133	6687	8364	9233	9550	11587	11856	12072	12775	16193
357	358	613	959	2088	2189	2925	3658	5257	5836	6167	6497	6617	6942	8237	10424	10588	10668	11436	11500	11824	12383	13287	14269	14317	14807	16222	16963
165	1412	3036	3311	5548	5881	7627	9832	10232	11714	12219	12992	13971	14447	14778	14822	14951	14985	16083	16184	16451	16943	17141
14	3287	3881	5482	5579	8276	8541	9148	10368	10417	11534	12575	13339	13382	16178	16448	16989	17355
38	471	2698	3653	3807	4166	4225	5525	6238	6860	7254	7364	10047	10086	10692	11920	12174	12782	15418	16357	17312
483	782	1230	1295	2545	3838	3918	4144	4315	5096	6602	7772	7879	8071	10781	11073	11470	12025	12628	12938	13177	13657	14578	15407	16720
484	783	1231	1296	2546	3661	3681	3741	3780	4846	5059	5237	5462	5624	7446	8085	8726	8790	10481	10684	11210	11420	11629	12433	13038	16869	17059
485	784	1232	1297	2547	3893	5994	9356	9615	13063	15985	16568	17361
634	1152	4052	4409	4662	5747	5773	6681	6816	6817	7690	8381	8516	9728	11208	11212	11851	11928	12355	12418	12851	12985	14088	14213	15457	15536	16201	16414	16469
2102	3605	4137	4549	5788	5916	5985	6606	6780	7232	8340	8454	8905	9431	9671	11525	11659	12213	13792
111	5640	6366	7253	7491	7808	8314	8480	8506	9340	10220	10815	12316	12328	12697	13300	13522	13659	13662	14289	14356	16151	17285
39	63	1311	3502	5265	5604	5745	6342	6758	7786	9030	9363	9750	11109	11661	11740	12190	12685	13101	13171	13937	14013	15829	15900	16211
205	422	3128	4781	5014	5291	5400	5678	8029	8077	8373	9354	10063	11193	14712	14753	17073
206	423	3987	4666	5960	6550	7127	7162	7829	8759	10110	10994	11899	11902	13501	13843	14394	14622	15059	15312	16996
207	424	3888	3941	4608	5105	6063	10798	11732	12209	12946	14978	16399	16423	16501	16912	17090	17344	17405
208	425	3091	3935	4512	4545	4578	6021	6056	6228	6873	7028	8084	11932	12370	12692	12953	12961	13533	14158	14598	16018	16707	17147
209	426	3109	3221	3602	3614	4425	5864	7163	9846	12161	13470	13948	14005	15931
210	427	3448	4125	5055	6929	7124	7434	8062	8201	8265	8672	9492	9789	11072	11717	11838	12734	13969	14066	15036	16257	17555
211	428	3846	4384	4965	5511	5834	6419	6521	7005	7737	8705	8745	8979	10742	10824	11473	12248	14459	14635	14887	15942	16123	17156	17441	17537	17552
212	429	3400	3518	3848	4222	4272	4511	4998	6377	6425	6853	7921	8118	8334	8368	8664	9213	9802	10861	11197	11695	12100	12702	13551	13660	14156	14203	15996	16075	16853	16910	16995	17164
213	430	3058	3692	3927	4850	5047	5705	5814	6596	7411	7933	8657	10478	11200	11778	12200	12380	12447	13155	14456	14649	14662	14752	15197	15517	15940	17282
666	3113	3677	4390	5968	6036	6638	6774	7271	7740	8398	8439	8801	10386	10419	11648	12891	13112	14189	14675	15555	16455	17491	17507
1639	3363	4301	4340	4401	4897	6146	6200	7314	8125	8199	8342	9328	9718	10370	10898	12212	12664	12719	13157	13326	13990	14111	14150	14176	14405	14424	15607	16128	17057	17260
15	3135	5813	9088	10170	11243	11821	12732	12918	13306	14107	14629	14794	15298	15325
1753	1975	2326	2379	2451	2736	2789	2842	4121	6581	7428	8182	8897	9189	9373	9535	9752	10077	11145	11497	11623	11755	11937	12422	12602	12783	13510	14510	15563	15902	16291	16427	17139
16	2937	3369	3533	3996	6384	7774	9257	10547	10768	10811	11548	12039	12070	12317	12676	12996	13348	13380	13419	13814	14352	14623	15046	15385	15808	16179	16461
1754	1976	2327	2380	2452	2737	2790	2843	3364	3969	4055	4584	4650	4794	6337	6457	8051	9182	9415	9702	9855	12414	13469	14049	14365	15463
373	4621	7652	9050	9318	9323	11413	11697	12412	12986	13164	14426	14910	16629	17096	17214
374	1966	2696	4004	5423	6247	6281	6513	8899	9414	9695	10736	10782	11575	12136	12457	14072	14968	17249
337	543	722	769	819	924	1096	1200	1281	1477	1502	1559	1740	2185	2548	2641	2666	2691	3156	3274	3389	4438	4505	4568	4739	5009	5102	5361	5664	6236	7618	7804	7882	8104	8747	10094	10319	11354	12917	13033	14175	14696	15123	15651	17030
1755	1977	2328	2381	2453	2738	2791	2844	3747	4200	4552	4762	5062	5499	6570	6658	6709	9445	10348	11263	12076	12769	12814	13615	13835	14437	14798	14812	14848	15105	15113	16167
1756	1978	2329	2382	2454	2739	2792	2845	2974	4379	5800	5966	7179	7245	7470	7482	8150	9977	9996	10213	13392	13864	13877	14359	15348	15498
1757	1979	2330	2383	2455	2740	2793	2846	4347	4782	5101	5642	6043	6760	7142	7953	8098	8235	8312	8405	8467	9533	9807	9969	10613	10808	10844	11545	12152	13071	13926	14050	15002	15269	15455	16344	16504	16850
1758	1980	2331	2384	2456	2741	2794	2847	3347	4219	4659	4790	4906	5003	7105	7426	7530	9129	9837	9873	10269	10490	11561	13304	13441	13530	14718	16531
1759	1981	2332	2385	2457	2742	2795	2848	3720	4242	5206	5348	6539	6683	7731	9768	9770	10235	10495	11085	11206	11682	11750	12114	12230	12666	12766	13245	13787	15994	16697
1760	1982	2333	2386	2458	2743	2796	2849	2987	3735	4362	5279	6303	7109	7288	7761	7934	8140	8386	8767	9111	9915	10345	11024	11759	12874	12950	15551	17088
1761	1983	2334	2387	2459	2744	2797	2850	3154	3801	5861	5889	6850	7085	8441	8665	9320	10427	10764	12436	13067	14441	14996	15178	15766	16293	16614	16981
1762	1984	2335	2388	2460	2745	2798	2851	4499	4575	5008	5457	5612	6143	7988	8311	8365	8654	9300	9424	9472	10048	11188	13102	14200	14501	14686	14767	16559
1763	1985	2336	2389	2461	2746	2799	2852	3637	4026	4553	6071	6698	7122	7440	7473	8046	8419	9661	9889	11032	13366	13965	14401	14678	16208	16621
1764	1986	2337	2390	2462	2747	2800	2853	3168	3263	3427	4063	4475	5091	5179	5180	5185	6240	7911	8385	8452	8653	9423	11412	11488	11602	12080	14478	14843	15039	15581	15939	17374
1765	1987	2338	2391	2463	2748	2801	2854	3736	4528	4860	5915	6189	6272	7442	7586	7788	7794	8550	8716	8834	9068	10744	11333	12939	14217	14219	14285	15611	16051	16241	17078
77	4031	4237	5001	5473	5637	5826	5938	6517	8206	8310	10136	10414	10546	13886	14278	16575	16576	17363
1766	1988	2339	2392	2464	2749	2802	2855	3165	3402	3522	3930	5004	6520	6669	7153	8177	8309	10030	10825	11586	11630	11939	14183	14950	15072
1767	1989	2340	2393	2465	2750	2803	2856	2980	3420	5013	5401	6871	7384	8768	8858	9211	9377	9600	10070	12982	16232	17420
1768	1990	2341	2394	2466	2751	2804	2857	4290	4787	4862	5099	7051	7810	8001	8285	8568	8943	10073	10097	10298	10465	10735	11828	13062	13243	13919	13922	14476	15016	15074	16209
112	1640	4048	6908	7666	7762	7835	8616	9507	9715	11063	11154	11404	12011	12470	13053	13084	14268	14793	15880	16485	17307
1933	3069	3291	3316	4361	4486	4515	4864	4917	7167	8809	10653	11245	11793	12198	12527	13313	13956	14128	14304	14702	16070	16548	16790
598	960	1229	1410	2026	2140	2580	2581	3572	3870	3959	4176	4476	4484	5064	5191	5792	7338	7541	7717	8354	8871	9132	9599	9655	9704	10119	11627	14668	16012	17339
113	375	2141	3615	4477	4606	5770	5963	6138	6799	7472	8615	9788	9978	12505	12713	12741	13546	14548	14858	14913	14987	16477	16601	16663	16798	17253	17449
114	376	2142	4945	5080	5695	6153	6571	9104	9890	10024	10663	10753	11417	12536	14259	14633	14666	15646	16228	17290
115	377	1948	2143	2902	3382	3432	4996	5131	5663	9137	10032	10982	11426	11569	13069	14595	14643	16644	17331
17	177	283	3774	4159	5138	6177	6185	6910	8092	8795	8880	9126	9175	9310	9426	9540	9766	10820	11593	11934	14137	14243	16346	16980
116	378	4673	4677	4858	5037	5656	5679	5989	7057	7309	8157	8428	9491	9834	10020	10196	11016	12366	12500	13173	13821	14591	15495	15824	16129	16405	16515	16833
117	379	3500	3729	3821	4274	4351	6535	7400	7553	7730	7932	8169	8332	9181	9631	10215	10837	11141	12746	13013	13273	13415	13961	14984	15210	16636	17315
18	284	4282	4329	4918	5795	7096	7993	8396	9624	9665	11111	11783	11803	11833	11861	11912	12691	13014	13138	15372	15921	16304	16403	17371
285	4059	4191	4412	4927	5261	6050	6213	7076	7118	7219	7516	7967	9166	9463	9555	10365	13832	15040	16385	16591	17014
2264	3126	3904	4158	5219	6726	7088	7128	7350	7357	7421	7684	7951	9985	10683	11581	11688	11762	12926	16007	16347	16713	16745	16839
1769	3009	3657	5045	5314	5690	5751	6556	6739	6803	6953	7546	8317	8388	9106	9903	10130	11552	11881	11897	12699	13889	14148	16700	16894	17116
286	3956	4267	4930	5378	6515	6558	6807	6951	7385	7917	8100	8520	8689	8933	9396	10115	10451	13291	13362	13955	15662	15953	16412
59	3063	4262	5515	5962	6340	8356	8422	9613	10686	10690	10755	11023	11634	11708	12456	12839	13044	13852	14075	14245	14298	14308	14502	15366	15817	17248	17532
1969	4029	4376	4579	4899	5097	5124	5686	5694	6375	6674	6830	7258	9099	9220	9605	10431	10621	11035	12754	12840	12899	13451	13587	14537	14713	15093	15352	16579
287	3454	4467	4747	5777	6192	7475	8028	8133	8815	8917	10877	11565	11868	11873	12101	12654	12682	12845	12913	13290	14033	16684	16900
40	4574	4742	5035	5557	5892	6103	7312	7344	7401	7465	8634	10399	10466	11057	11773	12157	12907	13639	16489	17335
2549	3592	3957	3983	4535	4799	5108	5337	5911	7844	8937	10928	11843	12459	13206	13833	14831	14956	15402	15415	15718	17228
288	4526	5910	6223	7907	8146	8306	8794	9337	10309	10512	11157	11442	11921	12208	12885	13175	13450	13861	14094	14644	15211	16131	17406
1770	3177	4123	4226	4465	4671	6876	7231	7462	7683	8168	9663	10181	10212	10383	10926	11059	11112	11230	11713	12193	12554	13048	13641	14965	15559	15702	15949	16225	16730	16889
1771	3041	3111	3608	4043	5901	5976	9294	10009	10896	11221	12652	12835	13182	13449	13938	14018	14301	14605	15442	15576	16797	16840
1935	2292	2591	3137	5509	6471	9583	10133	10406	10445	11652	11798	13379	13900	14031	14255	14284	14491	15149	15742	16674
1772	1991	2342	2395	2467	2752	2805	2858	3277	4017	4689	5391	6495	6548	6772	7264	7413	7828	10266	10783	10799	11288	12307	12506	12617	12774	12879	12956	13029	14060	14550	14717	15508	16942	17191	17448
1773	1992	2343	2396	2468	2753	2806	2859	3711	3840	5089	5877	5909	5950	6379	6605	6616	7902	8447	9019	9967	10305	11058	11676	11749	11872	11940	13002	13197	13323	13625	14015	14047	14527	15448	15614	15925	16815	16871	17178
1774	1993	2344	2397	2469	2754	2807	2860	3587	3798	3876	3985	4034	4644	5117	5593	6891	8030	8074	8413	8660	8818	9428	11896	12622	13296	13637	13751	14442	15160	16583
1775	1994	2345	2398	2470	2755	2808	2861	3094	3285	3962	4830	5087	6001	6245	6526	7803	8744	9072	9292	10947	11754	12084	12393	12806	13081	13856	13991	14230	14272	14373	15436	15701
1415	3841	4310	5192	5221	5602	7023	7177	7906	9086	10201	11309	12514	12943	13016	13024	14484	16695
214	431	3764	4154	4473	6422	6950	7527	7725	8043	8164	8884	9369	10385	11150	11228	13630	13718	13797	14193	15305	16505	16669	17402
612	948	1030	1408	4536	5262	6916	7212	7781	9127	9386	9872	10548	11170	11448	12670	13349	13620	15202	16165	16830
887	966	4759	4937	5665	5816	5847	6296	7551	8997	9113	9683	11298	12026	12327	15175	17055
215	432	5412	6082	6263	6360	6899	7222	7223	7931	8280	9205	10569	11096	12726	12791	12962	14045	14637	15161	15242	16510	16623	17500	17517
2282	3652	3678	4754	5329	7279	7322	7748	8712	9882	10428	10679	11319	11891	13094	13370	14257	14535	14740	15077	15323	15346	15792	16772
85	303	1861	1921	1947	2135	2136	2273	2704	2705	2706	2707	3514	3523	4265	4605	5432	5981	8268	8296	9399	9840	10851	12392	12847	12857	13529	13672	16234	16756
1776	1995	2346	2399	2471	2756	2809	2862	3071	4603	5937	8565	8659	8907	11734	11796	14077	15148	15574	15794	16478	16650	17024	17072
1777	1996	2347	2400	2472	2757	2810	2863	4018	4030	4085	5397	6093	7027	7529	8320	8435	8462	12002	12277	12523	13208	15090	15540	16230	16687	16688	16828
841	967	1097	2950	2989	4324	4353	4678	5354	5791	6619	7048	8515	8975	9602	10612	10687	11677	14021	14564	14725	15649	16114	16336
216	433	3014	3250	3303	3630	3928	3990	4808	5491	6660	6892	7293	7365	7383	7869	7989	11817	13073	14024	14142	14218	14701	14784
1778	1997	2348	2401	2473	2758	2811	2864	2970	4331	4849	5209	5342	5398	5576	6232	6529	8165	8503	9886	10138	10880	10919	11341	11879	12113	12473	12526	13517	15666	16598	16645
41	785	3548	4721	4895	5681	7173	7174	7190	7349	7956	8252	8275	8741	9875	12144	12546	12928	13167	14151	15273	15690	16067	16078
262	786	2504	3233	3444	4646	4660	4791	4797	4853	5780	5797	6176	6537	7584	7590	8559	9796	9968	10062	11114	12315	12375	12683	13707	13935	14160	14920	17154	17167
2578	3398	3670	4345	4767	5290	6201	6693	6798	7868	8474	8658	10452	11499	14318	14467	14624	14660	15341	16303	16318
2579	2947	3516	3688	4198	5005	5088	5488	5495	5697	6589	6664	7722	8256	8749	8970	9350	9871	10171	11391	11415	11487	13640	13768	13910	14044	15158	15674	15839	15901	15958	16457	16581	17131
118	380	3675	4044	4820	5225	5467	6005	6268	6275	6507	6706	7751	8792	9843	10219	10294	11045	11203	11267	11689	11693	13434	14486	15264	15476	15642	16361
119	381	3164	3932	4261	6822	7342	8250	8612	9272	9397	9466	9571	10940	12361	12403	12904	14939	15464	15530	16305	16546	16618	16897
157	3026	3794	3960	4541	4635	4701	5020	5298	5641	6697	7056	8026	9723	9817	11815	11885	11922	12122	12236	12582	13241	13263	14449	16973	17023	17157	17269
174	3231	4912	5284	5419	6716	7251	7715	8277	8913	10336	11489	13826	14543	14911	15396	16926	17389
495	650	1034	1047	1157	1336	1349	1366	1603	2719	3852	4418	5025	6158	6720	6831	7680	7769	8374	8832	9007	9267	9656	10575	10852	11236	11337	11350	11446	11719	12137	12989	13087	13195	13581	13966	14487	14746	14747	15380	16717
1779	1998	2349	2402	2474	2759	2812	2865	3127	3439	3648	4281	4471	4629	5358	5898	6159	6203	6322	6509	6682	7234	8445	8934	9097	10500	10762	10892	12395	12580	12797	13361	14415	15135	15527	16431	16819	17495
179	254	269	291	349	938	1018	1701	3436	4492	5541	5649	6169	6417	7115	7247	7436	8784	9235	9360	11449	12435	13694	13725	14839	14949	15033	15984	17296	17365
180	255	270	292	350	686	834	939	1019	1702	2731	3153	3728	3897	4097	8066	8108	8879	9010	9751	10026	10323	10459	10494	11459	11582	12878	13262	13386	14155	14611	15000	15165	16095	16379	16747	16831	16867
181	256	271	293	351	940	1020	1703	4752	5075	6688	6741	7102	7333	7596	7922	8058	8328	9303	11366	11411	13018	13495	13873	14141	14270	14425	14803	15146	16651	16975	17506	17516
182	257	294	352	941	1021	1704	1713	3339	3593	3820	3966	4911	5264	5537	5669	6225	7144	7929	8000	8595	8651	8862	9219	9391	11246	11306	12932	13123	13763	14121	14195	14413	15959	16760
183	258	295	353	942	1022	1705	3890	4715	5235	5573	5860	6217	6265	6326	6848	7327	7497	7723	7747	8102	8930	10143	11168	11279	11286	11844	13158	14621	14647	15683	17017	17541
1780	3366	3864	4670	5212	5239	6651	7147	7743	8464	8722	9747	9965	10087	11125	11706	12001	12600	14645	15815	16124
1781	3101	3590	4611	4734	5144	5255	5320	5554	6070	6461	8475	9116	9193	9301	11508	11788	11830	11866	13251	16887	16946	17216
473	1324	1857	2505	3640	3783	3819	5381	6637	6972	7031	7240	8283	9719	9725	9923	11077	11123	11553	11943	14067	16055	17337
1641	3601	3755	4160	5076	5327	6202	7681	10388	14952	16351	16366	16654	16892	17118
19	3279	3367	4169	4649	4713	4800	6315	7021	7439	8242	8981	10602	11527	11562	12132	13337	13684	13703	16630	16642	17459
94	486	1298	2550	3335	3476	5270	5531	6635	7156	7785	8307	10028	10049	10542	10778	11202	12607	13322	13992	14533	14879	14919	16481	16712
474	1325	1858	2506	3007	3482	3955	4213	5223	8198	9176	9444	9692	9757	14020	14207	15375	16371	16471
20	3298	4165	4349	5029	5833	6750	7506	7757	8019	8538	8987	8999	9392	12304	12630	13739	13897	14704	14883	15426	16252
338	544	723	770	820	925	1098	1201	1282	1478	1503	1560	1741	2186	2551	2642	2667	2692	3929	4602	4964	5187	5597	11175	11795	12675	12748	13210	13788
1642	3205	4056	4142	4312	4571	5258	6157	7225	7692	9022	10075	10650	11064	11763	13196	13649	14180	14400	14457	15109	15768	16667	16749	17121	17496
2131	3061	3209	3437	3467	4352	5430	5500	7045	11352	11797	12147	12606	13424	13682	14454	15870	15999	16454	17490	17504
42	3970	4130	4319	4547	5178	5568	6221	6555	8921	10078	10271	10376	10442	10503	10566	10603	11172	11504	11951	12095	12204	12218	13275	13860	14684	15088	15699	15731	15898	16105
635	4581	4619	4970	4999	5326	5529	5658	6777	8330	9135	9214	10570	10649	11804	14808	15843	15998	16398	16486	17217	17397	17522
359	2144	3899	4464	7238	7257	7766	8504	8697	10010	10599	10800	11089	15679	17061	17128	17226	17524
2265	3201	3372	3926	4278	5057	5249	5417	5425	6267	7572	8186	8442	10430	10576	10636	10779	10835	11390	11588	12441	13199	15045	15392	16970
1202	1215	1218	1220	1222	1225	3123	3822	4498	5094	5603	5964	6288	6717	7537	7577	7947	8763	9058	9105	9933	10249	10433	10437	10716	10884	10936	11699	12793	13355	14181	15819	16192	16247	16288	16702	16787
43	96	5189	6553	6768	7191	7417	7543	7790	8055	8379	8972	9056	9387	10240	10665	10710	11080	11113	12181	13857	14423	16895	16902	16919
556	575	668	842	968	1099	1391	1578	1616	1706	1863	1882	1903	2029	2048	2067	2106	2212	2238	2306	2431	5198	5376	5395	5992	6707	7979	8333	8463	8863	9691	10025	11365	11484	11711	12154	12829	13679	14810	14838	14886	15883	16189
21	51	2976	3198	5422	6110	6730	6956	7113	7341	8490	8500	8619	9488	10802	10932	11792	12081	12119	12251	12274	12346	13946	14402	14980	15254	15449	16255	16743	17028	17192
2699	3752	4934	6084	6702	7836	7908	8192	9194	9563	9588	9727	11831	12446	13293	13327	13390	13436	15675	16180
475	1326	1711	3232	3319	3456	4008	4573	5121	5561	6047	6348	6945	7077	7203	7689	8012	8458	8540	8778	8974	9307	14252	14618	15192	15617	15621	15737	16929
470	508	625	1438	1439	3468	3565	4015	4019	4028	4891	5583	7172	7313	7576	9125	9346	10577	10582	10991	12800	12820	12930	16161	16300	17372
636	3580	4337	4410	4718	6242	6694	7224	8155	8527	9234	9296	9355	10190	10350	10580	10869	11357	11913	12062	12339	13142	14663	14787	16023	17035	17102	17104
843	969	1100	3719	4870	5733	7078	7706	7768	8044	8711	9675	10000	10694	11013	11332	11700	11767	12492	13204	14750	14912	15017	17243
217	434	3434	4756	5030	5474	5893	7204	7449	8004	9338	10801	10917	10937	11980	13277	14323	14607	14856	15221	15670	15937	15988	17423	17521
339	545	724	771	821	926	1101	1203	1283	1561	2552	3792	4434	6083	6543	10167	10178	10324	11915	12906	13137	14614	15136	15637	15991	17168	17382	17501
1782	1999	2350	2403	2475	2760	2813	2866	3635	3789	3938	4119	4778	5027	5390	5458	6623	6784	8944	9275	9375	9734	9880	10152	10202	11136	11674	11710	12320	13110	13807	14957
1299	3438	3886	4335	4527	5752	6591	7815	8117	8153	9700	10248	12098	12512	12900	13540	13542	14431	14695	16171	16593	17286
1300	3182	3328	3562	3772	3793	4054	4719	4857	5050	7352	7966	8601	9866	10331	12047	13113	13631	14085	15771	16557	16597	17122
1301	4543	4904	5277	6907	7600	7659	7948	8702	9966	10728	10935	11048	11385	11431	13376	13440	14114	15454	15525
1302	3089	5368	5476	6388	7557	8210	9112	9115	9662	10040	10915	12105	12804	14754	15354	17492
1303	3025	3689	4249	4485	4991	7797	8346	8383	8914	9070	9321	10004	10347	12359	13539	14358	14651	15246	15365	15550	16660	17175	17353
1304	3289	4474	4690	5447	5572	5639	6096	6464	6737	8785	8791	9364	9724	11356	11751	12545	13484	13810	14587	15885	16416	17503
120	382	3333	3916	3998	4735	5340	5574	7534	7831	9352	9678	9883	10306	10658	11625	12673	12763	13431	15593	15707	16264	16396
22	44	53	3039	3136	3618	6187	6459	8132	8961	9049	9637	10044	10082	10141	10277	10556	10705	11098	11388	12555	14417	15419	15511	15575	15641	16573
54	4320	4709	5410	6456	7749	7860	8016	8848	9102	9326	10233	10946	11577	11638	12006	12522	13009	13169	13414	13691	15141	15241	15797	16430
340	546	725	772	822	927	1102	1204	1284	1479	1504	1562	1742	2187	2553	2643	2668	2693	3115	3559	3643	3920	5115	6714	8359	8948	9438	9854	10944	11601	11709	11764	11876	12057	12827	15233	15565	15951	16483	17097
78	4698	5176	5806	5895	6545	8535	8630	9635	11173	11779	12504	12725	13880	14012	14680	17020
1783	3085	3410	3553	4143	4148	4971	5704	6801	7511	8505	8885	10524	10624	11317	12089	12645	13836	13913	15444	16375	17159	17173
637	3649	4887	5173	6129	7693	7695	8378	8517	9191	9567	9739	9914	10043	10656	10695	11368	11865	11988	12010	12336	12611	13617	15727	15909	16173	16693	17026
509	626	648	662	736	781	2923	3536	3825	4187	4658	4688	5241	5434	5552	5714	6034	6099	8738	10093	10568	10698	10741	10745	11626	12184	12351	14779	15228	15291	15480	15657	16685
121	383	4134	4751	6064	6251	6701	6839	7977	9905	10594	11441	11530	11924	12046	12170	13438	15274	15379	16026
122	384	3617	3894	4066	4147	4293	4380	4636	4737	4962	6108	6197	7348	9183	9368	10050	10188	10226	10585	11153	11196	11511	12543	13020	13700	14019	14084	14515	16817	17326
23	5188	5190	5389	5933	6353	6403	6923	7129	7250	8208	8295	8890	9813	10023	10164	10873	10995	11037	11162	12658	12969	14824	15154	15425	16725
24	3032	5456	6944	7193	7606	7842	7857	7901	10114	10197	10238	11050	11905	11996	12517	12924	14082	14258	14532	15278	15529	16807
74	3487	3647	3849	4069	4129	4236	5182	5273	5478	5904	6012	6304	6559	7575	7647	8013	8935	9282	9297	9804	10322	11814	12110	13201	16322	17309
75	3152	4354	4389	5849	6080	6114	9416	9437	9681	9732	11308	11686	11953	13728	14138	14708	16977
1784	3340	3765	3860	5756	7414	8272	10448	10534	10882	10889	10967	11398	12866	13114	13479	13503	13525	13845	14820	14868	15052	15301	15377	15664	16085	16307
844	970	1103	3059	3130	4220	4309	4373	4508	5547	5784	6134	6346	7598	9266	9576	11854	12667	13045	13526	13719	13890	14025	14140	14974	15629	16145	16513	16785	16925
76	3217	3378	3597	4612	4944	5647	6421	7395	7503	7599	7744	9040	10965	11138	12625	13400	13750	14056	14782	15492	16609	17232	17338
1643	4086	4905	5651	5825	6404	6408	6516	7199	8614	9145	9831	10841	12284	12388	12474	13072	13104	13428	14495	14524	14640	14921	15342	15539	16025	16080	17421
971	3338	3773	4276	5353	6339	6473	6527	6765	7793	8829	9140	9158	10103	12663	12976	13268	13507	13608	14017	14842	15147	15222	15482	15591	17329
52	64	65	2991	3908	3999	4020	4953	5682	6487	6897	6969	7359	7603	7651	7849	8670	8889	9285	9625	9941	10057	12352	12567	12801	12854	13340	13494	13656	14458	15205	15846	16195	16689	17297
1644	2988	3739	5556	5693	6011	6399	6578	6744	6791	8753	10484	11099	11590	12141	12496	13741	13776	14064	14639	15083	15284	15719	16537	17332
66	3495	3717	4253	4577	4933	5375	6137	9253	9895	10229	10334	11191	11684	11836	12058	14876	15170	15176	15887	17075
663	893	1440	1441	1442	1443	1949	1965	2124	2509	2510	2708	3549	4110	4966	5818	6583	6990	7316	7623	7958	8456	8624	8632	9312	10525	10776	10832	11131	12115	12706	12755	13297	13735	14081	14286	17135
67	3197	3374	5614	6038	7148	7648	8896	11374	11405	11407	11433	11558	12485	12668	13664	13996	14235	16675
1517	2998	3105	3884	4088	4199	7665	8740	10162	10929	11159	12958	15079	15605	16408	17145	17543
123	3265	3295	3937	4189	6057	6318	6358	6416	7131	8811	9076	9420	9485	10230	10666	11465	12075	12077	12993	13050	13738	13740	13988	15190
1599	3133	3180	3352	5067	5653	6178	6279	7778	7865	8139	10111	11432	12331	13580	13899	14254	14941	15134	15159	16022	16203
823	3845	4397	5643	5786	5905	8145	8684	10460	10689	10901	10971	12429	12744	12852	13534	13550	13628	14792	14828	14973	15307	16699	16844	17002	17117
824	3175	3254	4696	4995	5095	5168	5779	5919	8263	8680	8707	9330	10008	10384	10391	10400	11018	11752	12031	12278	12329	13224	14599	14854	15012	15219	15660	15897
25	3187	3313	4050	4116	4987	5418	6479	8800	9083	9621	9714	12529	13036	14534	14545	14646	15166	15650	15960
26	3371	3407	4252	4387	4405	4942	4963	5463	5754	7215	7884	8488	8663	8855	10203	10208	11273	13830	15084
167	4068	4375	4831	5077	5888	6111	6175	7345	7678	9790	10217	10520	15409	16240	17433
845	972	1104	3815	4478	4861	4951	5413	7386	8267	8302	9427	9565	10179	10732	11071	12041	12283	14597	14846	15121	15906	16468	16649	17264
45	3042	3358	5426	5549	6068	7550	7568	7753	8820	9305	9698	12059	14567	14929	16917	17373
162	3323	3534	4470	5926	6059	6620	6826	7318	9825	10489	11364	11597	11653	11832	11967	12480	12817	13190	13338	13367	13851	13862	13944	14581	14652	16735
1785	2000	2351	2404	2476	2761	2814	2867	3709	4287	4348	5210	5596	5827	6002	6691	7020	7430	9465	10792	11257	11451	12488	13785	13989	14154	14390	14464	14631	15061	15422	15735	15978	16272	16273	16319
27	3070	3195	3343	4938	5332	7367	8284	8560	9051	11217	11316	11361	11989	12374	12941	13686	14080	14451	14569	15171	15236	15279	16249	16783
46	3547	4151	4786	4816	5685	5778	6725	7864	9039	9707	10107	10555	10561	10838	12135	14041	14450	15140	15156	16064	16190
2266	3044	5461	6106	6573	7336	7779	8360	9047	9439	9912	9956	10081	10604	11255	11589	11618	12255	12767	13377	13536	14344	14616	14962	15075	15705	16903	17303
124	385	3441	3730	3781	4280	4360	4520	6105	6164	6291	6530	7060	7524	8831	8941	11283	11302	13161	13647	16922	16992
184	263	943	4583	5118	5570	5633	5666	6551	7071	7151	7552	8725	8983	9161	9476	10738	10874	11027	11583	11852	14377	14829	15510	15676	15965	16157	16490	16729	16835	16884
168	4687	6186	8116	8147	8642	8669	9098	9242	9927	10293	11875	11983	12657	12672	14827	15431	16006	16782
973	4632	4943	5166	6317	6362	6441	6932	7169	8003	8188	8760	9422	11033	11898	12194	12634	12735	12886	13430	13559	14058	14711	15950	16382	16991
888	1413	3700	5143	5711	6855	7186	7701	7823	12139	12322	13614	14184	14283	14739	15673	15781	16567	16578
28	1414	3010	3174	4565	4806	4847	5026	5995	6024	6528	7876	7915	10807	12243	12599	12799	13689	15552	15567	15943
1786	2001	2352	2405	2477	2762	2815	2868	2911	3080	3181	3576	4266	4924	6049	9280	9717	10453	10550	10617	11180	13668	14059	14580	14852	15050	15717	16908	17052
1787	2002	2353	2406	2478	2763	2816	2869	2912	4150	4188	4597	5571	6310	6401	7891	8418	8570	8806	9833	11443	12812	12945	13309	13459	14355	15460	15580	16633
1788	3684	4317	7187	8172	9522	9794	9863	10357	10862	11863	12502	12739	15632	16716	16905
47	3207	3223	3763	5907	6136	7265	7593	7973	8736	8936	10285	11496	11739	12313	13692	14440	14559	17022	17258	17263
1789	2965	3112	3160	5372	5373	5615	6878	6906	7126	7376	7488	7540	8023	9489	11318	11402	11463	12425	12764	13579	13911	14375	14935	15187	15388	16616
1790	3100	4126	5214	5267	5319	6851	6913	7619	9448	9545	10587	11338	12125	13152	15398	15858	16333	16348
1791	3099	3800	4322	4651	5506	5820	6525	8060	8248	9017	9400	9542	9755	10366	10765	12183	12639	12914	13248	14889	15005	15058	15328
2129	3196	3236	3517	3943	4138	4482	4639	4654	4793	4823	6508	7214	7601	7802	7937	9639	10175	10502	10654	10826	11233	11259	11510	11995	12472	12752	12773	14030	14602	14726	15333	15502	15823	17356
496	651	1035	1048	1158	1337	1350	1367	1604	2720	3421	3704	4344	5766	5917	7477	7866	8050	9208	9515	9894	10949	11066	13194	13478	13931	14872
1792	2003	2354	2407	2479	2764	2817	2870	2982	3117	4247	4566	5683	5769	6020	6751	7009	7299	8230	8611	9530	10821	12180	12295	12373	12649	12931	14124	14374	16470	16590	17346	17409
169	944	3134	5321	6102	6498	6989	8878	9809	9931	11729	12299	12618	13465	14011	14043	15386	16800	16891	17036
1793	2004	2355	2408	2480	2765	2818	2871	3408	3451	4179	4510	4576	4907	5407	5717	5785	6104	6271	6955	7256	8163	8733	9254	9467	9901	10214	10881	11871	11933	12195	12603	13302	14998	15256	15957	16386
125	386	3229	4422	4481	4550	5808	6244	6749	7183	7274	7467	9498	10154	10300	11747	12216	13003	13233	14324	16030	16217	16770	17411
126	387	3083	3761	4132	4960	6445	6643	6795	7547	9891	10092	10642	12094	13730	13746	13863	13940	14205	14995	15376	15416	15452	15979	16028
127	388	3450	3968	4439	6536	8703	8727	9944	10326	12121	12260	12390	12610	12647	15076	16762	16786	16882	17461	17519
272	296	616	1023	3149	4102	5553	5887	6067	6140	6503	7611	8819	9541	9629	12269	13097	13285	14544	14714	15620	15645	15922	16440	16552	17250
218	3417	4060	4326	4724	4893	5842	5944	6763	6866	6924	9139	9876	10084	10672	10968	11260	11434	11666	12116	12680	13231	13318	13765	14232	14238	16306	16429	17483
1794	3246	4005	5688	6585	7184	7992	10080	11287	13565	14625	15070	15327	15616	15633
29	3459	5201	5274	6738	6828	7716	8076	8772	9865	10060	10761	11639	12228	12407	12738	13611	14131	15738	16204	16670
30	2977	3173	5856	6198	7294	8343	8494	8828	9262	10344	11722	12415	13289	14274	15255	15636	15851	16606	17287
2894	3055	4233	4652	5038	5181	5620	6292	6376	7658	11122	11204	11284	12559	13417	14281	14388	14878	15248	15382	15685	15770	15789	15818	16135	16394
1645	2895	3320	3589	3607	5787	6156	6289	6500	8233	8251	9380	9497	10553	10760	11556	12565	13409	14553	16017	16665	16999	17105	17197	17238	17502
1646	3310	3403	3835	4108	4355	4407	4432	5150	8547	8876	11523	12207	12301	12353	13252	13575	14083	15299	16207	17251
599	3551	3909	5081	5252	6518	6792	7591	8090	8393	9221	9316	9546	11290	11794	12533	12724	14051	14436	15310	15538	15845	16147	16768	17093
607	1647	4241	5377	7229	7415	7699	7871	8626	8704	8986	9838	10763	11215	12510	13292	16289	16872	17396	17407
185	487	1233	1305	2554	3738	5153	6628	7133	9402	9925	10887	14865	15825	16162	17362	17424	17482
186	259	273	297	354	945	1024	1707	3814	4229	4947	6748	7515	8895	9680	10346	10443	10614	10691	10743	10959	11039	11845	11986	12314	12871	13804	15332	15562	16104
341	547	726	773	825	928	1105	1205	1285	1563	2555	2957	3342	4785	5516	7429	10409	12091	12620	14585	15240	15890	16409
1795	2005	2356	2409	2481	2766	2819	2872	4561	6006	6261	8212	9188	9404	9668	10822	10939	11707	11768	12210	13358	13387	14511	14955	15908	16422	16603	16773
1796	3304	4071	4516	6607	8054	8964	9014	10018	11002	11068	11146	11923	13576	14202	14224	14468	14489	14636	15162	16063	16527	16532	16655	17177
600	1016	1422	1431	1456	1571	1954	2192	2194	2196	2198	2200	2202	2205	2207	2209	2582	2584	2907	3458	4819	6119	6297	7069	8840	9618	9785	10563	10780	10954	13021	13236	13651	13997	14813	14882	15573	16219	16678	16841	17444
48	601	1017	1423	1432	1572	1955	2193	2195	2197	2199	2201	2203	2206	2208	2210	2583	2585	2908	2924	3016	3564	3775	4378	5074	6806	7092	9274	9957	10296	10845	11046	11092	11731	13281	13544	13916	14110	14360	14382	15390
2913	3142	3399	3839	3885	4801	7241	7643	8557	9004	9374	9440	10872	11419	12179	13487	13661	13704	14165	15028	15700	15842	17100
1797	3144	3293	4215	4863	6003	6214	6313	6781	7518	7664	7691	8546	11303	14132	14738	15092	15485	16338	16924	17190
31	4663	5251	5946	6574	7296	8243	10435	11169	11452	11654	12021	12079	12833	13447	14715	15014	15467	15515	16878
86	3843	4082	4303	4948	4983	5248	5452	5496	6341	6676	7001	7493	7899	8115	8882	12022	12771	13126	13724	16381
32	2130	2966	3871	4103	4372	5392	5498	5587	5903	6519	7268	7278	7523	7818	9034	9278	10667	10867	11001	11213	11579	11606	11883	12695	12789	13115	13412	13816	14576	14940	15854	16659	17146	17377
1798	2006	2357	2410	2482	2767	2820	2873	3092	3139	3633	5068	5356	5414	6510	8127	8326	10282	11438	11467	11663	12458	13378	14398	14590	14664	15604	16118	16323	16631
2283	3511	5272	6372	8038	9078	9518	9676	10664	11070	12311	12462	13957	15020	15450	15518	16315
87	3651	4230	5060	5657	5873	6678	7407	7427	7837	8048	9059	10515	11082	11359	12424	12444	12737	14815	14918	15972	17442
128	467	958	1386	1388	1425	1513	1514	1515	1516	1648	1672	2085	2095	2100	2163	2191	2235	2607	2709	2711	2712	2910	4025	4094	4598	4902	5932	6098	8093	8493	9092	9644	9922	11118	11345	11810	12544	12596	13638	14182	14960	15048	16253	16856	16890	17413
163	3224	3879	4224	4400	5310	6719	7582	7657	8057	8234	8247	10797	11715	12178	12612	14922	16121	17505
97	3145	3428	3907	4727	4749	5224	5848	6013	6344	7209	7306	9081	10922	12889	13180	13260	13871	15557	17463
187	488	787	1234	1306	3176	3341	3976	4403	5051	5581	6018	6699	8404	8609	8902	9554	9667	9677	11673	11728	12394	15008	15350	15603
289	3005	3867	4726	4915	5428	5957	8261	8417	8534	8567	8774	9687	9848	10421	11406	11655	12016	13350	13793	14366	14681	14871	15196	16122	17091
2914	2944	3143	3538	3889	4358	4517	5767	5803	7739	8706	9636	11181	12282	12477	13314	13356	15433	16668	16870	17415
1799	2007	2358	2411	2483	2768	2821	2874	3056	3919	5867	6347	6766	7135	7821	8735	8908	9357	9888	10572	11827	12085	14188	14492	15120	15215	15285	17200
1518	2915	2961	3869	6345	7259	8245	8551	8821	9008	10123	10702	11311	11781	12078	12460	12563	13085	13413	13887	14002	15639	16256	16518	16877
1519	2916	3129	5563	5852	6042	6474	7287	7346	8236	8239	11456	11672	12127	12197	12417	13159	13254	14341	14579	15145	15584
1409	1800	2008	2359	2412	2484	2769	2822	2875	4273	6179	6504	7500	7608	7893	7974	8583	9336	9366	10363	11166	11194	11281	11491	11507	12581	13284	13929	14659	15835	16175	16202	16374
1520	6023	6652	6993	7084	7111	8143	8640	9206	9547	10098	10328	11149	11329	11461	11547	11955	12524	12593	13600	14371	14864	15107	15172	15267	15755	16177	16915	16974
1106	3457	4091	4950	4972	6554	6577	8315	8622	8928	8966	11380	12254	12538	13369	15964	16221	16808	17151	17393
1446	1450	2716	2946	3616	3768	3791	3828	4413	7489	7959	8161	8676	8893	9591	9798	9892	11152	11362	12369	12765	13185	13943	13963	14122	15006	15810
1447	1451	2717	5600	7754	8282	8407	8530	8924	10021	10688	10924	11034	11079	12475	13712	14404	14556	15471	16237	17350	17366
621	1361	1378	1382	1673	2922	3234	4032	5307	5550	6454	6808	7620	7700	7883	7954	8091	8468	9157	9578	10823	11005	11104	11207	11998	12910	13936	14395	14821	14994	15169	16329	16524
49	2700	3896	4007	4706	5285	5404	5502	6207	6588	7042	7094	8892	9737	9972	10338	10426	11519	11925	14463	14896	15315	15752	15807	16352
158	3790	4174	5544	6460	6563	6633	7898	8010	8683	9199	10870	10910	11075	11137	11201	11393	12365	12947	13924	13958	15952	16493	17457
164	1717	3131	4682	5222	5626	5969	6048	6235	8636	9159	9753	10407	11544	11823	12056	12215	12338	12405	12671	13345	14312	14552	16020	16359	17099	17470	17533
1031	1032	1328	3309	3563	4001	4900	5530	5719	6210	7295	7548	8324	8799	8958	9082	9461	9835	10619	11370	11439	11771	13945	14089	14117	14126	14273	17446
129	389	3575	4245	4298	4323	6163	7604	8231	9190	12108	12686	13401	14250	14507	14946	15362	16000	16125	17180	17314
974	3685	4980	5533	6125	7372	7381	7396	7927	9036	9325	9762	10019	11738	12211	13473	14566	14667	16533	16821	16860
1801	2009	2360	2413	2485	2770	2823	2876	3167	3953	6269	8762	10153	10281	11100	11782	12268	13065	13131	13665	14875	15043	15437	16511	17025	17094	17384
1802	2010	2361	2414	2486	2771	2824	2877	4090	4269	4452	5159	5566	5984	6155	7393	7760	9432	10204	11069	12273	12722	12872	13184	13823	14927	15987	16497
1803	2011	2362	2415	2487	2772	2825	2878	3024	3286	4956	5294	5471	5582	6755	6880	7136	9146	9582	10160	10176	10200	10923	11198	11289	13755	13917	15349	16753	16780	16862
1804	2012	2363	2416	2488	2773	2826	2879	4843	5667	7157	7343	8064	8514	8813	9468	9562	9885	10351	12367	12551	12655	13054	14338	15499	15944	16383	17067	17213
1805	2013	2364	2417	2489	2774	2827	2880	3171	3945	4080	4656	4932	5034	5160	6089	6627	6648	7035	7639	8223	8351	8945	9780	9994	10829	11128	11445	11741	12008	12032	13005	13772	14100	14166	14706	14881	15347	15832	16287
1806	2014	2365	2418	2490	2775	2828	2881	3330	3498	3555	3641	4185	4250	4986	5046	7178	7243	8414	9334	10072	10398	10632	11116	12024	12199	14455	14538	15609	15733	16103	16525	16602
638	957	3373	4040	4803	4840	4841	4929	5042	7645	7720	7750	7984	8107	9075	9152	10221	10605	11532	11877	12128	12749	13181	13658	14038	14840	15200	15924	16737	16994	17081	17112	17142
953	2027	2960	3208	3239	3795	4139	5819	5948	6035	6433	6769	7330	9005	9028	10276	10343	10492	12093	13238	13463	15866	16888	17518
1435	3262	4173	4327	4386	4546	4555	5346	5854	6782	7291	7324	7669	7950	9144	9527	10310	10317	10362	10447	10648	10805	11727	11862	11869	13151	17323
88	3210	3329	3387	4595	5671	8891	9141	9204	9451	10472	10600	11376	11702	11758	13402	13627	15693	17313
290	4258	4468	4969	5024	5142	5703	6355	7117	7237	8305	8537	8915	9094	13499	14461	15478	15672	16599
55	5141	5146	5796	5839	6385	6603	7269	8492	8633	8872	9264	12442	13622	14118	14826	15486	15531	15971	16191	16384	16569	16643
130	390	3033	3731	4436	5063	5322	5369	5692	5882	6398	6499	7544	7656	7928	8686	10001	11006	11372	11979	12175	12244	13250	13524	13892	14167	15602	16449	16484	17165	17385
2204	2556	3566	3631	6383	6420	6610	6711	8002	8588	8650	9447	9845	10308	10507	11022	11271	11472	11730	14989	15338	16086	16227	17019	17032	17187
1649	3028	3757	4419	4872	5315	5728	5947	6582	7640	9523	9775	9929	11344	11401	11501	12158	12608	13467	13512	15493	17298
1650	4336	4459	4702	5031	5494	5510	7971	10142	10675	10715	11926	12844	13394	13545	15265	16951	17083	17272	17549
1651	4836	5801	6183	6248	6827	7508	8347	8682	9107	11572	11616	12448	13761	14143	16261	16564
1652	5394	5899	6145	6154	6463	6626	6930	8850	10089	10099	11040	14266	14315	14903	14947	15367	15571	15652	16119	16196	16428	17051
489	1307	2557	2928	2997	3520	3638	4878	4928	5136	6396	6481	9281	9348	9395	10875	12312	12586	12830	13645	13652	14568	14944	15762	16411	16549	17123
60	3331	3415	3682	3782	4014	4845	6141	6448	6996	7538	7756	8985	10320	10794	12419	12440	13095	13485	14221	14670	15561	16732
68	3583	6124	6126	8646	9731	9776	10470	11503	11972	13221	13483	14845	14981	15726	17221	17349
557	576	669	846	1579	1617	1864	1883	1904	2030	2049	2068	2107	2213	2239	2307	2432	4231	6486	6647	6813	6935	7239	7398	7571	7813	9341	9361	9539	10122	11244	11310	11457	12201	12553	13557	13774	15157	15655	16089
69	98	102	170	5114	5177	5536	6477	7146	9628	9672	9806	10641	11277	11656	11742	11987	12238	12354	12416	13554	13925	14028	14520	14992	15207	15769	15801	16285	16316
70	99	103	171	3062	3977	4411	4521	4614	5215	8021	9674	11486	11550	12149	12275	12542	13532
462	617	639	1150	1227	3412	3770	4074	5559	5716	6239	6618	6815	7843	7996	8287	9378	9797	10638	11571	11874	12109	13191	13332	14512	15280	17488	17539
342	548	727	774	826	929	1107	1206	1286	1564	4077	5357	5906	5913	6224	6300	8835	9619	10540	11239	12948	13626	14310	14615	15582	15590	15709	16164	16236	17071	17447
847	975	1108	3750	5424	6352	6361	6426	6786	7767	7840	8461	10814	12168	12585	12637	13962	14345	15009	15150	15357	15784	16611	17247
640	2932	3497	5755	7688	7913	8297	8432	9064	9243	11671	11744	12245	12999	13259	13311	13642	13697	13866	13980	15706	15836	15915	16496	17015
848	976	1109	3034	3172	3656	3949	4923	5345	5475	5764	7881	7919	8271	9874	10003	12033	12324	13091	14173	14604	16043
304	507	827	3496	4392	4647	4661	4723	4822	5606	6523	6615	7242	7431	8059	8232	8939	8940	9311	10462	10530	10733	11650	13516	14977	15786	16758
190	3307	4461	5875	6085	6149	6740	6835	8258	8308	9252	10931	10956	11019	11765	12398	12566	13265	13635	13912	14841	15094	15862	16680
219	435	4089	4240	4314	4990	6030	6494	6833	7040	7325	7982	8549	9478	9783	10290	10921	11249	12384	12902	13288	13442	14369	15290	16011	16846	16956
131	391	3240	3756	4161	5590	5812	6921	7112	8266	8303	8581	9232	9812	13321	14032	14350	14727	15119	16062	16138	16312	17399
977	2943	2958	3570	4285	4383	4447	5578	5689	5973	6324	6875	7391	7602	7711	8845	9162	9763	9839	9911	10422	11360	12297	14592	16259	16435	16960	17348
132	392	3306	4334	4514	4795	5527	5927	7013	7030	7165	7663	8580	9203	10488	11086	15356	16260	16701	16741	16814
2701	3505	4167	4342	4716	5229	5380	8114	8220	8240	9847	10209	11167	12449	14396	14743	14959	15404	16282	16284
1207	1216	1219	1221	1223	1226	3539	4057	5233	5379	5448	7377	8988	9475	11546	12778	12922	13511	14731	15371	15739	16013	17254	17456
343	549	728	775	828	930	1110	1208	1287	1565	3305	3354	4075	4178	5436	5599	6862	7827	8424	8773	8909	9170	9174	9210	9959	10045	10292	10405	11336	11462	11585	11867	14888	15378	15570	15918	16035	16914	17084
558	577	670	849	978	1111	1392	1580	1618	1865	1884	1905	2031	2050	2069	2108	2214	2240	2308	2433	3939	5908	6097	6672	6812	8377	8574	8607	9983	11886	11888	11992	15309	16986	17063	17430
1653	2972	3060	3668	4368	5163	6132	7351	8254	8436	9258	11369	12574	13060	14347	14446	14970	15440	15543	16069	16640	17317
559	578	671	850	979	1112	1393	1581	1619	1866	1885	1906	2032	2051	2070	2109	2215	2241	2309	2434	4016	6966	6994	6998	7450	8080	8730	8877	9093	9645	10361	10454	10497	11278	11721	12134	12742	13305	13819	14685	14825	14855	15704	15919	17510
560	579	672	851	980	1113	1394	1582	1620	1867	1886	1907	2033	2052	2071	2110	2216	2242	2310	2435	3186	3423	3827	5959	7649	8713	8777	9229	9496	10990	13831	15417	15716	15775	16037	16499
561	580	673	852	981	1114	1395	1583	1621	1868	1887	1908	2034	2053	2072	2111	2217	2243	2311	2436	3235	3299	4529	5492	5565	5738	7166	8577	8886	9042	9950	11377	12997	13619	14462	14777	16183	16271
562	581	674	853	982	1115	1396	1584	1622	1869	1888	1909	2035	2054	2073	2112	2218	2244	2312	2437	3228	4792	4802	5069	5335	5359	5521	5822	7369	7438	7513	8158	8397	8455	8700	8718	11409	14536	16816
563	582	675	854	983	1116	1397	1585	1623	1870	1889	1910	2036	2055	2074	2113	2219	2245	2313	2438	4104	4365	5630	5725	7483	7758	8509	9382	9693	10085	11115	12014	12088	12756	13909	15638	15876	16004	16402	17140
564	583	676	855	984	1117	1398	1586	1624	1871	1890	1911	2037	2056	2075	2114	2220	2246	2314	2439	4638	4704	6180	6761	6840	6984	7055	7347	7792	8128	8754	9063	9370	10900	11177	14262	14557	15859	15962	16115	16275	16479	16555	17033	17316
565	584	677	856	985	1118	1399	1587	1625	1872	1891	1912	2038	2057	2076	2115	2221	2247	2315	2440	4542	4657	4779	4968	6973	8854	9021	9313	10486	10848	11509	12508	13648	13908	15405	15938	16378	16628	17138
857	986	1119	3214	3433	5855	5879	6593	6788	7631	8056	8402	8789	8918	9793	10796	10804	11291	12160	12167	12401	12493	13246	15665	15822	16948
858	987	1120	4707	4720	5269	5408	7207	8124	8194	8827	10771	10904	13371	14279	15167	15412	15560
566	585	678	859	988	1121	1400	1588	1626	1873	1892	1913	2039	2058	2077	2116	2222	2248	2316	2441	3865	5234	5288	5631	6845	6894	7014	7075	7463	10066	11599	11839	12696	13129	14241	14650	14999	15754	16419	17369
567	586	679	860	989	1122	1401	1589	1627	1874	1893	1914	2040	2059	2078	2117	2223	2249	2317	2442	2985	4592	5750	5955	6323	7083	7392	8923	9119	9289	10017	10380	13842	13881	15389	16652	16927
568	587	680	861	990	1123	1402	1590	1628	1875	1894	1915	2041	2060	2079	2118	2224	2250	2318	2443	3097	3345	7456	7705	8081	8095	8531	9212	9842	10169	10978	10985	13134	13170	13498	13500	15869	16708	16759	16766	16829	17473
569	588	681	862	1591	1629	1708	1876	1895	1916	2042	2061	2080	2119	2225	2251	2319	2444	4157	5567	5652	7130	8047	10074	10273	10432	12880	13773	14009	14657	15019	15112	15127	15320	15814	15838	17110
570	589	682	863	991	1124	1403	1592	1630	1877	1896	1917	2043	2062	2081	2120	2226	2252	2320	2445	4297	5427	8352	8947	9306	10128	10893	11343	11566	12005	13601	13670	14023	14367	14460	14699	15277	15597	15765	15976	16059
571	590	683	864	992	1125	1593	1631	1878	1897	1918	2044	2063	2082	2121	2227	2253	2321	2446	3540	3836	5036	5367	7132	8617	9276	9614	10480	10531	11645	11842	12015	12821	14503	17271
1807	2015	2366	2419	2491	2776	2829	2882	3035	4248	4789	6148	6191	7949	8017	8644	8844	9531	9703	9902	10132	10340	11812	12064	12476	12944	13203	14320	14482	14658	15085	15399	16542	17126	17130
865	993	1126	5364	5936	6168	7119	7563	7682	7981	8883	9670	10592	10894	12400	14172	14287	14517	15179	17308	17324	17347	17359	17438
1808	2016	2367	2420	2492	2777	2830	2883	3878	4539	4620	4952	5044	6266	7067	8014	8477	11901	12498	12604	12836	14493	15209	16400	17041	17293	17545
176	3569	4096	6258	6549	6794	6802	7138	7799	8348	9344	10272	11726	12489	12897	13004	15218	15293	15446	15689	17163
220	3350	3650	5204	5312	5504	6128	6859	9218	10113	10316	11469	11907	11963	12461	13388	13393	13815	13884	14788	15468	16509	16906
133	866	889	994	1127	3954	4480	6182	8045	9147	10183	10562	10714	11492	11554	12965	13655	14420	14849	15542	15588
867	995	1128	3426	4118	5325	5344	5900	6007	6490	6622	6857	7846	8209	8392	10186	10463	12092	12690	13607	13737	14240	15324	15926	17469
868	996	1129	3861	4093	5384	5732	5865	7830	7909	8898	9383	9756	10676	11186	11323	12217	12443	13766	13853	14362	14477	15401	15864	15961	16495	17179
2159	3683	3697	3851	4370	5914	6601	6670	6677	7168	7853	9367	11160	12019	12124	12203	12397	12487	12569	13744	15465	15759	16097	16159
191	5535	5542	6752	6877	7154	7609	7770	8103	10031	10262	10367	12030	12437	12564	13264	13779	14490	15100	15208	15335	15671	15929	16570	16932
2558	3088	3110	4961	5112	8304	9867	11076	11414	12809	12937	13432	16120	16153	16170	17230	17288
192	3296	3443	4042	4098	4277	4642	4955	5250	5386	5924	6062	6354	6814	7641	7726	8105	8824	9981	10102	10251	10327	10456	10963	12106	12387	12439	12478	14475	15623	16437	16574	16788
1654	3702	3847	3931	5018	5483	5674	6037	6407	7230	8094	8734	8901	9844	11328	12214	12870	13307	13444	13508	14429	15785	16543	17001	17169
1655	3276	4051	4152	5157	5437	6387	7141	9685	13213	13612	13653	15194	15715	15933	17199
629	630	631	1656	1716	1932	2126	3270	3282	3645	3686	3906	4450	5048	5197	5202	5305	5794	6133	7918	9881	10711	11513	11959	13026	13475	14630	15266	15928	16224	16662	17144	17277
1657	3278	3508	4264	5672	5929	7709	7960	12069	13435	13770	13947	14781	15055	16886	16982
134	393	3404	6381	8639	9736	10631	10916	11189	12650	12960	14127	14380	14546	14583	14734	15695	15816	16314	17281
135	394	1596	3017	3271	3386	5687	6112	6295	6821	7079	7090	7334	8069	8698	8888	9124	9216	9403	10709	11351	11520	11704	11818	12908	12952	13174	14178	14227	14905	15253	16596	17418	17531
869	997	1130	3079	3512	5595	5617	6888	7366	7583	7886	9721	9997	10850	11322	11339	12698	13706	15069	15556
870	998	1131	3588	5670	5718	5912	6283	6493	7061	7939	8497	8920	8984	10015	10299	13111	14231	15247	16213	16907
871	999	1132	3048	3786	4591	7195	8216	11591	11694	11766	13055	14802	14953	15098	16046	17027	17087	17327
872	1000	1133	3218	4761	5280	6423	6440	6961	7642	9421	9934	10997	11216	11460	11681	12467	13028	13395	14997	16102	16465	17106
873	1001	1134	5429	5654	6476	6797	6939	7073	7437	8035	8065	8471	9705	10155	10578	10751	10855	10981	12306	12730	12966	13282	13790	13950	14087	15907	15920	16113	16503	16520	16863	17275
874	1002	1135	4363	5472	9792	11668	12280	12598	13125	13329	13800	13970	14008	14619	15732	16296	16317	16577	16806
875	1003	1136	4798	4821	5208	5696	5734	6045	6166	6262	6546	7621	7734	8771	9899	10669	10828	11007	11643	12661	13747	13906	14035	15288	15553
876	1004	1137	3623	4567	5052	6206	7080	8253	9771	10002	10185	11386	11614	12988	13675	13690	16082	17115
136	395	1597	3900	4625	4717	5560	6904	8259	8321	8363	9441	9538	10538	10774	11646	11670	12045	12226	12409	12864	13052	14091	14335	14465	14672	14933	15015	15778	17113	17170
56	3753	3862	5023	5106	6475	6856	7103	7714	10101	10625	13154	13249	13698	14016	15225	15967	16880	17242	17400
221	3699	3858	3868	4045	6962	7140	7565	8292	8599	8775	8994	9136	9754	9820	10173	11129	12386	12776	12903	13552	15080	15523	16930	17202	17265
193	3877	3914	5256	5385	5449	5655	6144	6934	8024	8224	8606	9389	10335	10532	13035	15981	16334	17114	17223	17419
1658	1712	2896	3982	4210	5011	6246	6349	6653	7432	8301	9160	9511	9666	11620	12027	12029	12770	13086	13403	14319	14898	17043	17425	17540
1659	2897	3988	3991	4417	6205	6544	6981	7298	7304	8018	8847	9430	9811	10234	10830	11346	11772	12557	12794	13227	13767	14106	14448	15126	15470	16560	16587	16861
1660	2898	3353	3585	3805	4193	4564	5193	5421	6979	7176	8300	9130	9419	10818	12000	13270	13549	14153	14654	15099	15116	16134	16415	17387	17529
1957	3515	3676	4665	4967	5673	5987	6350	6584	6834	7125	8394	8434	8584	8770	8838	9850	10640	11211	11300	11430	11853	11981	12669	12828	12923	13217	13225	14006	14474	14555	15096	17462
408	5022	5539	5722	6222	6470	7101	7453	7976	9506	9558	9970	11570	11748	11929	12990	13518	14789	16269	16270	16536	17511
137	2968	2983	3524	4399	4443	5710	7155	8175	9500	9974	11379	11811	12832	13687	14853	15627	15970	16092	16181	16883
138	3292	3694	3760	4047	7848	9516	11219	11935	11968	12130	13056	13310	13342	13433	13650	14606	15722	15783	16610	17431
472	1506	3251	4036	4325	6478	6649	7970	8874	9469	9528	10514	10913	11658	11662	12413	13490	15647	16632	16937
1683	3748	4311	4627	4676	5287	5442	6219	6427	7890	8656	8841	9335	9638	9767	9862	10593	11171	12240	12431	12925	12995	14364	14481	14744	15503	16015	17172
1684	3816	3844	4120	4127	4664	6447	6640	7006	8783	9131	9749	9759	10013	10291	12659	13777	15182	15275	15882	16139	16851
1685	3326	3573	5632	6321	7480	8122	8387	8638	8715	8992	9433	9464	10436	10895	13334	13791	15174	15827	16572	16709	17003	17334	17336
1686	3531	7089	7211	8290	8443	8825	9225	10748	10842	12597	12841	13808	15243	15343	16362	16369	16639	17450
1687	3151	5721	5923	5970	6386	7535	9268	11272	11477	12061	12963	13466	13876	14057	14917	15764	16873
1688	2962	3121	3557	4009	5433	6364	6943	7787	7832	8087	8433	10241	11187	11326	12662	12807	13136	13258	13320	13491	14542	14902	15534	15564	15954
1689	4758	5318	5514	5918	6890	7520	9481	10166	10757	10812	10975	12259	14194	14764	14945	15340	15345	16002	16475	16789	17262	17547
1690	3212	3716	4064	5485	5580	5840	6172	6514	6776	7034	7354	7378	7994	8410	8555	9167	9231	9244	11479	11789	12651	13981	14391	15861	16617	16954
1691	3040	4540	4686	5000	6444	6656	6960	8677	8798	9824	10871	11820	12082	13829	13939	14105	14707	14836	15697	16711
1692	3102	3334	3695	6069	6505	7423	7673	7679	8542	8830	9248	9800	10117	11580	12065	12613	13398	13972	14505	14809	15663	17468	17515
2099	3140	3141	3713	4391	4859	5618	6974	7567	7630	9482	9696	10529	11454	11985	12111	12253	12579	13312	14055	16794	17044
222	436	3020	3103	5512	6151	6414	7189	7494	8180	8571	9609	9741	9910	11269	12873	13271	14575	15199	15917	15995	16661
223	437	3811	4284	5275	5453	6204	7108	7213	7597	7660	7924	8294	8849	8910	9810	10168	10444	10704	11528	11761	12258	13872	14470	14530
139	3379	5387	5952	6121	6595	7729	8183	9575	10423	12745	13809	16589
224	3200	4867	5316	6439	6964	7502	9197	10295	10307	10769	11008	12347	13202	13879	14096	14439	17068
225	4359	4744	5846	5878	6276	7371	7724	10369	10813	11225	13464	14677	15391	15461	15500	16854	16901
226	5220	7026	7315	7661	9164	10033	11139	12372	17064
140	3383	4170	4771	5594	7064	7180	7798	8968	10953	11584	12007	12096	12345	12707	14129	15863	15992	16155	16843	16958	17475
227	438	3057	3203	3385	3924	4168	7139	7382	9279	10016	10329	10535	12296	12594	13597	14570	15479	15546	15790	16526	17066
228	439	4254	4343	5760	6413	9709	11132	11422	13222	13806	16110	16393	16885
229	440	4079	4977	5829	6534	8564	8959	9946	10517	10647	11205	11234	11841	12404	12912	13752	14263	15258	15796	15963	16266	16325	16767	17305
230	441	3120	3723	3832	4609	5526	6645	6764	6902	7197	7217	7662	10793	10863	10955	11163	12028	12494	12520	13839	15458	15743	16198	17498
194	3122	3204	3707	3882	4135	5070	5116	5444	5609	6046	6609	6778	7050	7201	8126	8190	8219	9760	10052	10912	11140	11494	11642	12935	14251	14410	15643	15791	15986
231	442	3655	3874	4207	5149	5628	6415	7528	7531	7775	9198	9964	10339	10521	11348	11573	11675	12362	12919	14029	15878	15956	17201
232	443	3332	4049	4128	4181	4338	6334	6542	6576	6931	7273	8166	9080	9616	9945	10375	12509	12808	13211	13547	13824	13960	14010	14295	14305	15572	16279	17049	17536
233	444	3632	3799	4442	4833	6402	6757	7418	9299	9947	10920	12332	12576	12601	12687	13974	14435	14716	15761	15895	16060	17426
234	445	3349	3759	7370	8325	9580	9988	9992	10747	11397	12539	12892	14384	15110	16088	16434	16447	16658	16805	17079	17129	17391
235	446	3325	3644	6458	6947	7308	7373	8078	8866	9304	9319	10058	10651	11094	11435	12192	12242	12815	13802	13818	14690	15038	15042	16544	16681	17345	17379
236	447	3660	4186	4496	4558	5313	6968	7017	7044	7205	7422	7855	8037	9657	10194	10700	13941	14192	14201	15272	16809	17408
237	448	5405	5644	6028	6086	6663	7317	7895	8810	8839	9909	10727	10847	11295	11514	13383	13482	13817	15330	15384	15513	15763	15828	17378
159	3189	3284	4404	4462	4984	5104	5740	6424	7776	9041	10498	10629	10878	11218	12410	13066	13448	14421	15935
238	449	3455	3863	4035	4100	4270	4805	5021	5286	5365	6293	6997	7047	9570	9849	9937	10156	10401	10551	12063	12635	13599	13699	15856	15891	16244	16377	17009	17174	17354
239	450	2930	2995	3667	3857	3915	4685	4881	6116	6863	7123	8184	9684	10076	10159	12294	12875	12980	13229	13347	13541	14710	14797	14916	16250	16824	16944
1809	3322	4194	4430	4679	6255	8685	8993	10134	11321	11542	14280	15003	16913
240	451	3073	3315	3690	4777	4813	5218	5949	6592	7487	8925	9620	9919	11101	11182	12241	12376	13127	14198	14291	14736	14817	15004	15393	15849	17284
241	452	3639	5771	6131	8510	8629	8691	8861	8960	9284	9928	10059	10849	11020	12042	12150	12968	14942	16186	16473	17042	17222
2918	3148	3545	4548	5217	7255	7707	9031	9585	9690	11195	11889	12377	13083	13521	14001	14157	14376	15313	15635	15857	15867	16529	16859	16959	17273	17460
141	3138	3594	5139	5431	5611	5763	5993	6954	7244	7388	8187	8750	9230	9589	10866	11543	11660	12371	12640	13446	13756	14577	14800	14993	16754	17133
142	396	3054	3679	4216	4810	5551	6277	6410	6700	6919	7086	7874	8804	9016	9371	9829	9963	10856	11294	11358	13008	13727	13870	14674	14943	15001	15936	16166	16309	16784	17333
877	1005	1138	3494	4058	4668	4880	5032	5211	5928	6257	6995	7036	7454	7765	7796	8807	8903	9643	10140	10834	11158	11526	12044	12060	12826	12856	14071	14560	16418	16488	16554	17218
2267	3045	3241	3613	3727	6787	7000	7735	8039	8628	9473	9765	9943	10943	12117	12729	12787	13186	13472	14671	14899	15395	15758	17422
878	1006	1139	3190	3194	3898	4832	5079	5490	6190	6393	7285	7755	8554	8678	10545	11121	11209	11227	11746	12071	12465	12728	13384	14177	14661	15594	16174	16677	16899	16909	16967	17086
1810	2017	2368	2421	2493	2778	2831	2884	3586	4291	4394	5997	6117	6259	7944	8457	8508	8729	9331	9455	10615	11965	16045	16866	17229	17268
33	3384	3513	3746	4221	4395	5564	5951	5990	6632	7492	7833	7880	8978	10999	11870	12813	13794	14851	15060	16436
2268	4010	4824	5480	6922	6991	8852	10888	11165	12427	13902	14136	16185	16278	16389	16673	16727
1936	2293	2592	5347	5443	5622	7072	7990	8962	10341	10574	10906	11400	11849	11941	12325	12974	13255	14990	16238	17060
1937	2294	2593	3981	4106	5247	5702	5832	7525	7801	8431	8587	9000	11047	11537	12454	12959	13636	13888	15232	15844	16090	16988
1938	2295	2594	3810	4037	5155	7266	7478	7581	9291	10519	11025	11474	11826	12249	13488	14954	15195	15873	15955	16079	16498	17038
1939	2296	2595	3183	3910	5171	7200	7718	7777	8532	8569	9273	10071	11373	12083	12824	13489	13949	14299	14337	14504	14516	14986	15724	16848
1940	2297	2596	3159	3659	3766	4882	5850	6253	10758	12736	12795	12940	13543	13708	14146	14389	14748	15653	15945	16941	17109
1941	2298	2597	3225	3489	4883	5815	5980	6173	7091	7380	8955	10236	10393	10817	11103	12954	13023	13156	13214	13570	14563	14757	15129	15615	15777	16613	16968	17103
1942	2299	2598	2999	3118	3950	4694	5071	5309	5623	6127	6363	7579	7940	8049	8270	8427	8582	9394	9954	10527	10608	10996	10998	11475	11476	11954	12310	12364	12731	13905	14884	15111	15729	16061	16158	17535
1943	2300	2599	4302	4330	6016	6689	7780	10972	11014	11533	11535	13046	13093	13654	14730	16099	16627	16723
1944	2301	2600	3595	3726	4433	4494	5374	5954	7403	7858	8513	8701	8728	9487	10105	11320	11640	12129	12291	12592	12984	13558	14264	14892	15469	15475	16370	16690	16721
1945	2302	2601	3155	3188	3261	4892	4909	5897	8211	9499	10415	10543	11084	12052	12792	12905	12942	13011	14119	15624	16372	16740	16983
1811	3253	3715	3788	4466	5523	6066	7107	8585	9673	9808	10191	11512	11908	13827	14130	14314	14795	15714	16149
1812	4113	4731	6029	7041	7206	7246	7319	7925	8007	8020	8278	10501	11733	12120	13058	13207	14244	15780	16594
1813	2990	3161	3622	4022	4491	4589	5699	5961	6231	6430	6442	6882	7087	7360	8589	9735	10263	11603	11770	11846	13148	14724	14928	15911	16682	16683	16911
1814	3125	3979	4489	4725	5591	7733	7838	8519	9401	10784	11952	12334	12816	13927	14372	15800	16126	16142	16949
1815	3754	3787	4183	4428	5538	8123	8623	9173	9864	9893	10163	10506	11631	11745	12483	12964	13090	13303	14174	14393	14514	14908	15097	15912	16091	16373	17054	17370	17542
2145	3626	5680	6810	7270	7616	8067	8249	9805	10467	11515	12066	13671	13986	14216	14648	14891	15296	16009	16039	16048
79	3411	3824	4406	4697	4708	5066	6723	6917	7323	9398	9746	11936	12802	13280	14498	14558	15669	16308	17143
143	397	4449	4815	4981	7667	7676	8110	8873	9682	10583	11130	11261	11517	13187	15068	15252	15710	15779	16163	16197
144	398	2954	3029	4421	4435	4750	4769	4922	5584	5971	6208	6467	6540	6959	7208	8673	9073	9122	9773	11893	12090	12632	13574	14097	14220	14479	15163	15747	16117	16514
145	399	3064	3104	3664	5276	5501	5646	6491	6654	7727	7903	8052	8647	9165	9960	10051	10145	11021	12140	12777	13481	14473	15579
146	400	3405	4842	6027	6561	7011	7065	8476	8737	9979	11184	12321	12471	14632	15024	15259
147	401	3462	4313	4641	5128	5517	5799	6274	6696	6843	7644	7975	8758	8949	9169	9192	9650	9795	13017	13838	15336	15625
71	3552	5782	6019	6612	6712	7390	7416	7704	7896	8709	8980	9453	10598	10618	11685	11840	12825	12979	13193	14386	14676	15022	15231	15262	16945	16985
305	4078	4774	6039	6400	6804	6838	6987	7277	7479	7877	8561	10065	10158	10544	11970	12034	12408	12646	12831	13124	14215	14256	14522	15220	16424	16500	17219
100	5303	5684	6060	7320	8083	8655	8977	9217	9769	11055	11624	12142	13331	13921	13951	14103	14149	15023	15295	15358	15787	16896
344	550	729	776	829	931	1025	1140	1209	1288	1566	2559	2948	3067	3964	5002	6171	6397	6728	7851	8911	9343	9708	10041	10591	10739	11240	12619	13749	14163	14523	14948	15408
188	252	260	264	274	276	279	298	355	360	364	409	490	623	632	687	890	949	955	1026	1241	1244	1246	1427	1429	1433	1452	1454	1507	1509	1511	1575	1600	1699	1714	1718	1844	1846	1848	1851	1853	1855	1900	1922	1926	1928	1930	1950	1971	2086	2127	2147	2150	2152	2233	2566	2568	2570	2572	2574	2576	3749	6819	8241	9729	9877	9942	10177	11275	13461	13968	14073	15263	15865	15868	16993	17261	17410
253	261	265	275	277	280	299	356	361	365	410	491	624	633	688	891	947	950	956	1027	1242	1245	1247	1428	1430	1434	1453	1455	1508	1510	1512	1576	1601	1700	1715	1719	1845	1847	1849	1852	1854	1856	1901	1923	1927	1929	1931	1951	1972	2087	2128	2148	2151	2153	2234	2567	2569	2571	2573	2575	2577	3481	3501	4437	5481	7964	8533	9035	9560	10360	10903	11110	11301	12126	12286	13520	14610	15010	15191	16387	17289	17390
1816	2927	3507	6790	7763	8214	8257	8437	8481	9052	9187	10468	10723	10970	11938	12118	12229	13079	13896	15026	15064	16421	17076
1817	2018	2369	2422	2494	2779	2832	2885	3831	4076	4580	5758	6215	8011	8912	9060	9513	12689	13107	13535	13556	13985	14313	17000
1007	3317	3994	4888	5216	7016	7703	8033	8536	9001	12333	12528	12624	13351	14102	14162	14418	14762
242	453	3019	3193	3544	3669	3703	4333	4710	5726	6343	6351	7615	7820	7825	8618	8687	8916	9061	9184	9442	9632	10410	11756	11825	12759	12883	13915	14691	14723	17428
80	2992	3361	3742	4105	4889	4954	5306	5691	5765	5835	5845	5974	6193	6903	8274	8803	10836	11256	11942	12099	12971	14880	14932	15212	15547	16432	16460	16615	17062	17234
2269	3158	4525	4551	5301	5627	6308	6309	6713	6849	7443	8246	8579	8688	10034	10318	11030	11107	12975	13999	15164	15214	15589	16388	17436
2270	3674	4775	5943	7441	7554	7946	8113	8195	8204	8425	9013	10243	11613	12018	12166	12222	14756	16281	16463	16875	16969
2271	3887	4763	5207	6925	7029	7276	8408	8812	9409	9443	11179	11949	12148	12717	13147	14208	14494	15063	15289	16094	17318
101	172	641	3359	4837	5362	5998	6118	7920	10088	10100	10891	11705	12009	14234	14419	14500	14641	14689	14914	15618	15757	16584
34	3687	4618	6684	8299	8316	8696	9085	9351	10628	10737	11900	12191	13781	13942	14211	14406	14783	16301	16456
173	642	3266	3734	3875	3913	4672	6237	6511	7300	7321	7968	8335	8875	8956	9249	9332	10402	11164	11178	11819	12391	13460	13616	14222	15206	15577	16106	16820	17381	17439
148	468	1387	1389	1411	1426	1573	1661	2101	2236	2710	3090	3237	4426	5090	5588	5605	5804	5869	7004	8543	9315	9388	9699	9975	10333	10458	10680	11043	11192	11220	11248	11563	13234	14034	15051	15811	16528	16752
2304	2603	2604	2605	2606	2981	3973	4070	4374	4519	5409	5416	5942	6844	7914	8244	8675	10987	11067	12074	13457	14265	14357	14513	15067	16160	17322	17325	17489
1818	2019	2370	2423	2495	2780	2833	2886	3425	4205	4674	4812	5759	8073	8099	9857	10090	10315	10979	11355	12558	14014	14363	14381	14541	14571	14765	15424
1819	2020	2371	2424	2496	2781	2834	2887	3256	3473	5246	5809	8015	8025	8833	8865	9012	9114	10192	11641	12349	12556	12710	12786	13748	13813	13894	13983	14197	15745	16206	16928	17210
1820	2951	3259	3993	4180	5709	5742	6621	6889	8501	9020	10195	10571	10756	11126	11536	12716	13176	13762	15723	16182
1958	2160	2560	4429	5123	6330	6775	9153	9408	9508	11950	12848	13445	13594	14039	14409	15537
2561	3743	3992	4366	4949	6076	6547	7002	7517	7930	7955	7991	9227	9270	11093	11780	12977	14768	15896	16722	16792	17270
1821	2021	2372	2425	2497	2782	2835	2888	3163	3947	4012	6406	6885	7542	7894	8965	9026	9096	9154	9405	9509	9930	10112	13267	13423	14123	14185	14229	14485	16508
1946	2303	2602	3242	3554	4764	4868	6088	6286	6743	7362	7397	8350	8525	8732	8836	9634	10403	11808	12535	12549	13994	14214	14469	14584	14755	15029	15432	16450	16619	17158	17204	17237	17357
149	402	3077	3582	4669	4748	5107	6967	7539	8450	8592	8766	10144	10259	10611	10635	11095	12340	13074	13092	13100	13775	14775	16464	16757
89	3542	3796	4675	5851	6868	7116	7305	7812	8671	11127	11395	11399	13183	13585	14453	16763	17107
243	454	4228	5170	5226	5295	5350	6031	6659	7374	8719	9222	9940	11375	11408	11784	12267	12464	12978	13623	13914	13993	14290	14294	15091	16538	16978	17528
72	3611	4024	5007	5111	6911	7519	7861	8421	8448	9597	9730	9926	10313	11612	11961	13480	13667	13828	14133	14239	16345	16818	17013
1822	3895	3952	4257	4757	4776	4908	5243	5336	5713	6732	8255	8411	8927	9536	9935	9990	10988	13563	13780	14007	16215	16218	17046
150	403	3942	4695	5625	5744	6608	6846	7938	8281	8416	8539	8720	9142	9327	10261	10373	10989	11480	11531	11911	12172	12720	13295	13422	14873	15403	16420	16535
160	2979	3294	3636	4455	5085	5648	7303	7363	7424	7613	7904	7935	8710	9200	9587	10250	10330	11687	12411	13561	13714	14054	15007	15619	15656	15687	17195	17215	17255
1662	3272	3532	4534	4622	4684	4760	9103	9255	10054	10685	11723	11927	12469	13734	15686	15914
35	2935	3043	3850	4936	5621	5735	5866	6058	6496	6978	7910	8512	8594	9758	11880	11984	12270	12805	14930	16353	16586	16957	17440
345	551	730	777	830	932	1141	1210	1289	1480	1505	1567	1743	2188	2562	2644	2669	2694	3873	5240	5505	5934	5945	7986	8507	9062	9365	9557	10505	10536	11381	12356	12681	13139	13360	14271	14741	15198	15578	15592	15990	16939
643	3406	3663	4204	5154	6055	6483	7227	7328	7624	8222	9989	10541	10918	11147	11574	12250	13031	13088	13513	13715	13805	13875	13933	14061	14399	15329	15361	15509	16297	16311	17236	17509
644	3162	3591	5266	6233	6409	6710	6901	7610	8694	9851	10722	10759	13688	14589	14906	16822
1823	4537	4703	4978	5082	5986	5988	7032	8179	8338	8805	9265	10581	11056	11716	12590	13278	13753	13904	14098	17120	17161
1824	4316	4371	4630	5503	5706	5883	5886	6390	6580	7995	8160	8869	9298	9641	11786	11974	12309	12396	12482	13075	14152	15427	15874	17125
1825	2942	3813	4493	6567	7012	7025	7574	9980	10356	10865	11493	11608	11692	11997	12884	13771
879	1008	1142	3074	4463	4783	5351	5459	6532	6579	6722	7039	7635	7721	7771	8291	8851	9841	10157	10450	11418	12513	12712	13247	13716	13769	14187	15541	16474	16539	17358
880	1009	1143	4321	4350	5260	5592	6174	6604	6783	7409	8662	9043	11349	11592	11680	11816	12674	14037	14303	15143	15877	15934	17185	17189	17259
1967	2286	2586	2588	2994	3002	3627	4562	5092	5134	5920	6985	7353	7965	9995	10831	11423	11529	11605	11678	12087	12503	12888	13439	15294	17212	17319
36	3031	3219	3356	4448	4745	5175	6290	6736	7570	8460	8668	9376	9939	10475	10703	11061	11144	11353	12276	13426	14212	14411	14488	14594	15453
1663	3940	4487	5110	5311	6392	6562	6836	8375	9362	10037	10056	10223	10483	10499	10876	10942	11074	11258	11270	11327	11382	11990	12102	12402	12573	12916	14769	15331	15879	16188	16666	17340
2162	3541	3944	4013	5058	5701	6733	7275	7466	8562	10886	11809	12153	12438	12451	12768	13462	15459	16363
1826	4617	5203	5532	6061	6480	6657	7795	9860	12104	12898	13427	14749	15682	17343
2288	3346	3499	3802	6432	6671	6852	7022	7307	7496	7566	7980	8473	8938	10129	10777	11065	11735	12452	12983	13528	14052	14790	15760	16534	17527
1827	4196	4809	5328	5972	6196	6241	7404	8260	8298	9870	10643	10713	11427	11848	12017	12054	13244	14004	14354	14586	15370	15521	16365	17342
151	404	3018	3463	3995	4655	6594	8469	9598	9706	9916	10287	10589	10809	11736	14688	15235	16472
492	884	3302	3721	4804	6895	8181	9246	9610	9815	10121	10218	11012	11392	12196	13372	14772	15193	15363	16310	16637	16972	17132
81	2959	3012	3503	5399	5830	6312	6927	8529	9385	9407	9726	9738	10283	10413	10552	11052	12723	13477	13606	14306	15481	15520
73	3243	3705	3777	4021	4732	4921	5282	5661	6078	6429	6455	6874	7484	8401	8666	9828	10439	10639	10770	10857	12177	12705	13153	13335	13471	14179	14547	15772	15997	16144	16607	16771
104	3833	3917	4246	5528	6431	6986	7335	7698	7912	8406	9479	10610	11557	12205	12288	12463	13867	14529	15030	16112	16864	17070	17241
61	645	3245	3521	5083	5798	5891	6541	7171	8136	9606	10224	10557	11304	11903	12357	12450	13381	13476	13859	14588	15545	16176	16268	16339	16541
1828	3086	3470	4115	4825	7738	8440	9100	11331	13850	14079	14249	15049	15566	16625
1829	3493	4238	5838	6412	6753	7337	7501	8134	8483	8843	9544	9569	9642	9987	11347	12303	12677	13160	13632	14432	14665	15875	16801	16964	17386
1830	2022	2373	2426	2498	2783	2836	2889	3068	3380	4073	5466	6139	6451	6704	6884	7587	8524	9084	9879	10038	10461	10511	11800	12577	12901	13733	14603	15507	16072	17149
1309	2125	3023	3096	4292	4914	5468	5477	6252	6948	7905	8170	8787	8859	12308	13166	13374	14506	14972	15095	15677	16073	16242	16965	17328
1831	3215	6025	6937	7185	7260	7650	8358	9045	9521	9744	10270	10560	13407	14000	15027	15831	16156	16214	16802
62	1416	3255	5278	5543	6220	7962	9006	9826	10661	11956	14267	15698	15894	16127	17182
1832	2023	2374	2427	2499	2784	2837	2890	3530	4502	6227	6254	6357	9226	9452	10659	11026	11490	12169	12337	12571	13117	13578	17292
1312	3396	3785	3866	5145	6568	6825	6915	6970	7580	8380	9574	9586	11887	12518	12753	15462	16033	16137	16940
1313	3698	3837	6600	7870	9186	9460	9991	9998	10440	10457	11262	11383	12389	13373	14074	14452	14737	14847	15034	15881	15903	16298	16812
1522	1745	1960	2092	2257	2904	3381	3574	3823	5053	5078	5093	6091	6977	7941	8856	10630	10696	11148	12038	13420	14554	15249	15837	16109	16778	16876
266	411	463	1677	1679	1924	1952	1961	2089	2103	2132	2137	2231	2258	2732	3485	3710	5352	5837	5967	6243	6325	9353	9486	11424	11829	11973	12257	12501	13602	14655	15728	15884	16444	16646	16714	17523
267	412	464	1678	1680	1925	1953	1962	2090	2104	2133	2138	2232	2259	2733	5127	6327	6785	7834	8072	8238	8518	8572	8991	9245	9887	12202	12849	13039	13397	13592	15144	15532	15774	17127
1523	1746	1963	2093	2260	2905	3248	3826	3986	4155	4557	4738	5872	7978	8667	9023	9778	10172	10301	10671	11161	11551	12785	13015	14608	15477	15696	16141	16734	16744	16962	17454
689	4572	5402	6636	8264	9435	10387	10485	10803	12642	13163	14804	16199	16262	16280	16459	16842	17403
788	1235	3258	3629	3771	4153	5562	8088	8138	9502	9581	10674	10681	11274	11340	12708	13165	15117	16390	16836	17486
152	405	3046	3185	4500	5169	6044	7859	7997	8782	9215	9240	9917	10182	10479	11769	13223	13399	14735	16466	16834
1833	3925	5019	5518	7283	7326	7485	8690	9011	10397	11143	12869	13705	14120	15606	15974	16024
1834	3206	3854	4600	5230	7712	7850	8596	9029	9590	9823	10011	10730	11522	13711	14692	14719	14964	15131	16417
1314	1525	1634	1664	2161	2713	2909	5555	6482	6933	7629	8262	9449	9659	10601	10721	11945	12246	12552	12584	13745	13778	14414	15812	16799	17208
2289	2949	3106	4346	5100	5441	5956	6015	6832	8426	10079	10528	10717	11904	11910	12232	12660	14766	14833	14861	15441	16258	16519	16551	16845	16855	16881
1835	2024	2375	2428	2500	2785	2838	2891	3351	3465	3477	5135	6142	7252	7556	8215	8822	8957	9649	11229	11931	12023	12040	12570	12860	13319	16342
1693	3856	3911	4260	5396	5925	5930	7408	7923	9358	9406	9976	10091	10897	11802	11858	12497	12693	12876	13006	14596	14869	15488	15977	17464
1694	3604	4556	6074	7685	9658	9784	9801	10275	10791	10840	11791	13082	13486	13562	14814	15103	15142	15489	15850	16966
1695	4099	5054	5245	7817	9133	9490	10289	11134	12289	12838	12981	13496	13976	14168	16052
1696	3469	4385	6666	6668	7888	7985	8788	9089	9322	9339	9924	10280	10395	11266	11774	13179	13200	14763	15238	15634	15721	16453	16547	16774
1697	3416	4356	4788	4869	8053	8563	9168	9525	9856	10257	10408	10657	10806	10957	11855	13363	13796	14617	15260	15316	16517
90	2938	3318	5645	6184	6270	7192	7444	7926	8355	8621	9118	9196	9740	9816	9884	10274	10609	10766	10964	11231	12035	12155	12909	13504	13954	13973	16041	16098
1315	3184	3744	6705	7356	8491	8765	8817	9177	9287	9359	9425	10068	10174	10726	11038	11253	11679	12020	12146	12247	12784	14561	15071	15438	15569	16600
1316	4141	4259	4431	4856	5831	6695	6861	7188	7595	8641	8814	9009	9241	9827	11250	11649	12237	12519	13235	13577	14248	14521	15381	15413	15871	16696	16791	17267
789	1236	3324	3769	4522	5737	7634	8225	8605	8674	9984	10284	11957	12051	12187	13325	13493	13834	13841	14720	14909	16302	16849
50	510	3022	4087	4275	4328	4377	4585	5167	6075	6437	7368	7389	8031	8097	11083	11712	13410	13610	13683	13729	14092	15223	15526	16239	16565	16781	16803	17085	17244	17429
1836	3388	3492	3662	3829	4182	4633	4807	5084	6000	6249	7445	7892	8189	8279	9333	9686	11199	11518	12495	12626	13007	14785	14823	15292	17010	17392
1837	3053	3712	3722	4195	4740	5033	5196	5781	6727	7789	8953	9622	10118	11617	12758	16705
497	618	652	1036	1049	1159	1329	1332	1338	1351	1362	1368	1379	1383	1405	1407	1605	1674	2157	2164	2721	3004	3280	3762	3797	4416	6199	7007	7068	7332	7526	8318	8366	9462	9630	9918	10165	11482	11850	13437	15204	15941	16286	16990
498	619	653	1037	1050	1154	1160	1330	1333	1339	1352	1363	1369	1380	1384	1406	1606	1675	2722	3268	3603	3912	7181	7311	7507	10707	10969	11296	13061	13141	13553	14700	15598	16019	16254	16750	17045	17514
499	654	1038	1051	1161	1340	1353	1370	1607	2723	4038	4212	4796	5411	5508	5761	6718	6800	6854	7261	7637	8472	9091	10311	11282	12823	13709	14694	15585	16337	16443	17089
500	620	655	1039	1052	1155	1162	1331	1334	1341	1354	1364	1371	1381	1385	1608	1676	2724	3561	3923	4003	5199	5513	6625	6865	7675	9314	10474	10616	12609	13572	14068	14528	16507	17235	17256	17465
501	656	1040	1053	1163	1342	1355	1372	1609	2725	4852	5371	6004	6040	6226	6359	8714	8780	9429	10211	10353	10960	12921	13022	13218	16724	17012
502	657	1041	1054	1164	1343	1356	1373	1610	2726	2955	3076	4203	4232	4472	4507	6630	7963	8070	8151	9180	9239	11312	11429	11440	11777	12834	13283	13760	14236	14407	14656	15610	15910	16825
503	658	1042	1055	1165	1344	1357	1374	1611	2727	3537	4289	5172	6051	6130	6472	7015	7394	8191	8399	8853	9172	9859	10297	10860	13198	15229	15506	15549	15968	16367	16605	16952	17274	17380
504	659	1043	1056	1166	1345	1358	1375	1612	2728	3049	3666	7194	7216	7490	7499	8130	8591	8995	9057	9261	9786	10559	11495	12233	12265	12772	13037	13116	13421	14329	15429	17364
505	660	1044	1057	1167	1346	1359	1376	1613	2729	3348	3509	3609	6123	6374	7145	7226	7687	9454	9830	13077	14115	14628	14806	16003	16793
506	661	1045	1058	1168	1347	1360	1377	1614	2730	3078	3301	4599	4645	5119	5331	5569	5727	5862	6629	8526	9256	9791	10772	10790	11242	12957	13701	14104	14385	17276
1838	2025	2376	2429	2501	2786	2839	2892	3486	3972	4691	5184	5730	5807	5921	6465	6586	8742	9044	9716	9962	11560	12073	12385	12896	13130	16953	17388	17467
2146	2702	2936	3093	3308	4286	4503	5363	5863	6796	7782	8645	8731	10390	11299	12097	12323	12350	13220	13492	13523	13786	13998	14526	15802	16467	16561	16608	16626	17031	17476
244	455	3297	5470	6302	6650	7236	8286	11878	12131	12798	13144	13228	14893	15268	16251	17048
1698	3355	3921	3963	4149	5122	5890	6212	6662	6824	6952	9612	10469	11185	12589	12811	13454	13837	14246	14261	14392	14433	15101	16739	16796	17401
1665	2899	4364	4456	4607	4939	5186	5259	7164	7646	7845	8148	8293	8430	8598	8652	8973	11155	11807	12568	13119
245	456	3247	4648	5577	6256	7654	9224	10767	10907	11222	11252	11498	12588	13404	13669	15130	15314	15522	17056	17220	17246
1666	3119	4124	4177	4420	5589	5743	6858	7379	7476	7897	8643	8693	8919	10579	11097	11238	11466	12227	13168	15044	15115	15281	17194	17417
153	406	3610	3975	4460	4582	4773	5857	6087	6170	6524	7468	8322	9293	10786	10992	11226	11785	12616	13051	13103	16313	17311
189	493	1237	1308	2563	3166	3974	4454	4495	4509	4746	4884	6160	6332	6679	6975	7149	7854	8207	8228	8376	9055	12490	13736	14422	16746	16893	16934	17252	17458
961	3620	3922	6469	7097	7809	8156	9087	9163	9457	9710	10382	11004	11737	12335	12779	12837	12859	13040	13584	13977	14161	14770	15319	15504	15612	15830	16029	16047	16101	16813	17065	17551
1667	4501	5540	5982	7137	7267	8089	8894	9277	9604	10526	10584	10843	12656	13984	14242	15691	15751	16704	16955	17205	17239
1668	4163	5268	5821	6147	6870	7263	7826	8174	9898	11703	12561	13257	14101	15904	16984	17546
246	457	3211	3474	3673	4866	4974	6073	6811	6872	7405	8061	9286	11009	11960	12256	13854	15583	16229	16243	16530	17451
602	3021	3571	3776	4214	4415	4616	4768	4926	5534	6280	6564	6762	6957	7653	7686	7784	8120	8900	9329	11805	12430	12644	13121	13357	13595	13883	14745	15104	15512	15795	16947	17134
1968	2287	2587	2589	3337	4920	6329	7814	8135	8523	8998	9501	9664	10027	10701	11665	12272	12927	13096	13930	14170	14293	14799	14850	15053	15833	16341	16710
2272	4112	4307	4712	5446	7387	7867	8041	8063	9651	10302	11054	11690	12760	13566	13681	13885	13891	13901	14090	14099	14334	15124	15297	16592	16620	16648	17341
1010	2986	3401	3525	5958	6107	6572	6779	7594	7805	8197	8438	9027	9868	9961	10914	11174	12279	12703	15748	15776	16057	17058	17280	17360
603	4308	5469	6488	7708	8649	9561	11264	11916	13034	13411	14642	14904	15102	15804	16512	16832
646	3855	5015	5598	6468	7435	7486	7872	9596	10304	11051	11471	15847	16328
881	1011	1144	2926	3157	3526	3934	4357	4504	4875	5056	5874	6971	7433	7741	9077	9195	9814	9958	10255	11371	12915	15250	15383	16426	16445	16492	16553	16562	17499
1669	2900	3147	3199	3365	3725	3745	4457	4993	5041	5132	6033	6162	6485	6771	7806	7811	7856	8034	8227	8498	8528	8746	9611	9743	10109	10207	10418	10858	11102	11977	13162	13604	14472	15353	16220	16321	17153
346	552	731	778	831	933	1145	1211	1290	1568	2564	2933	3150	4440	4538	4623	5715	6590	6673	6837	6879	7399	7936	10607	10655	10966	11108	11280	11541	12189	12540	13354	15282	15430	16231	16691
247	3084	5330	6331	6624	7053	7458	7512	10416	10908	10911	11142	11610	13782	15360	16671
248	458	3288	3880	4122	5613	6356	7284	7736	8202	8793	9412	10042	10244	10256	12967	13064	14247	15484	16016	16656
249	459	2939	3413	3778	4559	4903	5028	5236	5493	6389	6675	7282	7745	8119	8129	8603	9413	10064	10565	10980	11521	11619	12330	13143	13232	13385	14190	14894	15054	15065	16267	17018	17231
2284	4223	5299	6294	6599	7281	8196	8412	8496	9517	10061	10265	10634	10752	11060	11133	11363	12036	13555	13846	14890	15803	15927	16904	17124	17383
572	591	684	882	1012	1146	1404	1594	1632	1879	1898	1919	2045	2064	2083	2122	2228	2254	2322	2447	3015	3267	3362	3431	4855	5010	5151	5450	5978	6914	8470	8479	9048	9171	9906	10706	10941	11394	11635	12348	12790	12819	13212	13848	14705	14938	15788	15798	16438	16755	16961
91	573	592	685	883	1013	1147	1595	1633	1880	1899	1920	2046	2065	2084	2123	2229	2255	2323	2448	2952	3751	4844	5460	7983	8273	10067	10106	10126	10354	10930	11598	11607	12176	12239	12379	12423	13279	15189	15969	16148	16354	17150	17209
175	3107	3671	4586	5012	5232	5406	6552	7561	8096	8635	9456	9608	10899	11106	11342	11720	12048	12709	12972	13000	13346	13375	13953	15047	16703	16858	16921
178	3808	4227	4234	4894	5073	5724	6641	6918	7671	8086	8420	9913	9973	10205	10626	11790	12562	13429	13783	14135	14539	15089	15420	15980
1524	1747	1964	2094	2261	2906	3506	3581	4011	4444	6367	8229	8449	10199	10242	10623	11237	13568	13677	15528	16865	16916	17508
476	1327	1859	2507	3440	4834	5039	5292	5662	5739	6492	6533	7773	8327	9551	10120	10411	11918	14683	15300	15628	16093	16169	16391
1839	3452	3606	4131	4446	4643	5635	5712	6109	6655	7558	7564	9526	10228	12086	12378	12560	13118	13237	13294	13405	13964	14164	14330	15183	15423	16044	16100	16111	16521	16733
347	553	732	779	832	934	1148	1212	1291	1569	2565	4530	4699	5297	5454	5616	6017	6575	7957	8558	8779	8950	9121	9128	9250	9626	9701	10420	13365	14199	14760	16084	16130	16154	16938	17155
1840	3075	3321	3446	3471	4184	6287	6940	7474	8068	8221	8708	9411	10253	10660	11335	12043	12300	13098	13105	13519	13811	13959	15081	15257	15932	16491	17082
1841	2956	3393	6115	6887	7375	8637	8906	9384	9652	10646	10864	10958	11276	11611	12263	12653	12780	13047	13603	16001	16027	17148	17352
154	4876	4958	5731	5783	6053	6365	6756	7759	9071	9185	9514	9524	9772	10139	10189	10974	11464	11483	11559	11651	12123	12381	12525	12679	13059	13468	13695	14063	14653	15188	16397	16550	16779
250	460	4569	5263	6569	7460	7728	8008	8269	8648	8868	10652	11384	12358	14988	15364	15989	16008	16634
1842	3008	3584	3693	4490	4693	4784	4848	4851	5940	6260	6452	6946	7110	7752	7945	8075	8154	8403	8544	8860	9179	9480	10740	10775	10925	12234	12633	13509	14349	14732	14971	17224
195	2975	3001	4095	6054	6680	8159	8764	8786	9259	9711	9858	10005	10237	10286	10449	10509	11017	11724	12293	13076	14147	14703	14877	16276	16335
1670	2901	3087	3281	3578	4217	4513	5440	6734	8131	8329	8446	8976	9134	9260	9436	9504	9999	10595	11444	11628	11964	11966	13149	13286	13341	13593	13979	14430	14496	14863	15820	17047	17453
1843	3230	4959	5103	6394	7852	9342	11062	11330	11416	11696	11946	12987	14070	14113	16042	16065	17513	17525	17550
155	407	2931	3027	3646	3696	4243	5885	6298	6531	6614	6686	7033	8600	10381	10446	10491	11667	12521	16558	17434
348	554	733	780	833	935	1149	1213	1292	1570	3202	3269	3818	3997	4145	7286	7509	7614	7626	8761	9247	10349	10976	11090	12973	13122	13560	14204	14307	16838	17404	17520
1671	3543	3892	4239	4283	4604	4714	4925	5355	5629	5939	6022	6538	6665	7452	7873	8724	8857	9573	9936	10268	10325	11450	12164	13344	13514	14518	14627	15078	16401	16715	17162	17294	17300
2703	3170	4109	4146	4398	5137	5575	6900	8144	8319	9417	9601	10312	10586	11555	12406	12700	13272	13538	13633	13721	14333	14867	15374	15599	15681	16679	17136
946	3336	5130	6369	7807	9018	9290	9679	10564	10662	10785	10853	11857	12486	12547	12750	13567	14171	14682	17375
251	461	3257	3479	5486	5489	5558	5749	5953	5975	6008	6729	8349	9345	9393	11378	12468	12484	12532	12894	12991	13531	13975	14519	14897	15018	16458	17368	17414
2285	4107	4458	5607	5843	5979	6165	6489	7410	7533	7710	8213	8627	10719	11576	12326	13569	13713	14925	15326	15535	15805	16005
647	3691	3961	4722	5194	6435	8465	8967	9207	9237	10596	10885	11906	13456	13474	16356	17376	17494
92	3490	4469	6218	6229	6306	6411	9556	10934	11268	14144	14370	14573	14924	15344	15813	16349	17119
