0	1	2	3	4	5	6	7	8	9	10	11	12	13	14	15	16	17	18	19	20	21	22	23	24	25	26	27	28	29	30	31	32	33	34	35	36	3271	4042	4133	4562	5168	5325	5678	5845	6310	6358	6457	8590	9008	9099	9726	10765	10849	10926	11483	11608	12751	12905	13102	13428	13449	13691	14513	14769	15741	16148	16217	16298	17030
37	38	39	40	41	42	43	44	45	46	47	48	49	50	3107	3259	3263	3563	3593	3867	4157	4456	5150	5170	7392	7494	8420	9076	9116	9579	10253	10391	10836	12124	12609	12666	12812	13964	13972	14235	14243	14309	15901	16259	16780	17040	17222
51	52	3018	3135	4161	4486	4798	5054	5189	5265	5770	5822	6154	6541	7040	7594	7908	7980	8536	9837	10309	11082	11397	11834	12847	14386	15410	15564	16365	16383	16872	16893
53	54	3126	3315	3994	4043	4398	4682	4687	5032	5033	5165	5389	5434	5489	5866	6106	7930	8213	8607	8638	10077	10624	12301	12309	12877	12914	14153	15674	16098	16534	16955	17182
55	56	3111	3399	3797	4765	5015	5270	5462	6477	6504	7048	7264	7609	10846	10989	11136	11696	11755	12261	12463	12903	13511	13846	13921	14136	14796	15178	15294	15720	15829	16775	17279
57	58	59	60	61	62	3392	3506	3964	4285	4714	4752	4803	4826	5071	5287	5477	5950	6557	6598	6751	6893	6897	7717	7771	8217	8400	8739	8947	9128	9897	10271	10272	10444	11028	11103	14230	14899	15125	15838	16533	16582	16681	17497
63	64	4294	4842	5554	6699	6782	6938	7337	7719	7866	8023	8266	8810	9280	9400	10172	10458	12603	13461	13525	14349	14822	15488	15724	16162	16676	17492
65	66	67	68	69	70	71	72	73	3901	4044	4507	5512	5617	5651	5704	6028	6095	6298	6602	6650	6894	7678	7688	8424	8966	9072	9178	9364	9825	10705	10813	10826	10960	11162	11206	11305	11793	12024	12495	12586	12951	13430	13583	13758	13840	14110	14193	14264	15402	15834	16004	16107	16304	16666	16699	16931	17404	17480	17508
74	75	76	2985	3070	3992	4345	5774	6414	7727	7807	8338	8498	9111	9239	9695	10395	11258	11484	11555	11574	12188	12550	14115	14711	14991	15122	15629	15653	15966	16400	16858
77	78	79	80	2942	3358	3368	3903	4557	5996	6076	6449	7076	7758	7878	8018	8254	8534	8873	10142	10497	10525	10815	11132	11593	11711	12179	12852	14269	14971	15925	16904	17352	17424
81	3032	3041	4142	4218	5714	6098	6663	7628	8249	8942	9513	9610	9657	9757	9999	10164	10531	10981	11085	12432	12685	13289	13489	13805	13993	15119	15673	16333	16415	16773	17011
82	83	84	85	86	87	88	89	90	91	92	3157	4286	4583	4930	5086	5403	5411	5461	5468	5610	5711	5730	6051	6315	6736	6832	6941	7095	7322	7657	7732	8026	8194	8625	9207	9485	10207	10812	11998	12118	12128	12441	12739	12864	14447	15850	16061	16111	16673	16907
93	94	3037	3699	4452	4496	5163	5279	5443	6866	7472	9032	9221	10558	10561	10716	11442	11901	13030	13169	13514	13597	14128	14532	14694	14940	15274	15535	15580	15746	17009	17190	17324	17550
95	96	97	98	99	100	101	3022	3303	4705	4942	5490	6177	6230	6478	6954	7251	7614	7799	8196	8401	8592	8700	8703	9624	10726	11309	11372	12037	12218	13420	13668	13747	14023	14140	15272	16007	16147	16892
102	103	104	3147	3221	4716	6405	6521	6561	6728	7039	7645	8295	8337	8393	9194	9216	9314	9732	9884	10336	10763	10803	11404	11572	12374	14342	14798	15022	15229	15385	16083	16618	17157	17373	17503
105	106	107	108	109	110	111	112	113	114	115	116	117	118	119	120	121	122	123	124	125	126	127	128	129	130	131	132	133	134	135	136	137	138	139	140	141	142	143	144	145	146	147	148	149	150	151	152	153	154	155	3226	3264	3946	3991	4271	4579	4804	4912	5038	5748	5948	6319	7034	7059	7153	7356	8046	8546	8784	9557	10129	10593	11733	13605	14360	14558	14649	14834	15137	15518	15796
156	3162	3669	4539	4768	5456	6048	7669	8977	9308	9410	9985	10844	12103	12521	12528	12843	12993	13019	13045	13271	13709	14314	14750	15313	15551	16630	17076	17188
157	158	4935	5010	5339	5535	5706	6407	6526	6716	6918	7236	8047	9163	10295	13726	14130	14486	15185	15825	17344
159	160	3408	3617	4063	4102	4783	5426	6338	6696	7772	8150	8535	8583	8902	10237	10335	10681	12784	12966	14252	14603	14757	15271	15572	16013	16263	16351	17171
161	162	163	4301	4593	4785	5057	5788	6009	6253	6486	6889	6979	7087	7092	7112	7306	7613	7925	8120	8611	9053	10937	11060	11487	11990	12363	12471	12630	12925	12934	13591	14173	14671	15555	15560	15861	16184	16192	16527	16596	16944	16946
164	3612	3706	3769	5072	5377	5511	6474	6881	7063	7376	7482	8114	8554	8565	8857	8996	9055	9150	9528	9560	9722	11204	12373	12375	12983	13860	14050	14108	14629	15979	16755	17236	17478
165	2963	3217	3636	3870	4852	5621	6529	6988	7654	8211	9047	9171	10002	10275	11184	11912	12015	12186	12284	12808	12933	13060	14660	15318	15872	15964	16045	17242
166	167	168	169	170	171	172	173	3270	3961	4421	5504	5574	5674	6082	6365	7205	7409	7566	8482	8707	9300	9604	10779	11300	11695	11905	12886	14089	14544	15044	15524	15792	15879	16293	16399	16422	17284	17336	17345
174	175	3320	3416	3737	4592	4936	6141	6357	6576	6611	7768	8006	8071	8991	9511	9938	10070	11378	11589	11621	11685	12308	12763	12869	13114	13448	13958	14271	14338	14569	14668	14793	14894	15289	15610	15750	16437	16556	16837	16875
176	3527	4038	4219	4840	5208	5274	5981	6425	6713	6987	7527	7552	7837	7945	7982	8156	8712	8778	8824	8949	10050	10257	10839	10854	11218	11898	12025	12426	12512	12589	13313	13411	13678	13785	14785	16826	16834	16969	17066
177	178	2941	3570	3786	4310	4793	5356	5807	6123	7155	7219	7272	8444	8952	9091	9335	9383	9387	9635	9930	10368	10401	10931	11419	12749	13875	14464	14607	15113	15726	16568	16698	16835	17435
179	180	181	182	183	184	185	186	187	188	189	3304	3346	4710	6267	6732	6982	7035	7206	7914	8483	8589	9007	10005	10360	10405	10592	10775	11069	11650	11776	11908	13099	13330	13504	13932	14161	14592	14886	15411	17249
190	191	192	193	194	195	3772	4106	4170	4274	4275	4668	4751	4864	4884	5278	5451	5587	5838	5944	7769	8354	8375	9083	9258	9437	9576	9653	9815	10269	10506	11037	11509	12117	12766	13123	13235	13740	13913	14069	14324	15889	16344
196	197	198	199	200	201	202	203	204	205	206	207	208	209	210	211	212	213	214	215	216	217	218	219	220	221	222	223	224	225	226	227	228	229	230	231	232	233	234	235	236	237	238	239	240	241	242	243	244	245	246	247	248	249	250	251	3849	4033	5058	6023	6217	7043	7132	7833	8372	9105	9842	10044	10664	11018	11282	11649	12390	13136	13767	13814	14042	14981	15367	17288
252	253	3610	4119	5056	5073	5317	5991	7567	7608	7806	7957	8767	9101	9175	10153	11583	12114	13236	13364	13376	13542	13644	14586	14608	15082	15942	17042	17501
254	255	256	257	258	259	260	261	3168	3766	5694	5821	5922	6205	7026	7569	8255	8560	8612	8771	10015	10522	10778	11452	11797	12135	12462	12504	12883	13717	14824	15330	16078	16209	16753
262	263	264	265	2947	4550	4924	6783	6903	7334	7910	8566	8584	8833	9882	11186	11274	11859	13532	14318	14666	14734	14961	15106	15208	15876	16225	17107	17488
266	267	3090	7011	7064	7250	7279	7875	8165	8271	8748	9355	10055	10282	11552	12090	12553	12705	12804	13002	13073	13255	13617	14059	14074	14212	14363	14390	14582	15336	15683	15921	16182	16592	17235
268	269	270	271	272	273	274	275	2944	4054	4183	4328	4523	5436	6528	6593	7257	7955	8317	8967	9463	9858	10173	10332	10440	10673	11252	12529	13693	14257	15473	16019	16227	16569	16732
276	277	3630	4077	4806	4889	5373	5419	5908	5915	6242	6462	6570	7283	7662	7740	8102	8374	8627	8918	9697	11304	12089	13468	13807	13950	14070	14351	14413	14709	14744	15291	15891	15918	16419	16870
278	3243	3517	3522	4708	5089	6030	6160	6220	6753	7150	7312	7981	8505	9153	9394	10997	11330	11605	12639	12704	13064	13966	14933	16350	16468	16660	17441
279	280	3171	3486	4100	4182	4344	4525	4618	4683	4908	4926	5393	5581	5888	6275	6364	7300	7595	7909	8190	8605	8693	8722	8743	9706	9869	10483	11526	11612	12353	12842	13608	14429	14576	14644	14919	15011	15165	15213	15836	16296	16584	16799	17002	17328	17363
281	282	283	284	285	286	287	288	289	290	3167	3503	3670	3927	5107	5440	6055	6815	7058	7554	7693	8000	9671	10225	10511	10724	11045	11321	11344	11348	11653	11765	12048	12428	12434	12846	13146	13690	14208	14256	15056	15740	15988	16117	16274	16851	16986
291	292	293	294	295	296	297	298	299	3238	3496	3965	4078	5090	6184	6346	6395	6441	6902	8230	8231	8392	8408	8432	10047	10066	10090	10194	10603	10881	11017	11897	12549	12939	13301	14206	15586	15794	16211	16784	16798
300	301	302	303	304	305	3434	3957	4061	4762	5907	6592	8033	8324	8351	8517	8666	9566	9699	10834	11429	11882	12220	12299	12598	12724	13379	13446	13526	13558	13779	14507	15638	15806	16097	16644
306	307	308	309	310	311	312	313	314	315	316	317	318	319	320	321	322	323	324	325	326	327	328	329	330	331	332	333	334	335	336	337	338	339	340	341	342	343	344	345	346	347	348	3056	3061	3227	3284	3344	3348	4841	5306	5314	5606	5767	5982	6789	7037	7120	9432	9555	9978	10400	10848	11364	11676	12254	13021	13756	13765	15000	15074	16030	16662	16694	16721	16741	16985
349	350	351	352	353	354	355	356	2961	3345	3690	4325	4874	5214	5253	5441	5608	5693	6531	6823	6834	7031	8218	9125	9272	9943	11297	12267	12671	13233	15219	15403	15782	15900	16768
357	3781	4283	5185	5532	5663	6085	6282	6666	7182	7222	7412	7460	7829	8443	8562	8586	8750	9967	10013	10017	10175	10278	10753	10939	11314	11466	11478	11743	11782	11888	11993	12142	14598	14688	15206	15416	15533	15606	16186	16197	16314	16788	17548
358	3660	4490	4514	5345	5806	5843	6269	6427	6778	6857	7263	7828	7830	8019	8356	8822	9121	9430	9939	10087	10323	10550	11182	13753	13968	14062	14567	14999	15034	15052	15611	16359	16853
359	3089	3133	3253	3283	3642	3958	4651	4757	4949	4962	5294	5667	6548	6858	7478	8014	8216	8488	8493	10028	10574	10969	11224	11255	11415	11777	12729	12780	12936	13189	13406	13890	14562	14849	15558	16760	16808
360	361	3973	4472	5007	5215	6078	7008	7161	7737	7892	8112	8309	9316	9357	9893	10443	11047	11576	11698	11785	12055	13308	14719	15734	15832	15886	16031	16048	16064	16285	16805	17127	17153
362	4330	4527	5074	5162	6331	6627	7691	8290	8510	8549	8597	9506	9527	9612	9982	10072	10265	11039	11317	11657	11659	12178	12289	12464	12752	13342	13891	14001	14226	14800	15494	15616	15978	16664	16961	17321
363	3186	3436	4155	4346	4458	4860	5093	5368	6064	6162	7108	7425	7607	7690	7800	8072	8523	8642	8661	9273	9318	9600	9712	9969	10457	10583	10652	11034	11138	12720	13000	13311	13362	13391	13823	14362	14403	15311	15854	16475	16529	16847
364	365	3375	4632	5005	7798	7893	8906	10091	10135	11831	12605	13399	13933	14653	14980	15366	15948
366	367	368	369	370	371	372	373	374	375	376	377	378	379	380	381	382	383	384	385	386	387	388	389	390	391	392	393	394	395	396	397	398	399	400	401	402	403	404	405	406	407	3203	3586	3589	4213	4572	5213	5624	5725	7849	8480	8755	9173	10258	10695	11455	11918	12081	12414	13195	13636	13881	14533	14777	15736	16438	16555	16979	17350
408	3472	4581	5638	5826	6041	6142	6200	6502	7480	7541	7770	7973	8939	8969	9107	9456	9616	11175	11477	11563	12067	12209	12901	13339	13820	14433	14698	14774	14916	15176	15244	15626	16991	17359
409	410	3907	3950	4220	4723	5987	6026	6971	7246	8029	8870	9146	9167	9424	10084	10933	11015	13196	13387	13506	13607	13959	14190	14468	15296	15451	15546	15849	15962	16518	17224
411	412	3141	3628	3852	4956	5553	5856	6182	6643	7439	8359	8894	10014	10907	11195	11245	11803	12134	12180	12263	12380	12469	13171	13394	13648	13873	13923	14536	15744	17341	17416
413	414	415	416	417	418	419	420	421	422	423	424	425	426	427	428	429	430	431	432	433	434	435	436	437	438	439	440	441	442	443	444	445	446	447	448	449	450	451	452	453	454	455	456	457	458	459	460	461	3456	3538	4019	4130	5935	6052	6158	6468	6476	8606	10208	10301	11076	11318	11754	12253	12279	13068	13509	13619	13951	14297	14388	14539	14936	14974	15099	15783	16578
462	3015	3075	3729	4081	5343	5926	6307	6533	6691	6760	6892	7104	7220	7890	8585	8745	9374	9453	10331	10637	10707	10829	11369	12161	13262	14374	15821	16166	16373	16538	16990	17049
463	464	3687	5193	6127	6137	6368	6814	6818	7075	7518	10023	10260	10402	11399	11953	13028	13304	13439	13490	13556	14016	14282	15045	15908	16431	16818	16842	17459	17473	17517
465	3033	3581	3662	4108	4415	4886	5182	5366	5647	5960	6693	7097	7317	7462	7671	7898	8009	8123	8327	8465	8653	9020	9492	10344	10500	10586	10766	11294	11316	11325	11944	12167	12660	14194	14215	14635	14689	14869	15393	15594	15644	15959	16688	16827
466	3301	3822	3865	3967	4510	5681	5855	6083	6179	6389	6495	6701	7160	7447	8089	8314	8495	9159	9507	9590	10408	11286	11361	11596	11930	13204	13894	14113	14277	15261	15341	15509	16581	16850	16900	17343	17362
467	468	3169	3207	3665	3988	4288	4441	5759	6274	6399	6719	7516	7584	8187	8201	8320	9132	9195	9462	9539	11235	11250	11713	12066	12120	12217	12948	12956	13043	13777	14969	15319	15332	17021
469	3201	3476	3720	3887	3978	4721	5155	5160	5210	5751	6209	6279	6384	6489	7535	7746	7780	7803	8004	8137	8366	8819	9262	9366	9613	10890	11519	11920	12453	12754	13703	14356	15263	15316	15819	16474	16549	16609	16683	16736	16932	17015	17158	17173
470	3237	3763	4376	4383	4463	4767	4777	5484	5682	5879	6069	6096	6147	6323	6456	6742	6924	7017	7301	8110	9133	9380	9826	10113	10306	10459	10793	11883	12049	12475	12710	12998	13211	13288	14095	14497	14563	15014	15072	15171	15308	15592	15670	16634	16942
471	472	4493	4681	4742	4880	4960	5006	5011	5082	5169	5514	5765	5801	5839	6033	6073	7231	7544	7721	8344	10080	10520	12781	13652	13764	14057	14741	14990	15142	15590	15608	16001	16109	17149	17293
473	474	475	476	3340	4162	4773	5234	5570	6735	6939	7389	7612	8246	8447	8595	8730	8826	9606	10968	13175	13541	13677	13974	14052	15155	15493	15562	15811	16140	16517	16668
477	478	479	480	481	482	483	484	485	486	487	488	489	490	491	492	493	3017	3051	3154	3180	4248	5045	5463	5699	5773	5799	7402	7424	8084	8163	8463	10128	10267	10406	10651	10713	12036	12197	12999	13118	13335	13849	14040	14177	14511	14878	15489	15561	16210	16391	16412	16641	16770	17006
494	495	496	497	498	499	500	501	502	503	504	505	506	3521	3733	3866	3920	4624	4862	5414	6555	6841	7440	7485	9449	9942	9960	10547	10702	10889	11725	12633	12696	12975	13451	13533	14155	14469	15049	16795	17138
507	3545	3799	5328	6581	7641	8412	8853	9315	9927	10193	10855	11199	11310	11380	11545	11938	12303	12971	13310	13367	13590	14448	15340	15791	15852	16105	16151	16341	17164	17278	17498
508	509	3564	4642	4673	4897	5556	5846	6808	6946	7538	8518	8859	9165	9739	10866	11212	11374	11472	12539	13373	13915	13944	15180	15383	15864	16427	17008	17445	17490
510	3829	4032	4123	4177	5131	5455	6134	6342	7090	7816	7824	7843	8016	8176	8280	8439	9033	9222	9491	9715	10845	11582	12351	12621	13252	13287	13445	14326	14515	15016	15146	15379	16819
511	512	513	514	515	516	517	518	519	520	521	522	523	524	525	526	527	528	529	530	531	532	533	534	535	536	537	538	539	540	541	542	543	544	545	546	547	548	549	550	551	552	553	554	3700	4335	5936	5946	6015	6811	6896	7975	8124	8702	8799	9501	9584	9644	9765	10125	10553	10656	12177	12511	12571	13018	13565	13706	14571	14781	15103	15386	16161	16486	16696	16786	17082
555	556	557	558	559	560	561	562	563	564	565	566	567	568	569	570	571	572	573	2980	3172	3404	3851	4007	4128	4234	5188	5435	5519	6361	6619	7100	7282	7585	7697	7815	8502	8868	9856	10700	11392	11762	12270	12554	12613	12947	12990	13210	14499	14937	14966	17213
574	575	576	577	578	579	580	581	582	583	584	585	586	587	588	589	590	591	592	3467	3727	3940	4508	4589	4707	6092	7407	8360	9130	9161	10507	10729	11951	12042	12193	12198	12421	12676	12992	13155	13167	13268	13302	14111	14253	14368	14545	14803	15361	15448	17466	17502
593	594	2992	3029	3134	3542	3976	4235	4534	4958	5650	5789	5883	6044	7519	7996	8509	9184	9618	9965	10203	10403	10786	11747	12027	12150	12320	12474	12625	12856	13812	14031	15039	15112	15716	16426	16654	17312	17330
595	3211	3429	3658	3897	4674	5336	5877	7483	7633	8487	8837	10200	10841	10936	11100	11303	11362	11516	11988	13033	14391	14672	16327	16710	17452
596	597	2996	4669	6176	7152	7512	7750	7754	8105	8571	8835	9269	9645	10195	10311	11926	12919	13457	14287	14727	14829	14992	15435	15762	16188	16222	16335	16531	17296	17428
598	599	600	601	602	603	2978	3297	3317	4018	4354	4417	4602	4635	4857	5446	5558	5589	5823	6062	7361	8128	8499	8790	8861	8885	9592	10120	10224	10245	10348	10614	11030	11031	11123	11176	11382	11624	11742	11848	12072	12130	13452	14123	15484	16168	16583	16920	17314
604	605	3108	3832	4092	5792	7623	7993	8136	9483	10494	11080	11102	11312	11773	12133	12389	12727	12821	12844	13082	13462	13548	13804	15040	15660	15665	16667	17311	17327
606	607	3119	3343	4165	4338	4357	4769	4969	5357	6702	6703	7045	7568	8130	8423	8477	9444	9499	9821	10417	11363	11485	11705	13260	13493	13733	13941	14014	14112	14521	14712	14959	15092	15202	15333	16366	17074	17183	17539
608	609	610	611	612	3432	3906	3956	4105	4836	5052	5929	6197	6212	6697	6947	7138	7198	7630	7648	8034	8135	8282	8436	9070	9531	10922	11350	12077	12830	12833	12859	13034	13444	13746	13773	14029	14445	16215	16471	16836	17000
613	2958	4029	4649	4663	5186	5572	5976	5988	6104	6165	6496	6869	6950	7327	7415	8109	8643	9021	9321	9509	10151	10169	10250	10268	10484	10915	12257	12604	13044	13803	14341	14371	15342	15434	16028	16165	16342	16530	16866	16890	17204
614	615	616	617	2939	3351	4171	4221	4770	5018	5669	5916	6191	7066	7313	8652	9338	9846	9929	10241	10573	11054	11173	11662	12343	12490	13074	13748	14471	14677	14891	15635	16239	16339	16687	17271	17355
618	619	620	3396	3427	3430	3468	3854	4151	4445	4459	4528	6007	7510	7999	8557	8660	9016	9154	10670	10674	10868	10953	11577	11630	12149	12316	13203	13557	13920	14056	14417	14892	15242	15646	16651	16743
621	2974	3604	3795	3971	4375	4987	6538	6772	6994	7127	7548	7755	7763	9129	9138	9296	9298	9572	10289	10476	10887	11590	13673	13908	14530	14541	14606	15536	15867	15914	15974	16620	16735
622	2999	3405	3504	3782	4046	4144	4451	4633	4986	5709	7057	7062	7140	8818	9183	9249	11884	12492	12611	14304	14479	15053	15267	15287	15343	15777	15835	16353	16478	16485	16672	16945	17325	17379	17390	17538
623	624	3122	3863	4059	5445	5804	6074	7373	7433	7617	7929	8025	8385	8511	8816	9000	9198	9204	9210	10189	10869	10913	11643	11745	12104	13635	14453	16913	17059	17318	17413
625	626	2928	3448	3623	3798	3939	4522	5295	5567	5842	6278	6459	6616	6874	6969	7109	7176	7952	8387	8783	9151	9779	10088	11158	11646	12451	12634	13628	14217	14477	14890	14947	15172	16157	16291	16832	17093	17460
627	628	3083	3540	4031	4554	4883	5040	7102	7805	7968	9749	10222	10229	10532	11073	11185	11927	12050	12736	13646	14149	14151	14211	14311	15542	16175	16265	16589	16726	17252	17436
629	3096	3144	3299	3555	3912	4636	5244	5301	5340	6334	6714	6826	7310	8024	8582	9237	9341	10796	12590	12645	12783	14254	14399	15429	15938	16040	16043	16510	16588	17504
630	3998	4250	5400	6313	7315	8076	9782	9791	9913	10548	11354	11904	12271	12450	12797	13053	13186	13503	13842	15179	15714	16585	16718	17294	17382
631	3943	4259	4574	4877	5009	5180	5386	5835	6180	7183	8708	9381	10092	10264	10769	10852	11003	11247	11292	11768	11817	12013	12644	12668	13346	13433	14508	14985	15589	15950	16499	17258
632	633	2929	3165	3387	4049	5132	5397	5576	5668	5720	5797	6005	7687	7936	8262	9857	10082	10131	10552	11078	11270	11594	11820	12337	12491	12654	12753	12945	12996	13303	13544	14147	14618	14747	15427	15510	15648	17491
634	635	636	637	638	639	640	641	642	643	644	645	646	647	2954	4792	5259	6053	6243	6349	7247	8180	8964	8990	9066	9090	9578	9608	10462	10563	10689	11370	11719	12034	12076	12121	12264	13551	13895	14473	15081	15990	16058	16155	16483	16490	17013	17163	17555
648	3654	3724	3749	4075	4538	4612	5425	5429	6771	6906	7375	7427	7536	8403	8567	8893	9039	9263	9454	9525	10326	10510	10516	10970	11618	12290	14002	14091	14621	15226	16038	16055	16879	16978	17415
649	650	651	652	653	654	655	656	657	658	659	660	661	3380	3933	4590	4675	5100	5609	5972	6471	6768	6921	7601	8798	8915	9054	9077	9085	9443	9954	10063	10304	10610	10621	10629	10934	11512	11626	11892	13863	13884	14394	14615	15338	15409	15417	15517	15573	16442
662	2998	4112	4740	5487	5743	5985	6188	6388	6655	6937	7116	7290	7364	7390	7530	8352	8736	9358	9484	9768	10358	10663	10675	11077	11261	11266	11845	11896	11958	12004	12678	13181	13270	13527	13788	13831	13981	16108	16756	17418
663	3787	4810	4879	6942	7117	8078	8379	9051	9738	9822	9906	10644	10654	10899	11194	11383	11709	12950	13057	13654	13843	14389	14456	14543	15445	15585	15622	15705	15733	16237	16532	16639	16671	17142
664	3078	3174	3458	3876	4311	4913	4974	6845	6910	7137	7501	7581	7736	7965	8032	8181	8197	8267	9013	9122	9322	10183	10469	10485	10570	11389	11396	11547	11977	12674	13191	13435	13737	14462	14918	15824	16208	16255	16966	16988	17512
665	2971	3267	3287	3595	3894	5255	5575	5836	6251	6255	6311	6974	7868	9565	9661	9861	10956	11391	11573	11826	12100	12863	13084	13520	14540	15463	15713	15986	16063	16179	16180	16716	16752	16901
666	2982	4229	4521	5143	5620	6527	6615	6692	7496	7524	8332	8860	8913	9003	9104	9588	9802	10191	11209	11523	12152	12201	12472	13190	13872	14315	14577	15161	15184	16787	17297	17474
667	668	669	670	671	672	673	674	675	676	677	678	679	680	681	682	683	684	685	3393	3499	4410	5635	5803	5966	7434	7841	8220	9270	9571	9649	9694	10221	11739	11868	11878	12092	12356	12926	12943	13967	14404	14654	15194	15344	15768	15890	15947	16952	17038	17450
686	687	688	689	3759	4141	4381	4544	4623	4823	5380	6194	6403	7593	8944	8993	9044	9798	10921	11005	12112	12636	12888	13324	14145	14375	14815	15337	15795	16189	17064	17214
690	691	692	693	694	695	696	697	698	699	700	701	702	703	704	705	706	707	708	709	710	711	712	713	714	715	716	717	718	719	720	721	722	723	724	725	726	727	728	729	730	731	732	733	3834	4191	4392	5091	5488	5623	5671	5953	6514	6730	6873	6912	6975	7367	7629	8155	8310	8532	8647	8741	8775	8850	9004	9909	10032	10240	10773	10874	11152	11638	11972	13024	13267	13294	13755	14764	15374	15395	15808	15903	16037
734	3248	3477	3608	4174	5149	6002	6058	7047	7438	7812	7985	9303	9720	10255	10571	10715	11183	11239	12779	13140	13421	13553	13618	13735	14007	14025	14306	15047	15324	15603	15707	17097	17332	17453
735	3728	4012	5316	5409	5719	6080	6460	7025	7532	7547	8005	8773	9084	9418	9719	10342	10432	10924	10954	11155	11491	11941	11970	12138	12688	13120	14575
736	2930	3305	3428	3650	3713	4096	4201	4771	5412	5818	6491	6922	7270	7379	8794	8812	8983	9117	9120	9282	9361	9628	9762	10152	10167	10604	10912	11089	11833	11853	12283	12695	12841	12909	13534	14103	14283	14319	14333	14427	15002	15025	15160	15163	16158	16435	16950	16973
737	738	739	740	741	742	743	744	745	746	747	748	749	750	751	752	753	754	755	756	757	758	759	760	761	762	763	764	765	766	767	768	769	770	771	772	773	774	775	776	777	778	779	780	3573	3882	4462	5645	5924	6824	7245	7249	7477	7507	7580	9192	9382	9469	9811	10121	10330	10668	10959	11479	12317	12325	12331	12362	12514	13441	13483	13497	13724	13876	14492	14564	14930	15881	17323	17326
781	3087	3321	3550	3717	4276	5313	5315	6404	6657	7503	7790	7888	8286	9372	9753	9868	9920	9928	10415	10642	11055	11105	11937	11947	12941	13145	13315	13393	13946	14054	14420	14444	14574	15027	15924	16076	16310	16691	17004	17046	17207	17303
782	783	784	785	786	787	788	789	3190	4659	4851	4876	5491	5563	6187	6356	6623	7526	7842	8706	8710	8797	9419	9703	10116	10513	10680	11029	11398	11789	12681	14707	14958	15355	15491	15537	16039	16295	17253
790	791	792	793	794	795	796	797	798	799	800	801	802	803	804	805	806	807	808	809	810	811	812	813	814	815	816	817	818	819	820	821	822	823	824	825	826	827	828	829	830	831	832	833	4167	5633	5777	5815	6287	6444	8912	10206	11065	11580	12232	12292	12446	12703	13409	13471	13485	13980	14395	14659	15516	15627	16249	16593	16612	16982	17032	17086
834	2957	3242	4298	4755	5353	5825	5961	7599	7785	8429	8669	8888	9189	9246	10180	11533	12738	13354	13508	13674	14066	14352	16912	17448	17484
835	836	3163	3266	4256	4500	5151	5236	5969	6112	6348	6547	6554	6587	7331	7348	7752	7845	7870	8593	8709	9113	9201	9346	9536	10186	10435	11104	11629	11721	12216	12322	12767	13530	14011	14692	14805	14996	15100	15400	15405	15593	16198	16212	16579	17121	17463
837	838	839	840	841	842	843	844	845	846	847	848	849	850	851	852	853	854	855	856	857	858	859	860	861	862	863	864	865	866	867	868	869	870	871	872	873	874	875	876	877	878	879	880	881	882	883	3069	4166	5048	6271	6574	6963	7420	8049	9068	9181	9904	10684	10697	11118	11498	11633	11734	12448	12483	12794	14406	15066	15201	15612	16258	16762	16984	17003	17120
884	3313	3323	3747	3765	4107	4464	5310	5601	5680	5700	5802	5956	6103	6206	6482	7396	7764	8258	8331	8461	8887	9389	9652	10001	10551	10739	10860	11094	11284	11670	11987	12915	13408	13419	13821	13828	14398	14686	15712	15895	15957	16077	16603
885	3891	4237	4321	4829	5065	5221	5344	5687	5887	6111	6748	7168	7244	7882	7997	8963	9545	10233	11327	11405	11737	11855	11976	12381	12725	13131	15007	15470	15727	16278	16443	16520	17475
886	887	888	889	3116	3188	3327	3373	3386	3603	4016	4039	4400	4893	5304	5322	5951	6507	6641	6729	7111	7163	7374	8397	9023	10386	10509	11011	11208	12425	12980	13331	13781	14419	14506	14850	15024	15068	15110	16402	16551	17398	17523
890	891	2964	3847	4921	5028	5639	5769	6019	6513	6563	7215	7286	7297	7528	8470	9721	9899	10830	11111	11869	12302	12369	12735	13718	15526	16103	16794	17094
892	893	3187	3215	3805	3990	4088	4442	4927	5144	6223	6264	6325	7450	7597	8982	9030	9678	9966	10757	10908	12153	12367	14075	14228	14300	14367	14493	14684	14779	15131	15600	15602	16571	17089	17339
894	895	896	897	898	899	900	901	902	903	904	905	906	907	908	909	910	911	912	913	914	915	916	917	918	919	920	921	922	923	924	925	926	927	928	929	930	931	932	933	934	935	4377	5113	5179	5387	6739	7080	7834	8059	9097	9563	9917	9972	10155	10231	10503	10582	11043	11101	11835	12158	12199	12419	12538	12965	13107	14180	15058	15520	15568	16371	16421	17167	17461
936	937	938	939	940	941	942	943	944	945	946	3889	4154	4566	5703	7670	7795	8734	8872	9289	9313	9587	10534	10805	12191	12485	12499	13660	14028	14932	15139	15771	16395	16865	16876	16894	16943	16957
947	2926	2984	3657	3845	4280	4378	4491	4604	5494	5611	6373	6390	6860	6984	7094	8832	9786	10353	10774	10925	11311	12312	12659	12991	13125	14005	14770	14908	15087	15394	16461	16748	16807
948	3415	4149	4844	5135	5796	6145	6410	6791	6951	7867	8754	8821	8922	10625	10709	10785	11421	12275	12297	12581	13269	13390	15217	15255	15476	15690	15857	15878	16637	16724	16782	17041	17155	17286
949	950	3213	3361	3908	4159	4782	5528	5541	6054	6113	6222	6485	7067	7221	7517	10059	11440	12065	12526	12814	13297	13417	13692	13918	13979	15003	16503	16507	16824	16830	17469
951	952	3008	3057	3509	3758	3923	4413	4535	4559	4890	5930	6327	7003	7029	7413	7685	7907	8782	8979	8989	9196	9276	9764	10303	10584	10853	11189	11623	12228	12708	12786	14146	14455	14610	15666	16057	16082	16616	16650
953	4424	4447	5805	6261	6511	7592	8226	8635	8863	9547	10404	11470	12047	12298	12348	12575	12577	13388	13478	14192	14213	14273	14752	15623	15639	15910	16706	16846	16911	17513
954	3510	3584	3916	5513	6011	7020	8256	8363	8520	8555	8920	9202	9395	9814	10033	10591	11506	11655	12174	12750	12795	13963	14591	15860	16543	16867	17031	17340
955	956	3626	4124	4329	4647	4774	4795	5722	6136	6418	6591	8336	8413	8758	8808	8869	9006	9127	9422	9556	9771	10053	10436	10439	11200	11296	11407	11416	11795	11863	12062	12827	13427	14848	15031	15453	15486	16354	16460	16823	16873	16935	17320	17370
957	2981	3020	3074	3082	3281	3424	4465	4540	4695	4760	4894	5008	5242	6396	7164	7403	7668	7886	8252	8283	8668	8854	9169	9414	9542	9794	10101	10599	11406	12266	12601	13216	14065	15188	15998	16269	16313	16376	16455	16820	17166	17198	17302
958	3463	4196	4945	5503	5899	5937	6254	6687	7314	7336	7426	7625	7934	8185	8416	8440	8849	9650	9990	10399	10657	10730	11766	12063	12265	12594	12839	13214	13931	13991	14234	14303	15010	15254	15773	15929	16789
959	3277	4457	4497	4587	4837	5365	5656	5685	6429	7126	7252	7295	7323	7578	7854	8908	10170	10920	13124	13422	15356	15505	15745	15784	16411	16558	16811	17113
960	2975	3909	4920	5122	5171	5582	6231	7082	7141	7576	7789	8239	8311	8485	8890	8968	9478	10334	10698	11858	12200	12510	13855	14174	14460	15772	16003	16129	16509	17217
961	3579	3864	4011	4093	4147	5502	5629	6014	6190	6749	7391	7835	8817	10009	12080	12105	13218	13276	13745	13973	14073	14480	14808	14836	15036	15345	15376	15780	15828	16132	16233	16332	16910	17075
962	963	964	965	966	967	968	969	970	971	972	973	974	975	976	977	978	979	980	981	982	983	984	985	986	987	988	989	990	991	992	993	994	995	996	997	998	999	1000	1001	1002	1003	1004	1005	1006	1007	1008	1009	1010	1011	1012	1013	4034	4518	4573	6016	6670	6807	8061	8946	9177	9647	9831	10660	11129	11157	13369	14013	14051	14702	15262	15323	15392
1014	1015	3085	3576	3653	4204	4307	4475	5247	6341	6608	7267	7488	7591	7847	8384	8496	8978	9465	10204	10226	10802	12019	12239	12669	13108	13661	14738	15243	15375	16276	16548	16766	17092	17095
1016	1017	3815	4412	4519	4719	5257	5330	5465	6133	7281	8224	9329	9905	10110	10873	11084	11169	11996	12656	13762	14529	14897	15475	16196	16695	17091	17280
1018	1019	1020	1021	1022	1023	1024	1025	1026	1027	3919	4728	4970	5201	5878	8203	8512	9404	9654	9922	10157	10357	10723	10948	11121	11214	11505	11825	12168	12176	12964	13151	13603	14753	15098	16712	17039	17169	17215	17257
1028	1029	3452	3618	4428	4580	5571	6599	6678	6698	6822	7170	7416	7476	8017	8244	8735	10035	10103	10227	12691	13484	13695	13811	13952	14035	14039	14396	14622	14624	15023	15534	16068	16201	16647	16747	17433
1030	2949	3079	3417	3764	3800	5508	5713	5783	5790	6171	6865	7012	7881	8621	9683	9711	9823	10133	11033	11346	11451	12016	12587	13205	13404	14008	14348	14426	14725	14866	15043	15127	15327	15669	16280	16492	17457
1031	3059	3352	3702	3711	4005	4607	6233	7716	8087	8184	9343	11384	12560	14223	14331	14726	15661	16130	16254	16390	16677	17037	17298	17338
1032	3276	3598	3614	4506	4537	4615	4965	5147	5211	5450	5747	6472	7024	7351	7522	8515	8717	8840	8878	8884	8997	9140	9236	9631	9784	9888	10179	10340	11984	13656	14475	14913	15920	16653
1033	1034	1035	1036	1037	1038	1039	1040	1041	1042	1043	1044	1045	3953	4036	4252	4364	4896	5521	5968	6362	6705	6759	8268	8545	10123	10246	10685	11333	11731	12291	12318	14535	14722	14765	15015	15118	15481	15544	15814	16302	16414	16559	16663	16924	17266	17511
1046	1047	1048	1049	1050	1051	1052	1053	1054	1055	1056	1057	1058	3194	3562	3601	4070	5226	5469	5561	5596	7291	7318	8167	8278	8428	9010	9096	9494	10720	10819	11323	11875	11887	12242	12502	12835	13026	13418	13791	13999	14443	15715	16070	16802	17549
1059	1060	2986	3470	3842	3872	3960	6245	6621	6654	6927	7757	8192	8474	9036	9087	9160	10249	10612	10661	11844	12123	12181	12247	12938	13185	14026	14855	15420	17084
1061	1062	1063	1064	1065	1066	1067	1068	1069	1070	1071	1072	1073	1074	1075	1076	1077	1078	1079	1080	1081	1082	1083	1084	1085	1086	1087	1088	1089	1090	1091	1092	1093	1094	1095	1096	1097	1098	1099	1100	1101	1102	1103	1104	1105	1106	1107	1108	1109	1110	1111	1112	1113	1114	1115	1116	1117	1118	1119	1120	1121	1122	1123	1124	1125	1126	1127	1128	1129	1130	1131	1132	1133	1134	1135	1136	1137	1138	1139	1140	1141	1142	1143	1144	1145	1146	1147	1148	1149	4485	5110	5283	6580	7149	10061	10124	10217	10308	10543	11167	12692	13263	13647	13919	14009	14090	14795	14851	14951	15652	15804	15994	16100	16311
1150	3269	3616	4023	4216	4363	4480	4898	5126	5598	5664	5786	6426	7068	7588	8341	8355	9094	9973	10993	11501	12862	13147	13642	13650	14137	14662	15351	15905	16358	16785	16800
1151	3009	3182	3827	4997	5766	5880	6723	6899	7363	7372	7839	8504	11125	11656	12403	13247	13613	14609	14888	14911	15578	15787	16152	16261	16613	16763	17047	17233	17438	17495
1152	3073	3097	3836	3848	3914	4394	4653	5507	5658	5660	6409	6765	7430	7862	8042	8276	9347	9440	9473	9476	9989	10701	11269	11439	11492	11546	12240	12940	13101	13144	13165	13476	13868	14182	14305	14714	15527	15767	17170	17186	17430
1153	3011	3199	3330	3911	4028	5439	5992	6637	6932	7453	7967	8389	8671	8827	9783	10205	10501	11058	11198	11410	11551	11602	11874	12536	12997	14060	14425	15368	15955	16325	16356	16860	17054	17193
1154	1155	3439	3809	4215	4228	4743	4976	4993	5217	5529	6733	7049	7712	8275	8306	8472	10076	10617	11059	11265	11326	11377	11675	11787	12229	12327	12535	12573	13069	13093	13239	13633	13712	14986	15231	15686	15760	16095	16178	16234	16545	17270	17518
1156	1157	1158	1159	1160	1161	1162	1163	1164	1165	1166	1167	1168	3544	3721	3757	4121	4832	4868	5615	6122	6344	6596	7093	7558	8051	8382	8578	9574	10659	10676	11464	11843	11867	12323	12386	12655	13049	13784	14366	14401	16081	16515	17243	17346	17515
1169	1170	1171	1172	1173	1174	1175	1176	1177	1178	1179	1180	1181	1182	1183	1184	1185	1186	1187	1188	1189	1190	1191	1192	1193	1194	1195	1196	1197	1198	1199	1200	1201	1202	1203	1204	1205	1206	1207	1208	1209	1210	1211	1212	1213	2955	3357	3441	5181	5547	5881	6855	7523	8020	8170	10598	10764	12040	13129	14568	15124	15902	15952	15968	15972	16185	17543
1214	1215	1216	3333	3552	3732	3955	4971	5272	5367	5369	5516	5614	5771	6256	6366	6943	7230	7489	7948	8834	9312	9512	9626	9754	9827	10324	10883	11035	13094	13182	13243	13852	14518	15529	15951	16297	16621	17287
1217	1218	1219	3192	3843	4255	6089	6266	6622	8236	8985	9073	9391	9477	9807	9919	10060	10104	10523	10575	11557	11956	11957	12224	12358	12424	13139	13152	13277	13771	14561	16956	17272	17348
1220	1221	3464	3495	3515	3725	3892	3959	4129	5123	5174	5291	5910	7487	8294	8307	8766	8984	9448	9489	11081	11222	11942	12205	14385	14560	15513	15818	16080	16379	16999	17268
1222	1223	2993	3802	4546	4552	5859	6467	6484	6523	6886	7319	7661	7818	7983	9497	9948	10451	10578	11567	11581	11907	12755	13392	13663	13935	16226
1224	1225	1226	3326	3332	3501	4126	4206	4484	4601	5062	5115	5273	6442	6662	7139	7192	7783	7913	8323	8829	10242	11249	11710	12515	12651	12822	16170	16349	16454	16877	17103	17516
1227	2995	3680	5080	5284	5518	5689	7792	7832	9067	10712	10865	11683	12137	12360	12438	12726	13768	14024	14312	14696	14733	15220	15501	15809	16190	16326	16375	16754	16815	17347	17427
1228	3300	3466	3627	3671	4406	4517	4764	5245	5733	6565	6649	6711	7179	7466	7627	8777	10243	10274	10447	10878	11367	11394	11463	11838	11959	11979	11982	12088	13337	13962	14581	15981	16137	16757	17342	17366
1229	4082	6056	6335	6804	6917	7262	7932	8259	8641	8962	9106	9319	9554	9656	9976	10020	10202	11090	11806	12410	12732	13793	14409	14594	14670	14889	15999	16260	17136	17376
1230	1231	1232	1233	1234	1235	1236	1237	3473	4172	4598	4628	5264	5375	5727	6208	6767	6908	7129	7804	9224	10174	10519	11338	11365	11792	11865	11943	12377	13645	15037	15306	15693	16102	16896	17377
1238	1239	1240	2967	3704	4127	4460	4476	4619	5300	5787	5891	6302	6475	7086	7088	7147	7175	7912	8302	8450	9581	9734	10148	10313	10413	10461	10711	12192	12439	12516	12881	14392	15033	15382	15735	16094	16513
1241	1242	3025	3233	3533	3551	3637	3722	4961	5605	5734	5840	6308	6884	7557	7652	7827	8506	9208	9675	9864	10502	10554	10885	11507	12559	12580	12583	12854	13163	13425	14010	14071	14124	14344	14826	15798	16012	16205	16465	16547	17372	17476
1243	1244	1245	3407	3549	3744	4236	4370	4448	6130	6642	7682	9242	9935	9944	10686	10759	10986	11219	11428	11444	11489	13241	14359	16396	16546	17319	17510
1246	1247	2987	3003	3296	3366	3692	4209	4340	4443	6387	6612	7172	7786	8057	9209	9332	9945	11163	11187	11475	11818	13402	13440	14948	15659	16377
1248	1249	2948	3444	3592	3740	3804	4232	4786	6463	7190	7636	8188	9413	10875	10919	11091	11423	12332	12861	13885	13949	14079	15805	16491	16728	16919	17462
1250	1251	1252	1253	1254	1255	1256	1257	1258	1259	1260	1261	1262	1263	1264	1265	1266	1267	1268	1269	1270	1271	1272	1273	1274	1275	1276	1277	1278	1279	1280	1281	1282	1283	1284	1285	1286	1287	1288	1289	1290	1291	1292	3390	3689	4501	5560	5785	6241	6750	6835	7209	8038	8144	8350	8650	8801	9561	9844	10146	10486	11001	11288	11357	11488	12345	12470	15199	16708	16821	17018	17028	17265
1293	1294	1295	1296	1297	1298	1299	1300	1301	1302	1303	1304	1305	1306	1307	1308	3084	3158	5691	5692	5911	6708	6990	7525	8121	9331	9830	10958	11248	12083	12411	12503	12836	13088	13119	13976	14292	14871	16181	16216	16281	16636	17483
1309	3236	3631	4253	4350	4553	5276	7474	7899	8622	9147	9307	9379	9407	10140	10466	10601	11061	11228	11446	11493	12294	12824	12957	13096	13132	13996	14478	14825	15026	15506	16656	16751	16771	16888	17216
1310	1311	1312	1313	1314	1315	1316	3095	3196	3255	3316	3447	3461	3531	3779	4395	5229	5466	5472	6087	6140	6595	6925	7647	7689	10069	10496	10600	11051	11068	14189	14812	14880	15084	15919	16052	16160	16453	16883
1317	3016	3146	4801	5994	6455	6680	6788	7233	7900	8060	8455	8489	8494	8613	8747	8926	9250	9434	9515	9974	10294	10751	11021	13366	13897	15197	16143	16448	16776
1318	3278	4390	5202	5957	6674	7470	7471	7797	8410	8665	8950	9438	9667	10026	10198	10832	11002	11889	12170	12496	12506	13249	13374	13472	13563	14299	14501	16059	16183	17192
1319	3372	3411	3790	4711	6040	6542	6775	6816	7939	8987	10029	10481	10609	11024	11827	12099	12430	12649	13133	13295	14063	14357	14450	14483	14749	14835	15645	16251	16495	16600	16705	17152
1320	3058	3505	3679	4368	5438	5864	5997	6803	6836	7404	7514	7622	7902	7923	8149	8527	8577	8655	9402	9490	9692	9975	11595	11783	11813	12005	13924	13985	14459	14565	14619	14700	14809	15230	15757	16060	16432	16659	17050	17195	17493
1321	3465	4699	6265	6766	7000	7254	7508	7702	8315	9088	9205	10190	10539	11482	12478	13280	13516	13651	14369	15322	15649	15971	16163	16781	16838	17080	17105	17381	17530
1322	2936	3066	3715	3979	4160	4909	4992	5101	5499	5515	5995	6150	6603	7158	8054	8068	9112	9534	9538	10293	10398	10411	10472	11234	11400	11872	12058	12850	12868	12959	13477	14000	14643	15310	15837	15848	16026	16146
1323	3311	3349	3571	5261	5772	7674	7956	8052	8431	8467	8630	10007	10542	12213	12693	12913	13266	13829	14799	14950	15631	16246	17130	17315	17526
1324	1325	1326	1327	3042	3279	5231	5578	5938	6155	6840	6852	7226	7784	8347	9143	9354	9679	9896	10433	10596	10649	11690	11708	12145	13385	14612	14634	14642	14647	14756	15721	15927	16792	17112	17200	17506	17524	17536
1328	3488	5684	5847	6128	6408	7060	7545	7942	10369	11220	11342	11569	11989	12304	12556	12838	13092	13886	14030	14086	14645	14678	14724	14973	15298	15541	15893	16150	17439
1329	1330	1331	3410	3685	4316	5809	5906	6638	7521	9058	9344	9833	9925	11016	11072	11852	11929	12256	12336	12541	13911	14439	14523	14595	15189	15190	15292	15793	15847	17070	17389
1332	1333	1334	2927	3164	4727	4963	5026	5235	5646	5715	5768	6480	6882	6957	7101	7227	7395	7467	7739	7963	7972	8234	8904	8951	9206	9214	9287	9551	9597	10493	10512	11345	11730	12314	13222	13232	13990	14241	14748	15774	16047	16257
1335	1336	1337	1338	1339	1340	1341	1342	1343	1344	1345	1346	1347	3681	4454	6029	6632	7706	7989	8261	8468	8760	9079	9323	9518	10018	10022	10235	10430	10477	11115	11259	11430	12574	12686	12728	12831	12899	13009	13042	13368	13495	13797	13841	13903	14323	15102	15465	15718	16980	17531
1348	1349	1350	1351	1352	1353	1354	1355	1356	1357	1358	1359	1360	3590	4190	4778	4865	5042	5224	5350	6185	6371	6454	6522	6652	8001	8445	8508	8675	8764	9340	9420	9553	9713	10210	10683	11456	11895	11948	12268	12295	12953	15203	15515	15875	16164	16523	16633	16814	16958	16995	17124	17544
1361	1362	1363	1364	3741	5138	6211	6986	7210	7387	7745	7904	8304	8561	8848	9081	9710	9751	10127	11263	12163	12206	12623	12922	12974	13051	13273	13327	14185	14225	14346	14500	15042	15684	16488	16774	17276
1365	1366	1367	1368	1369	1370	1371	1372	1373	1374	1375	1376	1377	3010	3047	4013	4691	5075	5097	5874	7626	7707	8037	8265	8466	8575	9260	10209	10339	10453	10580	11116	11203	11550	12212	12809	14350	14597	14898	15105	15605	15761	16011	16684	16926	17033	17292
1378	1379	1380	1381	3565	3633	4282	4356	4516	4746	5105	5449	5634	5862	5903	8064	8460	8525	8639	8811	9365	9522	9704	12129	12527	14246	15439	17060
1382	1383	1384	1385	3409	4277	4588	4901	6017	6042	6606	7549	7606	7664	8793	9903	10546	11527	11554	11772	12147	12486	13022	13336	13561	14107	14556	14827	15401	16328	16479
1386	1387	4931	6343	6887	6907	7456	7562	7695	7730	8547	8789	8845	9141	9855	10420	10717	10718	10831	11603	11632	12465	13029	13168	13626	13721	13839	14168	14813	15266	15421	16223	16303	16719	17199	17509
1388	1389	3185	3944	3952	4114	4737	4744	4812	4957	5019	5068	5761	6430	6694	7365	7787	8161	8200	8279	8673	9684	9790	10393	11403	11699	12096	12405	12612	13381	13851	14183	14718	14758	15130	15218	15329	15482	15498	16079	16413
1390	1391	1392	1393	1394	1395	1396	1397	1398	1399	1400	1401	1402	1403	1404	3625	3714	3853	4843	5321	5354	5371	5524	5925	7069	7115	7191	7653	8065	8459	9149	9585	9593	9730	9865	9987	10952	11610	11616	12324	13953	13961	14067	14637	14697	15019	15437	15554	15899	16085	16562	16730	17402	17425	17443
1405	1406	3484	4239	4820	5118	5584	6164	6417	7001	7444	8198	8208	8340	8434	8780	9100	9328	10049	10460	10740	10809	11007	11114	12769	13358	13415	13928	14159	14171	14516	14537	15067	15115	16187	17123	17211
1407	3850	4438	4933	4951	5034	5050	5475	5546	5602	5739	5917	6071	6479	6672	6806	7096	7879	8573	9131	9562	9660	10040	10156	10449	11837	12204	12245	12887	13039	13067	13121	13179	14372	14416	14437	14566	16623	17125	17289
1408	1409	3421	3771	3900	4446	4450	4453	7943	8948	10640	11079	11113	11143	11700	11788	11915	12330	12981	13283	13743	13907	14701	15177	15781	16301	17073	17444	17451
1410	1411	2983	3034	4003	4925	5078	5394	5478	5536	5830	5933	6306	6634	6745	7431	7918	7962	9218	9648	9958	10605	10728	11257	11349	11436	11928	14625	14755	14938	15269	16071	16403	16462	17067
1412	3820	3963	4289	4689	4853	5066	5222	5320	5420	5884	6163	6465	6645	6684	9598	9914	10780	10872	11161	11704	11954	12260	12960	13213	14117	14204	14494	14784	15309	16983	17349	17447
1413	1414	3110	3127	3235	4870	4871	4902	5167	5183	5430	5708	9172	9200	10177	11449	11842	12057	13041	13414	14209	14266	15013	15065	15550	15680	15887	16290	16482	16750	16857
1415	2935	3036	3176	3460	4818	4850	5277	5591	6440	7937	8325	9759	9890	9993	10441	10577	10615	11906	11934	12155	12635	12653	12837	12858	13170	13363	13630	13637	13738	13850	13877	14751	14794	15094	16069	16502	16661	16749	17393
1416	3060	3142	3968	4187	4662	4680	5695	5837	5989	6352	6639	7911	8806	9393	9396	9666	9832	9946	10362	10858	11154	11395	11604	11635	11780	12595	12986	13545	13869	14017	14141	14379	14651	14977	14982	15120	15153	16702	16974	17553
1417	1418	1419	1420	3040	3359	3574	3962	4431	4943	5070	5194	5319	5454	5901	6453	6846	7520	8168	8830	9595	10067	10150	10703	11447	11701	11932	12021	12338	13012	13698	14449	15154	15158	16384	16825	17063	17189
1421	3130	4008	4041	5275	5492	5550	5655	6322	6609	7106	7224	7436	7637	7738	8339	8421	8670	9080	9352	9450	9615	9643	11531	11809	11849	12456	12942	13666	13699	13898	14022	14072	14343	14780	15334	16032	17162
1422	1423	3028	3138	3443	3640	3756	3938	5081	5705	6168	6186	6339	6876	7352	9727	9956	10132	11503	11588	11864	12401	12489	12895	13344	13787	14843	15418	15503	15566	15970	16862
1424	3004	3139	4420	4739	6189	6386	6415	6423	6626	6797	6863	7307	7394	7410	7539	7759	8154	9050	9850	10589	11424	12044	12706	13571	14877	15390	15428	15904	16262	16481	16669	16833	17005	17029	17161
1425	1426	3137	3298	3339	3731	4135	4233	4312	4576	6129	6553	6850	6877	7070	8497	8690	9049	9281	9452	9708	10776	10895	11092	11244	11689	12637	12675	12740	13329	13621	13888	14165	14746	14975	15759	15894	15997	16282	16501	16645
1427	1428	3824	3924	5064	5464	5672	5875	6207	6276	6545	8117	8602	9336	9401	10065	10300	10464	10731	10811	11784	11811	12321	13832	13905	14307	16056	16388	17468	17525
1429	1430	2977	3365	3578	5955	6594	6727	6780	7897	7901	8039	8175	8398	8406	9005	9179	9915	10635	10690	10842	11049	11221	11355	11359	12592	13180	13365	13658	14327	14831	14914	15396	15664	16131	16632	16778
1431	1432	3554	3935	5228	5324	5358	5622	5758	5808	5811	6057	6540	6859	6895	7073	7143	7442	7498	8841	8959	9046	9664	9804	10165	10742	10770	10940	11622	11722	11856	12166	12184	12251	12777	12815	12871	13104	13927	14036	14731	14875	15477	15597	16382	16898
1433	1434	3734	5205	5281	5898	5959	6161	6432	6809	7260	7278	7393	7546	7859	7986	7987	8615	8699	8970	9119	10392	10557	11171	11866	12759	12811	13095	13701	14370	15350	15833	16573	16930	17145	17275
1435	3497	4380	4645	4796	4827	5025	5239	5364	5627	5662	6034	6238	6915	8404	8802	10677	11642	11879	11999	12716	13286	13681	13882	14175	14272	15582	15609	15933	16159	16535	16575	16742	17386
1436	1437	3752	3841	4055	5736	6045	7359	7692	7724	7820	8027	8056	8104	8289	8376	8800	10394	10535	10783	10963	11109	11564	11857	11971	12497	13640	13752	14925	15090	15492	15995	16519	17044	17159	17194	17391
1438	3280	4627	4735	6294	6546	6566	7801	8166	8214	8272	8414	8503	8519	8579	8588	8956	9018	9174	9689	9981	10093	10366	10999	11180	11238	11631	12087	13225	13341	13641	14583	14703	14864	15041	16467	16697	16809	17262	17333
1439	3216	3877	5517	6229	6446	6741	7734	8492	8550	8954	9024	9676	10755	12989	13320	13540	13757	13889	14126	14810	14895	15853
1440	3118	3559	3712	3719	4056	4478	4869	5047	5665	6228	7002	7004	7883	8369	9988	11023	11494	11798	12003	13087	13097	13800	13940	14239	14339	14997	15061	15234	15252	15370	15523	16067	16096	16204	16250	16566
1441	2932	3341	3523	3575	3605	3825	3905	4181	4184	4299	4471	6012	6660	6843	7650	7675	7978	8791	8899	9467	9955	10081	10276	11458	13075	13230	14198	14559	14638	14846	14902	14912	15071	15320	15810	15928	15961	16329	16891	17209	17234
1442	3076	3440	3490	3753	4426	4709	4724	5044	5552	5652	5970	6126	6466	6667	7302	7342	8232	8481	8628	8925	9203	9259	10315	10376	11196	11816	12102	13463	13492	13720	13901	14021	14604	14970	15507	16074	16803	16829	17154
1443	3175	3587	3619	4251	4655	5041	5148	5780	5800	6225	6247	6600	7646	7995	8965	9126	9139	9495	10075	10880	11496	11980	12391	12700	12742	13150	13560	14078	14929	14976	15054	15138	15335	16005	16713
1444	1445	1446	1447	3611	3691	3745	3801	4104	4292	4367	4515	5482	5779	6802	7596	7860	7961	8041	8245	8346	8563	8568	9304	9934	9941	10721	11164	11962	12069	12618	12631	13006	13077	14488	14572	14901	14926	14962	15097	15223	15245	16042	16895	17100	17146
1448	1449	1450	1451	3406	3761	3936	5480	5962	6286	6424	6679	7156	7287	7573	7708	7949	8083	8620	9487	10136	10559	10808	11697	11750	11760	12958	13988	14003	14170	14723	16707	17421
1452	1453	3356	4153	4605	4712	5258	6413	6499	6862	6870	7305	7810	8591	8656	10857	11648	11821	12211	13580	13687	14116	14237	16761	17514	17527
1454	1455	4238	4332	4511	4524	4629	4839	5207	5432	7269	7316	7747	8247	10843	10910	11192	12346	12382	12505	12652	12995	13079	13847	14909	15598	15763	16006	16122	16922	17482
1456	3039	3081	3412	3437	3885	4214	4654	5254	5588	5659	6305	8134	8225	8435	9333	9405	10756	11227	12094	12307	12870	13037	13134	13319	13396	13586	14114	14284	14484	15209	15873	17263
1457	1458	1459	1460	1461	1462	1463	1464	1465	1466	1467	1468	1469	1470	1471	1472	1473	1474	1475	1476	1477	1478	1479	1480	3140	3641	4065	4595	4625	4677	5612	5673	5816	5861	6075	6156	7481	7742	7782	7935	10000	10478	10806	10994	11225	11723	12000	12070	12902	13760	13936	14119	14760	14920	15150	16336	17335
1481	3088	3219	4254	5203	5595	6880	7826	8491	9037	9353	10043	10328	10795	11769	12097	12214	13048	13105	13272	13902	14470	14775	17374
1482	1483	1484	1485	1486	1487	1488	1489	1490	1491	1492	1493	1494	1495	1496	1497	1498	1499	1500	1501	1502	1503	1504	1505	3055	3337	3498	3621	3993	5732	7590	7705	8749	8945	11156	11264	11427	11497	11854	12119	12620	12747	12984	13458	13725	13896	15168	15314	17264	17422
1506	3420	4072	4116	5544	6787	6847	6949	8125	8212	9471	9655	9949	10039	10341	10526	10706	10820	12023	12731	12773	13128	13496	14034	14680	14818	14858	15277	16409	16445	16451	16521	17316	17505
1507	1508	4791	5139	5395	6193	6614	6754	6854	7207	7398	8031	8138	8348	8479	9060	9461	9546	9636	9748	9898	10251	11106	12602	13250	13333	13487	13723	13772	15116	15756	16315	16331	16494	17108	17259	17273	17399
1509	1510	4481	4693	4702	5307	5819	7729	8531	8975	10704	10722	11062	11559	11681	11985	12162	12250	12849	12885	13193	13456	13502	13578	14046	14245	14675	14806	15691
1511	1512	3286	3560	3620	3788	4461	4505	4561	5134	5177	5782	5829	6673	7213	8007	8433	8616	9309	9580	9828	9887	9889	10396	11600	12379	12520	12642	12967	13001	13298	13614	14187	14195	14789	15136	15444	15747	15956	16470	16739	16916	16963
1513	3191	3643	3774	3807	4140	4989	5335	5912	6153	6326	6483	6800	8792	8957	9570	9932	10491	10495	10566	10632	10758	11052	12008	12280	12872	13386	15251	15279	15935	16073	17358
1514	4775	4872	5001	5525	5905	5913	6284	6744	6999	7022	7335	7704	8028	8781	9431	10810	10823	10882	11597	11717	11824	11936	12416	12564	13306	13517	13595	13817	14093	15175	15422	16247	16514	17025	17116	17354
1515	3159	3483	3682	3686	3902	4240	4556	4867	4967	5003	5406	5895	5923	5943	6624	6914	7465	7720	7990	8353	8718	9417	9455	9479	9793	10627	11328	11615	11744	11913	12017	12680	13062	13429	13769	14150	14355	15046	16066	16914	17534
1516	3105	3262	3481	3557	3600	4300	5349	6232	6297	6347	7294	8091	9071	9162	9248	9349	9521	9589	10425	10788	11445	11919	12020	12944	12977	13234	13566	13569	13609	13611	14047	14105	14411	14517	15017	15060	15779	16484	16674	17043
1517	1518	1519	1520	3748	5616	6661	8092	8313	8687	8729	9144	9199	9433	11128	11514	12288	13072	13201	13349	13664	13937	13960	14012	14440	14817	15614	15695	15722	15817	16425	17196	17400
1521	1522	1523	1524	3256	3500	4466	4875	5534	5749	5871	6195	6437	6575	6718	6898	7572	7663	9659	9775	10057	10068	10096	11343	11741	12196	12433	12537	12593	13405	13926	13956	14949	15247	16053	16292	16550
1525	2979	3151	3572	4296	4373	5172	5763	5889	6050	6329	6597	6683	7354	7368	7509	7988	8277	8381	9034	10094	10197	10287	11280	12002	12383	12647	13676	15035	17230
1526	3143	3442	3701	3793	3859	4242	4290	4637	5716	5812	6370	6786	7473	7605	7836	8594	8674	9061	9540	9926	10429	10631	10835	11179	11307	11628	11807	12860	13510	13602	13615	14782	15706	15922	16118	16700	17394	17396	17554
1527	1528	1529	1530	1531	1532	1533	1534	1535	1536	1537	1538	1539	1540	1541	1542	1543	1544	1545	1546	1547	1548	1549	1550	1551	1552	1553	1554	1555	1556	1557	1558	1559	1560	1561	1562	1563	1564	1565	1566	1567	1568	1569	1570	3602	4260	4686	4780	4784	5095	5452	5548	6762	7749	7858	7938	8096	8457	9015	9696	9817	10025	10283	10801	11376	11385	11434	12252	12600	12891	13403	13682	13790	14181	15093	15303	15858
1571	1572	4660	6116	6181	7128	7944	8405	9261	10317	10318	11150	11324	12082	12364	12768	13081	13585	13848	14441	14584	14921	15059	15167	17069	17072	17227	17267
1573	3433	3655	3755	3777	3969	3982	4555	4639	5326	7124	7125	7445	7511	7565	7872	8164	8507	8633	8716	8725	8803	9019	9642	11756	12075	13380	13575	14496	14771	15104	15159	15278	15378	15888	17027	17117
1574	3489	3568	4021	4158	4763	6291	6421	6685	6738	8088	9426	9439	9596	9781	10073	11178	11371	11393	11561	11921	12422	13013	15214	15312	15632	15845	16010	17380
1575	1576	2997	3104	3480	3607	4004	4996	5252	6169	6524	7122	7195	7643	7924	8632	8813	9384	9486	9961	10109	10363	10517	10611	11010	11625	11819	12542	12568	12813	13528	13887	14097	14505	16992	17150	17458
1577	1578	1579	1580	1581	1582	1583	1584	1585	1586	1587	1588	1589	1590	1591	1592	1593	1594	1595	3856	3862	4202	4399	5355	6152	6201	6690	6721	7042	7212	7309	7620	8296	8874	8980	8999	9114	9187	9363	9658	10382	11093	11647	12231	12585	12744	13377	13685	14424	15129	15992	17378
1596	1597	5297	5940	6144	6656	7033	7177	7919	7926	9902	10416	10804	10918	11211	11740	12052	12305	13085	13149	13867	13989	14742	15672	16362	16444	16733	16839
1598	4040	4193	5112	5157	5190	5583	6131	6539	6568	6648	6940	7173	7495	7698	7931	8119	8442	9877	9878	9912	10302	10556	11272	11542	11617	12884	12898	13014	13350	13878	13925	13975	14291	14946	15703	16626	16686	17541
1599	3068	3378	3400	3435	3512	3558	3844	4226	4334	4578	5046	6024	6114	7103	7435	8361	8448	8701	8831	9108	9256	9386	9812	11202	11329	11368	11474	12500	13112	13977	14152	14336	14819	14942	15237	15769	16106	17300
1600	1601	3062	3250	3325	4189	4586	4715	6401	6487	9226	9435	10030	10199	10286	11139	11510	11663	11668	11925	12011	12244	12765	13032	13312	13314	13581	13874	14393	14527	15643	15778	16121	16567	17104	17129	17220	17446	17465
1602	1603	1604	1605	1606	1607	1608	1609	1610	1611	1612	1613	1614	3265	3308	3648	4103	4173	4422	4834	5530	6227	7304	7321	7587	8209	8610	10232	11044	11529	11910	12098	12570	15480	15949	17036
1615	1616	1617	1618	1619	1620	1621	1622	1623	1624	1625	1626	1627	1628	1629	1630	1631	1632	1633	3895	4037	4591	5841	6562	7271	7443	8101	8664	8740	9910	11267	11401	12001	12028	12368	12395	12551	13442	13741	13802	14100	14495	15679	16054	16887
1634	3291	4058	4309	4545	4858	4906	5828	7232	8644	9378	9881	11900	12365	12431	12569	12798	12929	14139	14166	15423	15426	15884	16123	16429
1635	1636	1637	1638	1639	1640	1641	1642	1643	1644	1645	1646	1647	1648	1649	1650	1651	1652	1653	1654	1655	1656	1657	1658	1659	1660	1661	1662	1663	1664	1665	1666	1667	1668	1669	1670	1671	3012	3258	3596	3918	4291	4473	5043	5175	5444	6108	7414	7529	7766	8776	10213	14179	16418	16927
1672	3561	4207	4411	4596	4599	4722	5240	5410	6470	7217	8441	9124	9482	11097	12173	12313	12597	13207	13244	14088	14418	15826	16062	16091	17137	17269
1673	3115	4402	4565	4620	4749	5027	5063	5153	5428	5483	5562	5566	6119	6445	7078	7491	8013	8126	8251	9188	9190	10410	10616	10818	11386	13254	13274	14032	14778	15121	15729	15897	15983	16029	16195	16284	17083
1674	1675	1676	3275	3425	4231	4319	4351	4609	4641	6369	6584	6913	6976	7615	9742	9962	11459	11525	12455	12467	12480	12614	13447	13482	13600	14308	15173	15438	16629	16665	16908
1677	1678	4175	4815	5021	5103	5523	5958	5977	6173	6434	6715	7218	7796	7927	8108	8222	8248	8528	9740	10468	10607	10943	11674	11684	11703	11822	12498	13825	14207	14276	14301	14797	15499	15584	15662	15737	16050	16640	17101	17143	17205	17440
1679	1680	3395	4575	4835	4905	5293	5798	5941	7255	7821	7960	8308	8377	8569	8645	8881	8998	9445	9923	10365	10521	11026	11146	11599	11871	13059	13238	13466	13708	13942	15083	15182	15742	15885	17449
1681	1682	1683	1684	1685	1686	1687	1688	1689	1690	1691	1692	1693	1694	1695	1696	1697	1698	3064	3869	4336	4833	4938	5051	5565	6022	6283	6506	6589	6601	6825	6919	7940	8177	8243	8685	8864	9213	9403	9601	10083	11273	11283	11808	12172	15152	15640	16124	16286	16868	16975
1699	1700	3065	3594	3819	3931	3985	4262	4738	5116	6110	6330	6572	7084	7386	8183	8330	8426	8681	8763	9137	11791	11961	12045	12061	12354	12476	12544	12624	12788	13655	14041	14233	14601	14663	15050	15075	15145	15698	16242	16563
1701	1702	1703	1704	1705	1706	1707	1708	3150	3329	4068	4139	4246	4270	4287	4429	4789	6332	6375	6926	7046	8858	9299	10448	10944	10974	11008	11381	12547	12701	13116	13334	13378	13550	14674	14887	15432	15870	16221	16564	16917	17109	17331
1709	1710	1711	1712	3694	4080	5020	5404	7072	7328	7513	8422	8883	8988	9854	10421	10437	11560	11841	11995	12689	13543	13679	13922	14184	14270	15096	15624	16601	16657	17367	17385
1713	1714	1715	2989	3609	3659	4120	4322	4676	4887	4985	5407	5979	6450	6837	6980	7199	7353	7497	7781	7891	8048	8409	8446	8564	8600	8604	8636	8704	8762	9228	9474	9980	10154	11587	11673	12626	12867	13537	14498	15692	15987
1716	3370	3445	3705	3880	4208	4526	5555	5820	6406	7200	7954	9466	9621	10145	10307	10349	10530	10608	10620	10784	10863	12132	12385	13432	14614	14708	15591	15671	15701	16253	16989	17309
1717	3100	3114	4137	4222	4315	4802	4824	5243	5857	5894	6032	6143	7846	7880	7906	7928	7947	8452	8648	8728	8986	9265	9498	9977	10027	10626	11046	12748	12785	13481	14265	14332	15240	15960	16960
1718	1719	3635	3913	4245	4952	6752	6905	7077	7788	7825	8079	8598	8680	8897	9065	9543	9746	9780	10012	10292	10337	10560	10977	11260	11767	12039	12151	13158	13749	13834	13997	14094	14546	15406	15415	16149	16542	16940	17256	17295
1720	1721	1722	1723	1724	1725	1726	1727	1728	1729	1730	1731	1732	1733	1734	1735	1736	1737	1738	1739	1740	1741	1742	1743	4503	6060	6517	8312	8617	8852	9867	10338	10514	10708	10898	12310	12523	13115	13524	13546	13552	14249	14384	14397	14907	15051	15101	15257	15388	15663	17552
1744	1745	1746	1747	4698	5718	5827	6099	6249	6263	6295	6447	7204	7256	7411	7896	8143	8823	9284	9376	10011	10423	10760	10800	11193	11216	12059	12340	12561	13360	13398	13719	13835	14329	14520	14883	15126	15380	15678	16113	16126	16374	16539	16611	16971	17229
1748	1749	1750	1751	1752	1753	1754	1755	1756	1757	1758	1759	1760	1761	1762	1763	1764	1765	1766	1767	1768	1769	1770	1771	1772	1773	1774	1775	1776	1777	1778	1779	1780	1781	1782	1783	1784	1785	1786	1787	1788	1789	1790	1791	1792	1793	1794	1795	1796	1797	1798	1799	1800	1801	1802	1803	1804	1805	1806	1807	1808	1809	1810	1811	1812	1813	1814	1815	1816	1817	1818	1819	1820	1821	1822	1823	1824	1825	1826	1827	1828	1829	1830	1831	1832	1833	1834	1835	1836	1837	1838	1839	1840	1841	1842	1843	4241	4726	4979	5577	5726	5971	6583	6769	6861	6997	7054	7728	8551	9508	10389	10431	10745	10950	12110	12904	13488	13564	14092	15186	15239	15596
1844	1845	3768	4071	4323	5329	6280	6288	6610	7071	7437	7753	8012	8270	8727	9583	9839	9918	10216	10694	10871	10964	11893	12095	13038	13076	13325	13844	14176	14786	15275	15700	16949
1846	1847	2945	3050	3354	3676	3930	5537	7265	8386	8678	9436	9693	10054	10374	10565	11347	11687	11805	12394	14685	14768	15841	16318	16617	17026
1848	1849	3046	3244	3577	3917	4090	4776	5250	6640	6868	7044	7052	7273	7275	7709	7941	8955	9243	9267	9429	9480	9796	10653	11223	11413	11830	12484	12567	13515	14330	14510	15317	15397	16177	16777	17454
1850	3120	4991	5029	5120	5192	5832	5964	6785	7013	9095	9441	9637	9787	9947	10450	10463	10473	10587	10929	11495	12770	13036	13103	13413	13455	13688	14602	15552	15764	15869	16015	16903	17208	17299	17365
1851	1852	2959	3112	3239	5166	5945	6827	7118	7162	7344	7475	7589	8297	8654	8705	9212	10097	10480	11254	11341	11511	12032	12435	13164	13300	13826	13930	14790	15360	15575	16586	16864	17160
1853	1854	3153	3318	3582	4168	4266	4688	4747	5683	5865	6618	6956	7838	8322	8601	8689	9031	10347	10361	10725	11298	12006	12579	12810	12832	13356	13522	15688	15944	16127	16213	16248	16369	17017
1855	1856	2934	3030	3224	3273	3334	3474	3508	4051	4436	4706	5459	5543	5974	6509	6665	8172	8399	8898	9027	9633	10665	11066	11334	11644	11706	11902	11916	12007	12141	12447	13008	13570	13914	13916	14322	14861	14873	15228	15398	15723	15937	16084	17202
1857	1858	1859	3102	4086	4470	4571	4634	4807	5486	6236	6270	7384	7457	7777	7876	8242	9763	10244	10434	10475	11437	11661	11881	13176	13453	14076	14104	14832
1860	4437	4439	4658	4907	5712	6559	6944	6973	7259	7357	7823	7992	8081	8098	8388	8418	8458	8514	8866	8871	9481	9674	11135	11190	11502	11850	12329	13089	13480	14121	14203	14661	14667	15157	15364	15923	15967	17077
1861	3241	3268	3454	3730	3835	4281	4932	5022	5413	6709	7778	8011	8342	8533	8932	9254	11461	11672	12223	12355	12372	12723	14489	14682	14801	14939	15371	16720	16796
1862	1863	1864	1865	1866	1867	1868	1869	1870	1871	1872	1873	1874	1875	1876	1877	1878	1879	1880	3072	3101	3599	3698	3929	4109	4745	4772	5305	5476	5533	6607	7146	7186	9698	9829	10181	10281	11586	12352	12924	14830	15934	16740	16902
1881	1882	1883	1884	1885	1886	1887	1888	1889	1890	1891	1892	1893	1894	1895	1896	1897	1898	1899	3027	3125	3240	3999	4614	4980	5140	5592	6010	6221	8623	9836	9866	10277	10492	10973	11448	11467	11575	12387	12558	12840	12865	13023	13025	13229	13588	14068	14169	14197	14238	14325	14466	14631	15057	15504	15548	16321	16449	16646	16804
1900	1901	2951	3166	3718	3762	4110	4304	5209	5292	5318	5794	5834	6473	6686	7284	7345	7644	8111	8115	8553	8629	9301	9640	10916	13127	13593	13837	14616	15009	15305	15595	15667	16386
1902	1903	1904	1905	1906	1907	1908	1909	1910	1911	1912	1913	1914	1915	1916	1917	1918	1919	1920	3457	3989	4064	4146	4910	4995	5220	5361	7098	7905	9668	9687	9785	10594	10987	11038	11411	11613	11748	12079	12277	12501	12834	13086	13423	14316	15288	15369	15563	15766	16307	16909	16972
1921	3597	4318	4331	4369	5030	5670	5738	5754	5760	6192	6588	6636	7051	7651	8357	8919	9245	9290	10859	10935	11032	11306	12009	12272	12530	12628	12697	13857	13984	14928	15553	15613	16506	16928
1922	1923	3002	3668	3803	4073	4279	4408	4684	5002	5246	5260	6262	6631	7144	8116	8462	8683	9191	9253	10019	11025	12051	12131	12509	12687	12690	12963	13010	13775	13948	14679	14693	14730	14820	15457	15704	15719	15851	16370	16701	17360
1924	1925	3000	3007	3462	3475	3754	6216	7280	7448	7813	8368	9348	9532	9638	9681	10266	11122	11144	11168	12106	12255	12461	12650	14261	14286	14935	15297	15300	15907	15982	16300	16738	16810	17132
1926	1927	2970	3374	3629	3926	4164	5474	6097	6146	6321	6878	7145	7559	7563	8438	8768	9227	10373	10490	11308	11431	12287	14162	15205	15514	15831	15839	16033	16125	16500	16553	16561	16604
1928	1929	3886	5493	5640	5679	6296	6377	8094	8345	8930	9156	9801	10351	10471	10544	10747	11524	12029	12306	12449	12565	12698	14244	14247	14953	15192	15625	16615	17308	17489
1930	1931	2933	3360	3591	4015	4657	4923	5059	5742	6355	6793	8062	8067	8095	8697	8961	9089	9145	9229	9371	9743	10350	10549	10902	11096	12468	12599	12670	13231	13371	13568	13576	14954	15502	16937	17353	17494
1932	3394	3760	4224	4482	4495	4849	5092	5238	5496	7484	8173	8608	8769	8892	9537	9677	9843	10428	10597	10669	11960	12477	13299	13491	13865	14278	15820	17016	17408
1933	3014	3212	3383	3518	4053	4268	4584	5637	5870	6239	6567	6784	7586	8082	8640	8676	8751	9875	10325	10572	10927	11652	11839	11940	11975	12420	13031	13357	13727	13734	13912	15621	16219	16361	16619	16769	17304	17520
1934	1935	1936	1937	1938	1939	1940	1941	1942	1943	1944	1945	1946	3209	3632	3673	4656	4678	4972	4982	5458	6354	6516	7429	7458	8626	10064	10288	10467	10679	11004	12555	12817	12857	13454	13998	14868	14927	15135	15549	16154	17197
1947	4089	4805	4895	5000	5854	6151	6991	6993	7193	7216	7238	7378	8002	8035	9219	9225	9266	9514	10048	10187	10749	10825	10961	11417	12437	12982	14481	14528	14691	14862	15224	16670	16929	16994	16997	17479	17542
1948	4362	4819	4821	4873	4990	5359	5447	5644	5741	5756	6779	6916	8159	8721	8742	8851	8909	9741	9756	9885	10732	10733	11331	12107	12225	12319	13754	14382	14903	15134	15543	15615	16299	16450	16725
1949	3229	3904	5585	5986	6079	6086	7461	7642	7694	7884	8619	9011	9157	9164	9451	10735	10837	11153	11188	11253	11276	12068	12182	12328	13065	13177	13751	14221	14302	14410	14772	14853	14860	15170	16487	16813	17014
1950	1951	3038	3661	4179	4652	4855	5088	5227	5471	5540	5942	6224	6336	6978	8043	8195	8774	9388	9421	9686	9744	10438	12031	12285	12417	12452	12853	13383	14288	14613	14690	15006	15055	15162	16948	17437
1952	1953	4349	4385	4529	4542	4700	6761	6864	7723	8662	9510	10643	10792	10906	11678	12311	12663	12928	14373	14945	15495	17102	17135	17486
1954	1955	3160	3249	3514	3651	3975	4284	4940	6237	7018	7369	7701	7887	7951	8240	8972	10579	11556	11562	12745	12848	13078	13178	13305	13512	13880	15447	17232
1956	3302	3388	3539	4939	5212	5580	6018	6392	6582	8202	8407	10567	10816	10840	11119	11124	11177	11862	12684	12875	13159	13355	14706	15469	15856	15871	15980	17012	17134
1957	1958	2950	3294	3806	4488	5331	5448	6381	7041	8139	8334	8362	8449	8958	9134	9582	12532	13629	14432	14833	14917	15238	15372	15425	15868	15917	16236	16266	16643
1959	1960	1961	1962	1963	1964	3353	4713	5298	6068	6117	7388	7570	7958	8205	8618	9176	9496	10538	11518	11558	11565	11746	12366	12481	12946	13389	13808	14133	14454	14547	15005	15906	16044	16088	16878	17115	17351
1965	3054	4405	4435	5178	5885	7666	7921	9211	10137	10149	10397	10590	12347	13154	13172	13883	14109	14381	14788	14915	15404	15655	15788	16689
1966	3148	3205	4401	4748	7454	7560	8318	9217	9275	9517	10220	10354	11207	11275	11840	11968	11969	12479	13343	13460	13577	13761	14250	14611	14715	15460	15557	15619	16203	16638	16765	17019
1967	1968	3099	3529	4148	4195	4758	4966	5087	5473	5729	6968	8264	9350	9470	9760	9805	9979	10016	10106	11191	11281	12566	13904	14099	14476	15004	15183	16116	16537
1969	4227	4396	4946	5079	5282	6304	6391	6668	8097	8365	8370	9115	9142	9702	9789	9800	10105	10364	10482	11914	12281	12828	13322	14885	16993
1970	3247	3274	5109	6629	7099	7130	7602	9135	9274	9619	10119	11012	11939	12086	12233	12524	12662	13052	13098	13156	13361	14531	14593	14633	14710	14837	15114	15164	15467	15641	15844	16631	17245
1971	1972	2960	3322	3813	4409	5102	5145	5398	5427	5597	5626	5728	6219	6281	7553	8417	8686	8724	9356	9806	9834	9835	10147	10545	10602	11232	11549	11983	12699	13347	13579	15133	15321	15675	15892
1973	1974	1975	1976	1977	1978	1979	1980	1981	1982	1983	1984	1985	1986	1987	1988	1989	1990	1991	1992	1993	1994	1995	1996	1997	1998	1999	2000	2001	2002	2003	2004	2005	2006	2007	2008	2009	2010	2011	2012	2013	2014	2015	2016	2017	2018	2019	2020	2021	2022	2023	2024	2025	3232	4002	4169	4666	4885	4911	6299	6543	6821	7289	7619	8301	8391	8772	9168	9797	9818	9820	10595	10623	12026	12035	14740	15325	15359	15862	16554
2026	3319	3535	4230	4264	4838	5016	5311	5817	7673	7684	8069	8260	9886	10897	10983	11313	12300	12493	12661	12923	13592	13824	14142	14458	15281	15651	15676	15725	15989	16557	16797	17305
2027	3703	5762	5781	6972	7208	8133	8367	8415	8719	9769	9871	10108	10262	10329	10581	11147	12237	12458	12508	12582	12672	12800	12979	13795	14957	15389	15717	16338	16744	17432
2028	2029	2030	2031	2032	2033	2034	2035	2036	2037	2038	2039	2040	2041	2042	2043	2044	2045	2046	4342	4359	4766	4964	5049	5289	6088	6107	6214	6422	6577	6792	6933	7441	7869	8055	8293	8934	8992	10010	10051	10196	10298	10850	12384	12641	12878	13290	13318	13470	13728	13945	14242	14365	15530	15650	15993	17133	17261	17307
2047	2048	2049	2050	2051	2052	2053	2054	2055	2056	2057	2058	2059	2060	2061	2062	2063	2064	2065	3067	3556	3645	4163	5415	6851	7131	7564	8744	8941	10078	10585	10699	11160	11528	11654	11702	11738	11812	12627	12985	13292	13424	14400	15483	15630	16139	16228	16504	16605	17395
2066	2067	2068	2069	2070	2071	2072	2073	2074	2075	2076	2077	2078	2079	2080	2081	2082	2083	2084	3220	3310	3738	6000	6498	6620	7699	7726	8021	8162	8732	8752	9816	10355	10536	11009	11205	11450	12033	12632	12851	13253	13293	13407	13763	14186	14313	15926	17148	17219
2085	3954	4192	4297	4499	5370	6324	7167	7234	7624	8147	8538	8667	8733	9093	9252	9325	9717	9725	10056	10633	11242	11293	11520	12576	12776	13523	14585	15117	15654	15807	15846	16002	16025	16090	16243	16906	17225
2086	2087	3129	3823	3840	4306	4366	4570	4717	4720	5142	6063	6312	6571	7506	8599	8976	9038	10504	10851	10980	11606	11707	11860	11981	12234	13321	13638	13671	13731	14135	14387	14676	15021	15207	15264	15280	15977	16169	16231
2088	3005	3173	4568	4577	4621	5886	6121	6149	8581	9306	9602	10098	10178	11170	11584	12207	12608	12771	13011	13284	13870	14262	14414	14881	15464	15932	16598	16772	17081	17131	17313	17496
2089	2090	3124	3307	4199	6157	6799	7611	7649	7853	8844	9040	9673	9724	10122	10182	10372	10407	10828	10877	12326	12460	12540	13555	13702	13766	14353	14428	14446	14811	14922	15063	15431	15583	15647	16364	16544	16783	16933	17139
2091	2092	2093	2094	3818	3838	3983	5308	5408	5630	7081	7479	7582	7741	8131	8358	8875	9278	9773	9971	10138	10314	10622	11620	11688	11716	11899	12164	12195	12442	13838	14579	15748	17052	17419
2095	4020	4512	4643	5199	5241	5296	5527	5636	6199	7382	7680	8981	10896	12014	12183	13700	15268	15618	15984	16235	16317	16880
2096	2097	2098	2099	3309	3494	3530	3546	4308	4725	6383	6646	7159	7329	7468	7711	8464	8574	8916	9110	9220	9874	9940	10171	10418	10771	10955	11846	12988	13296	13822	14214	15328	15450	15462	15752	16841	17098	17282
2100	2101	3021	3638	4150	4701	4859	5111	5158	6047	7325	7583	7946	8427	8936	9186	9688	9770	10658	10891	10966	11074	11471	11781	11903	11967	13401	13469	13696	13730	14542	14766	14979	15091	15414	16014	16200	16252	17223
2102	3052	5096	5347	5619	7349	7718	7779	7915	8473	9056	9155	9788	10687	11335	11667	11671	12392	12466	12507	12682	13188	13518	13562	13854	13859	14132	14191	14222	14421	14931	15149	15461	15547	16016	16779	16965	17406	17464
2103	2104	2994	3103	3324	3639	4543	4551	5346	5965	6013	6166	6712	7016	7091	7493	7500	8713	8931	8943	8953	9297	9317	9342	11504	11578	12236	12238	12400	12955	13199	13499	13589	14044	14281	14580	15286	16565	16658	17529
2105	2106	2107	2108	2109	2110	2111	2112	2113	2114	2115	2116	2117	2118	2119	2120	2121	2122	2123	3379	4361	4741	4845	5055	5067	5904	6215	6218	6757	6777	6801	7266	8558	8637	8711	9464	9617	9625	9630	9767	11291	11614	11634	11728	12679	12787	14006	14345	14814	14821	15080	15786	16145	17237
2124	3507	3695	4014	4045	4057	5129	5191	5268	5280	5421	5746	6774	7502	8158	8288	8335	10168	10487	10606	10923	10979	11201	11217	11454	11515	11890	12407	12534	12638	12892	15743	16416	16934	16964
2125	2953	4022	4265	4343	5657	5928	6345	7775	7895	8378	8451	8456	8486	9026	9747	9838	9872	10144	10346	10454	10537	10827	11320	11691	13248	13436	14178	14557	14763	15111	15539	17485
2126	2965	2969	3972	4404	5323	5539	5551	5860	5949	6226	6481	7293	8663	10162	10741	10798	11070	11508	11530	11832	12429	12707	12917	14728	14773	15812	16087	16717	17007
2127	2128	4060	4348	4679	4736	4928	5724	6258	6289	6492	7187	7556	7733	8127	8153	8539	9063	9731	9851	10985	11057	11469	11500	13166	14053	14968	15195	15196	15911	16746	16828
2129	3193	3526	4117	4603	5641	5876	6139	6240	7399	7885	8053	8171	8788	8880	8889	8924	8973	9170	9921	10042	10201	11107	11390	11465	11534	12136	13066	14337	14745	15452	15803	15840	16153	16372	16476	16863	17140	17375
2130	3520	4564	4640	5745	6102	6604	6617	6677	7023	7211	7451	7855	8118	8204	8522	8679	9416	9544	9548	9627	10074	10214	10682	10688	10951	11420	11749	12156	12202	12273	13317	13370	15078	15249	15943	16202	16206	16214	16389	16968	17472
2131	3453	3459	3667	3742	4087	5372	5522	6003	6125	6923	7119	7561	7871	8552	9002	10185	10359	10426	10528	10781	11000	11040	11432	12494	13443	13584	14474	15540	15789	16381
2132	2133	3092	3414	4066	4097	4467	5376	5422	6412	6419	6525	7079	7239	7577	8609	9180	9607	9841	11955	12533	12761	13035	13416	13475	13955	14049	14058	14219	14732	15754	16320	16610	16628	16897	17499
2134	2135	3750	4185	5206	6659	6758	6817	6856	6871	7964	8151	8500	8877	9285	9337	10192	10691	11677	12012	12282	12667	13970	14098	14431	14859	15198	16477	17405
2136	3049	3828	4001	4006	4449	4626	4703	4888	5603	6367	7638	7791	7863	8603	8807	9398	9550	10252	10279	10814	10928	10945	10998	11539	12073	12189	12876	13046	13153	13353	13627	15681	15751	16207	16464	16493	16526	16947
2137	2138	4616	4846	5159	5707	6936	7292	7419	8093	8227	9118	9735	9772	10316	10744	11159	11271	11536	12030	12546	12548	12806	12897	13783	14522	15958	16138	16627	16843	17001	17387
2139	2140	2141	2142	2143	2144	2145	2146	3709	3791	3996	4648	4753	5688	6084	6544	7166	7852	8390	8576	9029	10100	10817	11568	11645	11651	11922	13359	14588	14737	15062	15577
2147	2148	3519	3675	4145	4352	4353	4387	5130	5197	5526	5586	5999	6379	6534	7817	7922	8003	8425	9197	9505	10079	10089	10259	10655	10904	11480	12219	12976	13015	13739	13796	13978	14118	15601
2149	3225	4009	4047	4085	4427	5230	6573	7341	7428	7802	7894	8058	8682	9193	10320	10942	11246	11268	12596	13054	13780	13786	14361	15030	16886	17106
2150	2151	3198	3478	3816	4026	4548	4631	4759	4977	5031	5573	5697	5914	5952	6494	6605	6812	7056	7298	7371	7969	8720	9840	9984	10247	10824	11229	11236	11779	12756	12874	13058	13212	13716	14664	15282	15377	15525	16110
2152	2153	3652	4799	5983	6416	6669	7241	7274	7330	8207	9369	9457	10291	11422	11974	12746	13198	13285	13574	14125	14295	14867	16128	17210
2154	2155	2156	2157	3189	3567	3928	3987	4091	4391	4513	4809	4861	4954	5332	5399	6300	6393	6755	6773	7258	7350	7380	7537	7877	7917	9035	9853	11375	12222	13056	13632	13799	14020	14216	15193	15357	15607	16035	16574	16591	16635	16737
2158	2159	2160	2161	3043	3860	4494	4547	4787	6518	6560	6625	6695	6830	7974	8036	8305	8896	9295	10628	10900	11994	12041	12108	12572	12801	13326	13567	13782	14102	14138	14761	15070	15169	15953	16268	16458	16463	16625	17035	17471
2162	2990	3197	3401	3808	4244	4469	4847	5104	5643	5954	6077	7340	7449	7794	8319	8471	8541	8865	8879	9223	9362	9523	9709	9880	9916	9951	10215	10371	11014	12038	12334	12658	13242	14328	14512	14639	14994	16133	16340	16407	16758	17174	17410
2163	3080	3179	3295	3878	4225	4630	4856	5119	5506	5750	6091	6872	6983	7121	7136	8050	8103	9622	9672	9970	10479	10524	11641	12399	12588	13224	13969	14402	14570	14838	15222	15353	16023	16433	16597	16954	17322
2164	3155	3260	4152	4358	4477	5374	5433	5813	5858	6469	6904	7189	7366	7696	9251	9870	9964	10036	10319	10838	11387	11499	11591	11665	13215	13223	13473	13659	13770	13982	13994	15301	15976	16289	17317	17361	17533
2165	2166	2167	2168	2169	2170	2171	2172	2173	2174	2175	2176	2177	2178	2179	2180	2181	2182	2183	2184	2185	2186	2187	2188	3532	3585	3846	4113	6094	6452	6508	6720	6945	6958	7710	7822	8080	8688	8815	8855	9330	9662	9733	11237	11402	11462	11763	12091	12459	12616	12793	14038	14131	14210	15225	15694	16406	16410	17056	17364
2189	4432	5267	5690	6372	7134	7579	8253	8343	9460	9552	9594	10041	10619	11036	11353	12648	12916	12952	12972	13625	14106	14442	15430	15677	15936	16115	16271	16723	16856
2190	3026	3516	3613	3710	3773	4143	4320	4403	5744	6671	6959	8238	8501	8714	9255	9737	9848	9998	10112	10488	10905	10947	11120	11230	11356	11521	11790	12743	12805	13161	13426	13500	14055	14335	14380	14526	14952	15073	15479	16287	16622	16729	17429
2191	3071	3132	3355	3663	4180	4915	5334	5385	6198	6948	7196	7235	7851	7916	8044	9247	9503	11476	14084	14987	15347	15939	16065	16270	16343	16401	16420	16727	16938
2192	2193	3541	4302	4541	6400	6682	6764	6911	7953	8250	9752	10126	10290	10380	10419	10662	11226	11718	12148	12262	12409	12880	14452	14587	14713	15095	15143	15258	17010	17420
2194	2195	3855	4156	5391	5975	6035	6101	6252	6996	7201	7540	7665	8070	8779	8895	8907	9291	9367	9468	9569	9803	9901	9995	10533	10991	11290	11992	12208	12772	13616	13711	13801	14274	14736	15032	15354	15399	15709	16511	16524	16852
2196	2197	3569	3739	3794	4211	5154	5338	5927	6586	6776	7240	8233	8910	9064	9442	9516	9700	9936	9991	10141	10263	10714	10938	11351	11360	11438	11727	11829	12423	12607	13622	14200	14263	14514	14754	14923	15500	15508	15522	15633	15842	15941	16024	16316	17078	17096	17118	17203	17535
2198	2199	3767	4729	4756	5869	6020	6072	6105	6998	7237	7418	8045	8107	9069	9235	10285	11408	11453	11666	12418	13631	14720	15299	15419	15474	16288
2200	2201	3098	3113	3204	3292	3888	3977	5013	5225	5363	6081	6350	6734	7194	9373	9447	10422	10710	11302	11441	11720	12427	12889	13117	13142	13257	14687	14960	15407	15866	16447	16812	17020
2202	2203	3208	3230	3784	4313	5200	5613	6234	6435	6995	7360	7377	8326	8786	9564	10111	10322	10508	10909	11151	11544	12444	12557	12719	12762	12882	13020	13138	13819	14259	14290	14841	17172	17180	17291
2204	2946	3288	3814	3873	4646	5117	5152	8146	8542	8658	8715	8971	10238	11134	11165	11256	11800	11911	12194	12350	12543	12709	12970	12978	13106	13130	13384	14120	14965	14972	16446	16692	17179
2205	2206	3106	3548	4440	4487	5288	5379	5485	5593	6798	7408	7857	8073	8570	8787	9042	9215	9385	9670	9862	10062	10158	10465	10746	11048	11287	12210	12243	12619	12673	12802	13135	13474	14196	14641	14857	15570	15770	15883	16675	16831	17306	17357	17384
2207	2208	3831	3942	4498	4560	4730	4813	4904	5590	6378	7618	8186	8513	8856	8867	8882	9339	9716	10379	10384	10901	11056	13634	13710	13899	14082	14205	14551	14552	14636	14802	15283	15559	15855	15975	16086	16722	16801	16967
2209	2210	2973	3426	3547	5084	5173	5223	5479	5872	6359	6448	7154	7469	7531	8099	10212	11332	11457	11460	11836	12084	12111	12930	13100	13742	13929	14167	14650	14739	14865	15945	16715	16849
2211	2212	2213	2214	2215	2216	2217	2218	2219	2220	2221	2222	2223	2224	2225	2226	2227	2228	2229	3001	3528	4372	4919	5545	5648	6004	6070	6090	6272	6552	6653	7169	7819	8085	8903	9895	10038	10864	12694	12873	13160	13309	14043	14573	15790	15996	16309	16508
2230	3588	3656	4278	4414	5467	5723	5939	7326	7490	7551	7903	8215	9397	9646	10345	10678	11064	11636	12276	12531	12927	12935	15048	15140	16173	16240	16587	17061	17221	17368
2231	2232	3646	3811	3981	4024	4532	6849	7030	7074	7492	7534	8074	8937	10095	10489	10639	10738	10996	11063	12344	13340	13594	13856	14143	14148	14260	15471	15696	17426
2233	2234	3363	3634	3664	3796	3980	4084	4217	4617	4665	5023	5114	5384	6210	7171	7370	7600	8179	8529	8804	8914	9549	9819	9924	10965	11243	11949	12584	13005	13080	13667	13776	15232	15531	16230	16256	16680	16848	17281	17431
2235	2236	3170	4017	4781	4978	5853	6037	6333	6490	6585	6704	6790	7308	7515	7793	8411	9074	9504	9530	10161	10515	10646	11020	11714	11715	11894	12961	13459	13464	13501	13604	14015	14490	15265	15326	16101	16624
2237	2238	2239	2240	2241	2242	2243	2244	2245	2246	2247	2248	2249	2250	2251	2252	2253	2254	2255	3214	3251	4610	5947	7107	7844	8257	8454	9305	9559	9685	9963	10569	11486	11759	11761	11952	12143	12235	12376	13122	13732	14627	15785	15991	16156	16489	16528	17079
2256	2257	2258	2259	2260	2261	5004	5351	6644	6707	7299	7362	7808	7848	8106	9052	9166	9952	10385	10833	10903	11210	11262	11598	12457	13573	13809	16194	16614	17057	17178
2262	2263	2264	2265	2266	2267	2268	2269	2270	2271	2272	3402	3726	3932	4337	5392	5731	5737	6059	6635	6676	6989	7277	7406	7543	8923	9264	9758	10321	11418	11917	11991	12071	12175	12415	13246	13291	13535	13910	13917	13934	15204	15413
2273	3857	4509	5195	5290	6021	6451	6781	7188	7616	7811	8929	9390	9665	9809	10248	10693	10762	10893	11141	11752	12093	12412	12912	13157	13338	13858	14376	14553	15076	15216	15449	15478	15658	15940	16345	16679	17290	17507
2274	2275	2276	2277	2278	2279	2280	2281	2282	2283	2284	2285	3044	3306	3377	5863	6038	6183	7865	7920	7976	9001	9012	9268	9634	9873	9953	10134	10261	10414	10696	11289	11609	12122	12829	14227	15567	17055	17369
2286	2287	3364	3746	4067	4947	4968	5405	5618	6248	6520	6664	6724	6955	7452	8160	8182	9326	9529	10971	13251	13275	13375	13744	14085	14188	14347	14364	14623	14955	14956	15001	15028	15732	16685	17126	17151	17407	17434	17521
2288	2289	2938	3451	4397	5233	5286	5538	5542	7021	7133	8371	8580	8960	9493	9701	9891	9950	10239	10650	10876	11548	12165	12227	13598	14163	14255	14298	14383	14504	15253	15285	15295	15634	16505
2290	3385	3418	3446	4808	5303	5775	6036	6380	6964	8066	8263	8333	9078	9148	9603	9728	9777	10284	10445	11946	12125	12203	13220	14321	14596	14632	14762	14905	15085	15233	15689	15758	16027
2291	2292	2293	2294	2295	2296	2297	2298	2299	2300	2301	2302	2303	3195	3282	3553	3858	3966	4994	5341	5919	6167	6360	6675	7713	7814	7831	8298	8691	8765	8795	10273	10446	10727	10988	11522	11566	11771	11891	12911	13259	14906	15391	15599	15738	16580	17206
2304	3228	3455	3830	4186	4734	5077	5098	5390	5696	6647	6726	6829	6839	6853	7202	7276	7324	7338	9043	11166	12230	12664	12931	13479	13549	13909	14101	14422	15823	15896	16020	17111	17114
2305	2306	2307	2308	2309	2310	2311	2312	2313	2314	2315	2316	2317	2318	2319	2320	2321	2322	2323	3861	3868	3899	3937	3947	3970	4582	4866	5037	5312	5579	5604	5931	7243	7722	8148	8917	9680	10130	11639	12408	13722	13893	14716	15556	16041	16881	16923	17065	17184	17218	17255
2324	2325	2326	2327	2328	2329	2330	2331	2332	2333	2334	2335	2336	2337	2338	2339	2340	2341	2342	2343	2344	2345	2346	2347	2348	2349	2350	2351	2352	2353	2354	2355	2356	2357	2358	2359	2360	2361	2362	2363	2364	2365	2366	2367	2368	2369	2370	2371	2372	2373	2374	2375	2376	3093	4138	4530	4567	5416	5735	5993	6461	6537	6747	7014	7667	8193	8905	9041	9240	10280	10737	10946	11379	11425	12078	12171	12757	12855	13083	13434	13833	13845	14549	14787	14893	14944	15898	16540	16541	16844	17238
2377	2378	2379	2380	2381	2382	2383	2384	2385	2386	2387	2388	2389	2390	2391	2392	2393	2394	2395	2396	2397	2398	2399	2400	2401	2402	2403	2404	2405	2406	2407	2408	2409	2410	2411	2412	2413	2414	2415	2416	2417	2418	2419	2420	2421	2422	2423	2424	2425	2426	2427	2428	2429	3272	3770	4324	5137	5299	6100	7083	7214	7659	7966	8796	9271	9931	10452	11592	11664	12293	12968	13704	14884	15880	16452	16885	17247
2430	2431	2432	2433	2434	2435	2436	2437	2438	2439	2440	2441	2442	2443	2444	2445	2446	2447	2448	2940	3048	3254	4030	4811	4975	6883	7676	8478	8726	10118	11366	11426	11880	11931	12215	12371	13987	14487	15349	16267	16334	16921	17392
2449	2450	2451	2452	2453	2454	2455	2456	2457	2458	2459	2460	2461	2462	2463	2464	2465	2466	2467	2468	2469	2470	2471	2472	2473	2474	2475	2476	2477	2478	2479	2480	2481	2482	2483	2484	2485	2486	2487	2488	2489	2490	2491	2492	2493	2494	2495	2496	2497	2498	2499	2500	2501	2952	3783	3881	4468	4828	5216	6268	6970	7253	7677	8008	9459	9520	9718	9799	10004	11278	11541	11786	11851	11978	12562	12711	12792	12994	13264	13431	14840	14963	15147	15221	15284	15963	16017	16552
2502	2503	2504	3289	3342	3776	4027	4326	5378	5849	6301	6309	6828	6879	6929	7959	8223	9075	9123	9257	9472	9568	9599	10930	11087	11285	12160	12440	13240	13729	13866	14087	14436	14463	14626	14998	15931	15973	16348	16764	16874	17088
2505	2506	2507	2968	3077	3178	3206	3419	4261	4393	5053	5470	6170	7603	9028	10967	10978	11127	11142	11877	12159	13601	14296	14534	15459	15576	15827	16112	16970
2508	3431	3649	3780	5012	5106	5360	5653	5675	6138	6420	6795	7036	7123	7459	7656	9152	9475	9605	10006	10045	10254	10957	11315	11579	11770	11794	13450	13620	14083	14405	14502	14519	14630	15020	15339	15822	15830	16114	16134	16273	16576	17226
2509	3035	3202	4733	4899	5133	5232	5285	5932	6443	6500	6952	8316	8634	8805	8935	9586	9663	10377	11481	11513	11964	12259	13610	13670	13954	14202	14457	14554	15440	16497	16522	16678
2510	2988	3063	3583	3785	4670	5263	5631	5934	6382	6935	8210	8974	9591	9876	11693	11828	12274	12525	12818	13111	13137	13332	13412	13806	14236	14657	14759	14823	14842	15697	16051	16466	16655	16790	16951
2511	2512	2513	2514	2515	2516	2517	2518	2519	2520	2521	2522	2523	2524	2525	2526	2527	2528	2529	2530	2531	2532	2533	2534	2535	2536	2537	2538	2539	2540	2541	2542	2543	2544	2545	2546	2547	2548	2549	2550	2551	2552	2553	2554	2555	2556	2557	2558	2559	2560	2561	2562	2563	2564	2565	5824	6008	6710	6763	6833	6931	7346	7776	8291	8380	8383	9059	9311	10230	12517	12760	13345	13467	13816	14423	14792	14896	15739	16142	16394	16405
2566	2567	3128	3347	3450	3890	4718	4854	5632	5710	5921	5963	6039	7598	8684	9567	9736	9810	10424	10782	11095	11538	11810	12359	12718	12778	12796	13113	13657	13683	13697	13774	14863	14995	15109	15373	15579	16119	16608	17053	17414
2568	2569	2931	3149	3376	3934	4025	4050	6043	6065	6431	6740	7197	7575	7681	7751	7984	8395	9723	9774	9933	9957	10383	10588	10777	12056	12920	13507	13684	13815	14434	14904	14983	16607
2570	2571	3336	3945	4076	4223	4937	5248	7683	8572	9412	9541	9959	10159	10310	10367	10976	11804	12074	12962	13672	14317	14617	14735	15174	15458	15816	16272	16734
2572	2573	3716	3874	4134	4948	5973	6025	6175	6497	6536	6579	6885	8191	8746	8785	9488	9502	9755	9824	10143	11553	12482	12826	12900	13519	13599	13715	13862	14776	14856	17090
2574	2575	4176	4474	4504	4794	4831	5076	6700	7455	8759	8846	9428	9524	9535	9639	9992	10115	10234	10498	10564	10761	10790	10862	11823	12775	12845	13070	13351	13352	14717	15181	16430	16649	16855	17068	17551
2576	2577	4608	5381	5654	5795	6031	6093	6688	8228	10166	10409	10734	10772	11412	11885	12043	12115	12552	12715	12937	13316	14524	14816	15151	15260	15538	15587	15985	16357
2578	2579	2966	3019	3023	3381	3941	4079	4644	4959	5036	5039	5156	5348	5417	6124	6285	6363	6819	7874	8157	8911	9102	9623	10387	10540	10719	11517	11802	12157	12790	12932	13174	13226	13939	14320	14743	15156	15302	15424
2580	2972	3678	3817	4132	4247	5327	7165	7185	7621	8328	8394	9158	9409	10618	10638	10666	10894	11041	11083	11443	11775	12906	13792	14077	14201	14967	17175	17301
2581	3223	4249	4317	4696	4941	6115	6746	6890	7856	8141	8303	9609	9632	10995	11098	11145	11197	11433	11997	12349	12657	12908	13184	13278	14993	15236	15455	16392	16436	16440	16496	17285	17477
2582	2583	3086	3471	4597	4999	6172	7400	7735	8040	8596	8891	10117	10541	11801	12513	13007	14590	15436	17085
2584	2585	3910	4388	5128	5184	6394	6633	6722	6794	6985	7055	7715	7873	8189	9009	9533	9908	10297	10470	11240	11735	11796	11950	11963	12101	13400	14037	14258	14340	14407	14550	15358	16141	16385	16387	16899	16905	17248	17401
2586	2587	4205	4690	5017	6385	6651	7178	7268	7463	7505	8113	9370	11532	11886	12085	12402	12522	12722	12954	13148	13906	13957	14158	15441	15569	15882	16355	16976	17141
2588	2589	3131	3413	3915	4122	4664	5060	6530	6900	7225	7933	9086	10160	10223	10667	11027	11042	11751	12116	12487	12622	13091	13675	13736	13813	14033	14154	14334	14354	14658	15241	15362	16424	17187
2590	2591	2592	2593	2594	2595	2596	2597	2598	2599	2600	2601	2602	3403	3677	4212	4365	4622	5383	5793	5920	6433	6564	7840	9283	9682	10754	10799	11473	11692	12140	12807	12969	13003	14134	15187	16021	16393	16428	16682	17239	17244	17310
2603	3293	3362	4558	5014	5176	5266	5559	5882	6006	6259	6578	6820	7181	7343	7660	8100	8329	9351	9392	10505	10752	11148	11535	11870	12169	12226	12646	13047	13227	13529	13624	14061	14472	15086	15496	15913	16136	16324	16469	16953	17168	17371	17545
2604	3152	3482	3674	4095	5893	6320	6328	6556	6689	6842	6934	7009	8269	8672	10034	10176	10378	10427	10870	11013	11732	12361	13705	13714	13864	14019	14482	14783	15270	16245	16363	16767	17122	17277
2605	3222	3245	3511	4098	4407	4830	4998	5418	6132	6488	6493	6920	6967	7288	7767	8419	8516	8543	9062	9423	9911	10188	10474	11086	11301	11537	11876	12246	12563	13040	14081	14599	14876	14924	15588	15699	15799	16709	17240
2606	3580	3792	4188	4423	4953	5396	5892	5900	6535	6953	7229	7979	8219	8229	8300	8753	11126	11607	11924	11935	12315	12519	12617	13017	13162	13437	13531	13669	13836	15200	15412	15657	15797
2607	2937	3053	3566	4585	4917	5498	5833	6174	7347	7748	8537	9620	9994	10184	10917	11181	11726	12185	12606	13050	13219	13256	13323	13853	13892	14767	15246	15708	17058	17547
2608	5085	5607	7007	7053	7085	7105	7760	8284	8475	9057	9368	9795	10356	11149	11414	12782	12910	12949	13861	15166	15454	15466	15702	16238	16397	16959
2609	3491	4099	4200	4263	4685	4950	5219	5717	5814	8587	9244	10390	10527	10555	11251	11815	12393	12436	12733	13612	14240	14485	14648	14845	15089	15128	15212	16092	16279
2610	2991	3184	3537	3735	4371	4797	4988	5666	5890	5967	5980	6066	6353	7027	7383	7950	8077	8933	9241	9277	9360	9894	10299	10562	10634	11778	11923	12241	12406	13071	13662	15290	15511	16560	16703	17144	17537
2611	3984	5121	5810	6120	6505	7303	7672	7744	8396	9729	10455	11337	11490	13494	13643	13686	15077	15108	15210	15293	16347	16480	16498	16731	17099	17147
2612	4273	4483	4520	4611	4638	4790	5094	5187	5401	5497	5721	5740	6397	7504	7640	7743	7773	7991	9017	9025	9575	10743	11174	14027	14280	14438	14640	15107	16408	16473
2613	3094	4052	4272	4384	4788	5127	5453	5852	6292	6398	6706	6992	7223	7248	7499	7714	9792	10102	11137	11640	11686	12109	12146	12269	13061	13197	13639	13938	14538	15528	16191	16791	16996	17487
2614	3234	3606	3826	4944	5505	5755	5764	5990	7261	8015	8349	10037	10256	11435	11660	12893	13707	14964	14984	15446	15728	15859	15946	15954	16882
2615	3707	4327	4817	5262	6439	7311	7533	7970	8075	8299	8373	9022	9098	9937	9968	10236	10750	10789	10962	11022	11133	11299	11339	11861	12187	13410	13983	13992	14218	14548	14699	15029	15141	15969	16352	16884	17411	17467
2616	3367	3391	3398	4194	4314	4825	5778	6049	6961	7405	7700	8030	8524	8530	8631	8694	8756	8862	9558	9669	10847	10914	11277	12018	13649	14129	14378	14628	14844	14872	15565	15620	15642	17231	17442
2617	3893	4444	5083	5302	5362	5460	5495	6202	6317	7113	7358	7998	8237	9458	10381	10641	10888	11130	11571	12335	12488	13348	14293	14377	14578	14589	14681	14941	14988	15038	15574	16104	16599	16648	16871	17023	17165	17177
2618	3156	3371	3493	4048	4111	4900	5164	5333	5442	5896	6260	6844	7632	8490	8614	8692	9651	10211	10518	10787	10797	11172	11231	11468	13307	14705	15545	15571	15775	15815	16283	16305	16977
2619	3136	3350	3684	4569	4594	4914	5352	5501	5564	5677	6867	7686	8206	8364	8556	8927	9986	10099	10499	10672	10892	11233	11627	11873	13110	13141	13606	13750	15069	15443	16323	16987	17110
2620	3951	4083	4197	4918	5757	5844	5918	6510	6551	6962	7174	7203	7417	7571	8526	8757	8828	9375	9519	9996	9997	11619	11933	11965	12398	13055	13063	13536	14122	14251	14285	15668	15802	15863	16176	16220	16306	17228	17456
2621	2622	2623	2624	2625	2626	2627	2628	2629	2630	2631	2632	2633	2634	2635	2636	2637	2638	2639	2640	2641	2642	2643	2644	3117	3252	3833	3884	4101	4863	5569	5649	5909	5984	6930	8770	8839	9092	9292	9293	9983	10613	10636	12396	12454	12629	12764	12819	13202	13245	13810	13986	14172	14268	14646	14934	15191	15387	15877
2645	2646	2647	2648	2649	2650	2651	2652	2653	2654	2655	2656	2657	2658	2659	2660	2661	2662	2663	2664	2665	2666	2667	2668	2669	3751	3921	4295	4984	5309	5600	6118	6316	6464	7010	7604	9103	9294	10412	10794	11112	11611	13486	13554	14048	14665	14669	14854	15273	15581	15710	16093	16456	17051
2670	2671	2672	2673	2674	2675	2676	2677	2678	2679	2680	2681	2682	2683	2684	2685	2686	2687	2688	2689	2690	2691	2692	2693	2694	3697	3778	3879	3898	3974	4267	4600	5256	6257	6519	7242	8476	8559	8738	8761	9045	9859	10219	10767	12221	13971	14279	14695	14900	15088	15628	16595	16845	17191	17212	17337	17356	17500	17546
2695	3024	3485	3525	3986	4136	4613	4800	4816	5867	6351	6960	6966	7285	7756	7765	8820	8994	9745	10024	10046	12342	12823	13194	13209	13623	13665	15363	15485	15521	15685	15755	15765	16378	16854
2696	3045	3091	3121	3261	3314	3382	3775	3812	4750	5108	5196	5481	5848	5868	6196	7135	7332	7774	8122	8241	8292	8430	8544	10031	10305	10312	10822	11088	11680	12258	12640	12789	13382	13694	14620	15256	15304	15915	16398	17417	17481
2697	2698	2699	2700	2701	2702	2703	3384	3615	4094	4198	4379	4983	5099	5388	5776	6436	6658	6810	6888	7019	7148	8174	8900	8940	9320	9377	9399	9690	9845	9863	10343	10370	11108	11279	11295	12248	12249	12296	12378	12774	13183	13505	13653	13689	13789	14467	14673	15331	15352	15682	16224	17181
2704	3013	3109	5249	5424	5457	6109	6569	7015	7110	7446	7631	8132	8199	8651	8698	9408	9641	9892	10052	10139	10791	10807	11409	11729	12113	12820	12866	13027	13871	13900	14267	14310	14804	14910	15315	16072	16171	16330	16606	16652
2705	3312	3423	3672	3683	3839	4178	4732	4848	4955	5686	6067	6875	7320	8129	8287	8540	8809	9048	9415	9761	11215	11724	12064	12341	12578	12591	12665	12973	13208	14096	14430	14683	14721	14870	15346	15865	16046	16075	16346	16360	16512	16572	16594	16981	17185	17246	17522
2706	3200	3389	3487	3922	6046	6159	6244	6681	7151	7850	7864	8086	8649	9238	9705	9852	10021	10163	10692	10867	10972	10975	10982	11570	13143	13713	14164	15487	16000	16244	16368	16817	17241
2707	3231	3331	3524	4433	4814	4916	5204	5557	6532	6838	6901	7679	7731	8825	10768	11099	11909	12046	12397	13265	13281	13582	14408	14943	14989	15123	15132	15512	15909	16089	16319	16602	17201	17274
2708	2976	3469	3688	4305	4697	4704	5061	5237	6213	6512	6737	7065	7180	8022	8145	8437	9334	9526	9776	10218	10879	11140	11540	12144	12357	13090	13830	14461	14555	14656	15008	15637	16380	17383	17455
2709	2710	4502	4731	4822	5136	5431	5701	6148	6235	6277	6503	7005	7006	7355	7761	7809	8814	8842	8921	9327	9411	9427	10884	11053	12022	12154	12816	13237	14144	14220	15843	16049	16516	16889	16918	16939	17062
2711	3696	3789	3995	4355	4360	4761	5161	5753	6250	6293	6376	6411	6458	6743	6891	7050	7464	7550	8321	9014	9324	9847	9907	10107	10576	11117	11322	12445	12518	12799	13282	14018	14289	14451	14600	15079	15604	15965	16590	16925
2712	3438	3708	3810	3925	4293	4878	4973	6549	6613	6831	7432	7574	7610	8484	8886	9500	9691	9750	10821	11774	11966	11973	12126	12404	12443	12545	12879	14232	14415	15749	15776	16193	16441	17128	17334
2713	3257	3335	3449	4203	4389	4489	5124	5628	5642	6977	7639	7971	8737	9573	9883	10086	10228	10568	11757	14199	14729	15307	16008	16018	16232	16434	16714	16745	16816
2714	2715	2716	2717	2962	4035	4416	4882	5141	5509	6203	6303	6558	6909	6928	7381	7421	9406	10647	11340	12677	12721	12894	12896	13126	14358	14605	14807	15259	15468	15532	15687	16022	16120	16337	16793	16915
2718	2719	2720	2721	2722	2723	2724	2725	2726	2727	2728	2729	2730	3218	3622	4661	4672	5337	5342	5625	6273	6438	6628	7228	7634	8152	8235	10058	10071	10671	11110	11847	12127	13109	14156	14229	14412	14525	15018	15365	15384	16704
2731	3145	3210	3328	3693	5146	5549	5702	5831	6135	6318	6402	7889	7977	8063	8453	8646	8659	8731	9302	9611	11373	11736	12286	12791	13547	13680	13778	14852	15215	16167	16277	16294	16322	16367	17022
2732	2733	3369	3743	4210	4258	4333	4606	5125	5873	6290	6965	6981	7658	9109	9279	10085	10456	10856	11050	11388	11637	11694	11814	12714	13538	13995	15235	15442	15656	15930	16229	16525	16806	16998
2734	2735	2736	2737	2738	2739	2740	2741	2742	2743	2744	2745	2746	2747	2748	2749	2750	2751	2752	2753	2754	2755	2756	2757	2758	2759	2760	2761	2762	2763	2764	2765	2766	2767	2768	2769	2770	2771	2772	2773	2774	2775	2776	2777	2778	2779	2780	2781	2782	2783	2784	2785	2786	3183	3948	4125	4386	4533	4881	5218	5851	7184	9231	11585	12388	12741	12758	13217	13438	14080	14275	14978	15012	15144	16172	16570	17250	17412
2787	2788	2789	2790	2791	2792	2793	2794	2795	2796	2797	2798	2799	2800	2801	2802	2803	2804	2805	2806	2807	2808	2809	2810	2811	2812	2813	2814	2815	2816	2817	2818	2819	2820	2821	2822	2823	2824	2825	2826	2827	2828	2829	2830	2831	2832	2833	2834	2835	2836	2837	2838	2839	4892	5024	5198	5382	5520	6178	6314	6550	6805	7061	7385	7861	9082	9136	9577	9813	10442	10748	10886	11006	11019	13261	13759	14064	15617	16693	17119
2840	2841	2842	2843	2844	2845	2846	2847	2848	2849	2850	2851	2852	2853	2854	2855	2856	2857	2858	2859	2860	2861	2862	2863	2864	2865	2866	2867	2868	2869	2870	2871	2872	2873	2874	2875	2876	2877	2878	2879	2880	2881	2882	2883	2884	2885	2886	2887	2888	2889	2890	2891	2892	2943	3177	3290	3397	3502	4243	4382	4430	4694	5269	5531	5850	7635	7655	7762	7994	8938	9714	10270	10941	11131	11543	11601	11658	12060	12615	13395	13587	14045	15519	15912	16135	16264	16759	16869	17071	17156
2893	2894	2895	2896	2897	2898	2899	2900	2901	3161	3285	3513	3624	3723	3871	4010	5676	5978	6515	6848	7157	7296	7486	8624	8838	10333	10645	10949	11758	12803	12907	13016	13200	13559	13572	14127	14652	15250	15490	16036	16439	16459	16577	17034	17048
2902	3031	3181	3666	4000	4074	4434	4650	4754	4929	5271	5568	5897	7032	7725	8142	9425	9614	10296	10327	10992	11945	11986	12713	13465	13794	14248	15227	15408	15497	16199	16312	16417	17251
2903	2904	2905	2906	3949	3997	4118	4479	4549	5069	5698	6756	7555	8521	9230	10375	10388	11679	14231	14847	15730	16144	16457	16472	17470
2907	2908	2956	3422	3492	3536	3543	3837	4269	4536	4922	4934	5035	6027	6061	6340	7142	8178	8221	8274	10861	11712	12190	12717	13187	13279	13539	14004	14160	14491	15711	16099	16936	16941
2909	3644	3896	4069	4347	4374	4492	4891	4903	5423	5500	5752	6246	6770	7397	7423	8273	8281	8677	9185	9288	9345	9808	9900	10003	10008	11213	11682	11799	12010	13397	13798	14503	14655	15472	15636	16218	16275	16859	17254
2910	3821	3883	4418	4531	4667	4692	4779	5251	5594	6725	7542	7703	8285	9860	9879	10630	10911	12278	12473	12610	12712	12825	13206	13818	14509	14791	14839	15276	15381	16308	16536	17260	17283	17532
2911	2912	3006	6717	7038	7089	7114	8402	8548	8723	9286	9629	9707	10990	11358	12643	13173	13192	13965	14874	14882	15064	15211	15433	15801	15874	17045	17528
2913	2914	2915	2916	3338	4062	4115	4425	5791	6731	7401	8140	8695	8696	8836	8843	9310	10352	12339	12987	13372	14157	15148	15916	16241	16404	16822	17176
2917	2918	3875	4303	5437	6204	6630	8169	8469	9849	10648	10736	11319	11669	12139	12333	12730	13004	13498	13943	14224	14465	15456	15731	15813	16034	16840	17329
2919	2920	2921	2922	3246	3479	3534	4131	4341	4419	4563	5402	5784	6501	8090	8995	10932	11764	12702	12734	12737	12890	12921	13521	13596	14435	14704	14828	16174	16423	16711
2923	3647	5661	6428	7422	8010	8876	8901	9182	9359	9778	11336	11352	12683	13258	13513	13947	14294	14879	15753	16642	16861	17024	17423
2924	3736	4257	4339	4981	6374	6796	6813	8928	9233	9446	10114	10529	10984	11067	11071	11075	12053	12370	12413	13827	13879	15248	17087	17403	17409	17519
2925	3123	4455	4671	5510	5599	5902	5998	6001	6337	6590	7028	7333	7339	8657	8847	9232	9234	9766	11241	11753	12054	12918	13221	13228	13328	15348	15800	16009	16690	16962	17388	17397	17540
