234	668	967	1033	1176	1206	1346	1402	1461	1495	1497	1508	1550	1582	1597	1867	1975	2140	2175	2383	2405	2515	2699	2736	2965	3023	3080	3422	3486	3488	3506	3537	3710
109	443	620	679	746	811	1028	1197	1212	1224	1651	1739	1786	1885	1905	2096	2234	2245	2342	2469	2656	2747	2908	2931	2938	3014	3044	3059	3101	3362	3420	3554	3803
32	88	93	183	552	669	675	676	741	814	837	851	972	1016	1041	1070	1179	1260	1401	1434	1492	1579	1676	1732	1776	1808	1836	1927	2006	2012	2034	2088	2249	2250	2495	2722	2723	2834	2944	3019	3106	3168	3183	3323	3403	3414	3551	3565	3724
12	29	53	62	104	149	171	184	230	233	248	297	313	314	340	381	382	395	401	444	467	503	514	525	535	590	596	662	701	898	918	971	1117	1118	1245	1358	1440	1460	1473	1700	1810	1896	1940	2285	2462	2558	2782	2824	2870	2947	3064	3105	3107	3348	3392	3779
13	30	54	63	105	150	172	185	231	249	298	329	330	341	445	468	515	526	536	591	597	645	924	957	1019	1083	1123	1273	1380	1589	1616	1689	1813	2001	2237	2331	2507	2588	2666	2675	2695	2698	2717	2818	2909	2925	2984	3006	3025	3322	3610	3645	3652
14	31	151	186	428	446	469	516	537	592	595	598	661	713	1088	1345	1456	1484	1766	1811	1952	2061	2386	2476	2508	2578	2624	2647	2697	2916	2986	3060	3344	3377	3544	3647	3769
15	106	152	187	447	470	517	538	795	997	1094	1214	1351	1496	1607	1634	1640	1655	1751	1991	2043	2107	2134	2144	2418	2637	3149	3234	3411	3491	3502	3766
16	153	188	448	471	518	539	706	731	750	754	857	886	1293	1424	1448	1568	1733	1861	2141	2289	2427	2430	2448	2454	2475	2484	2536	2635	2858	2977	2996	3321	3342	3382	3545	3555	3626
577	636	842	864	921	1393	1404	1748	2005	2074	2380	2623	2653	2672	2843	2883	2987	3137	3224	3272	3360	3441	3521	3587	3608	3678	3799
110	743	794	854	981	1000	1079	1111	1204	1235	1314	1565	1693	1866	1989	2011	2370	2437	2873	2888	2913	2955	2964	3134	3193	3295	3315	3589	3648	3730
92	678	712	726	815	871	907	916	959	990	1032	1136	1163	1239	1439	1510	1583	1781	1868	1886	2000	2027	2050	2083	2167	2352	2423	2540	2577	2830	2847	2849	2976	3109	3110	3114	3230	3670	3723
26	96	235	429	571	654	684	901	976	978	1005	1091	1099	1220	1318	1462	1614	1636	1680	1685	1777	1863	2070	2143	2195	2404	2821	3031	3116	3586	3651
27	236	430	572	649	769	826	881	1203	1254	1256	1383	1527	1705	1793	2023	2042	2318	2327	2639	2755	2776	2798	2997	3046	3233	3356	3423	3455	3469	3675	3753	3758	3782
101	237	610	798	850	878	889	925	996	1199	1647	1763	1770	2004	2072	2187	2304	2317	2319	2334	2474	2587	2601	2677	2680	3054	3117	3237	3293	3421	3429	3576	3672	3699
28	238	758	767	948	974	1080	1107	1429	1649	1678	1746	1850	1931	2035	2038	2062	2272	2273	2326	2446	2457	2757	2793	2802	2808	2974	2982	3135	3154	3371	3462	3525	3572	3602	3636	3657	3712
38	56	64	118	125	154	200	206	266	273	279	353	362	365	371	374	407	420	431	452	477	489	492	527	540	641	652	729	778	1035	1149	1154	1191	1363	1377	1400	1688	1790	2216	2332	2417	2553	2827	3058	3093	3160	3396	3611	3671	3759
39	57	65	119	126	155	201	207	274	280	354	363	366	372	375	408	421	432	453	478	490	493	528	541	869	980	1061	1166	1398	1631	1723	1978	2040	2087	2102	2207	2243	2378	2517	2645	2804	2836	2846	2914	3069	3119	3265	3481	3600	3603	3754	3794	3805
5	40	58	66	120	127	156	189	196	202	208	275	281	350	351	355	364	367	373	376	409	422	427	433	454	479	491	494	529	542	553	573	647	690	745	861	867	984	1008	1106	1135	1425	1483	1540	1569	1665	1717	2154	2157	2324	2451	2567	2589	2772	2853	3156	3167	3181	3590	3716	3743
17	41	46	59	67	97	128	157	203	209	225	257	267	270	276	282	285	356	368	423	434	472	480	495	513	530	578	611	615	685	902	1238	1286	1403	1552	1735	1833	2059	2149	2172	2211	2241	2256	2321	2339	2449	2661	2710	2805	2936	2957	2963	3070	3078	3148	3173	3349	3361	3400	3433	3447	3732	3774
18	42	47	60	68	129	158	204	210	258	268	271	277	283	286	357	369	424	435	473	481	496	531	579	612	677	773	804	809	836	876	1043	1266	1267	1419	1499	1710	1740	1828	1950	1968	2120	2190	2225	2262	2489	2538	2715	2734	2921	3047	3056	3150	3165	3351	3459	3597	3621	3668	3750
61	205	269	272	278	284	287	358	370	425	474	482	497	580	613	771	812	1067	1074	1121	1298	1311	1384	1420	1463	1466	1531	1533	1881	2048	2069	2202	2218	2419	2571	2628	2786	2918	2945	3043	3113	3143	3172	3206	3298	3326	3343	3427	3510	3535	3632	3725	3765
6	35	43	122	130	159	174	211	262	264	291	293	295	359	412	416	464	483	486	505	511	533	549	559	574	582	587	599	602	604	616	786	822	1277	1307	1469	1501	1522	1632	1827	2033	2192	2355	2408	2422	2583	2621	2712	2819	2923	3118	3247	3258	3283	3324	3328	3341	3413	3436	3662	3673	3764
7	36	44	123	131	160	175	212	263	265	292	294	296	309	310	311	312	360	411	413	417	465	476	484	487	506	512	534	550	583	588	600	603	605	631	686	768	995	1053	1244	1253	1355	1576	1884	1901	2235	2406	2662	2702	2787	2840	3048	3084	3282	3561	3604	3692	3733	3798
45	124	132	161	176	213	361	414	418	466	485	488	507	551	584	601	753	1139	1222	1247	1248	1257	1352	1433	1475	1545	1546	1675	1822	1842	1883	2009	2210	2293	2337	2338	2366	2543	2574	2659	2704	3032	3066	3288	3318	3419	3640
1	9	48	69	162	177	197	252	288	343	396	519	543	560	1058	1208	1435	1449	1509	1514	1764	1799	1814	1825	1837	1900	1970	2073	2169	2379	2397	2425	2492	2625	2764	2812	2917	2929	3004	3081	3194	3217	3257	3290	3381	3493	3497	3509	3514	3620	3703
2	19	49	70	163	178	190	198	253	315	342	344	352	384	397	419	441	508	520	544	561	575	638	643	681	788	953	1004	1049	1076	1194	1195	1209	1350	1357	1558	1697	1800	1890	1913	1915	2100	2277	2530	2650	2692	3003	3141	3223	3446	3556	3697	3800
10	20	50	164	179	199	251	254	316	385	398	509	562	800	963	1218	1337	1389	1416	1520	1767	1841	1844	1899	1903	1909	2029	2168	2276	2290	2307	2487	2607	2922	3133	3213	3219	3226	3300	3541	3569	3580	3585	3616	3761
71	165	521	545	807	856	862	863	1064	1151	1171	1263	1302	1310	1517	1524	1588	1769	1848	1869	1917	2068	2071	2076	2104	2287	2341	2416	2426	2471	2610	2730	2758	2761	2762	2763	2848	2896	3028	3239	3281	3311
51	72	166	180	255	289	399	563	762	915	928	942	943	1017	1059	1125	1374	1410	1487	1594	1599	1622	1656	1666	1892	2105	2147	2170	2270	2322	2391	2512	2594	2618	2811	2973	3012	3123	3235	3310	3728
107	137	228	229	290	475	614	624	947	994	1011	1051	1156	1157	1232	1234	1268	1343	1601	1741	2220	2283	2363	2438	2509	2595	2810	3030	3034	3104	3124	3125	3338	3549
390	650	797	920	1014	1240	1506	1523	1610	1624	1742	1910	2119	2193	2209	2470	2529	2655	2744	2875	2893	3035	3253	3339	3379	3454	3456	3478	3494	3594	3628	3629	3734	3737
391	702	715	787	1130	1137	1241	1287	1459	1563	1743	1761	1935	1999	2032	2037	2056	2131	2132	2358	2568	2750	2851	3244	3391	3530	3542	3622	3702	3781	3787
383	501	502	776	799	961	1100	1261	1265	1407	1471	1534	1604	1702	1795	1856	1877	2367	2483	2499	2518	2597	2629	2780	2814	2829	2978	3144	3276	3337	3393	3439	3528	3595	3683	3709	3713	3776
439	1292	1301	1426	1468	1486	1557	1849	1912	1956	2053	2055	2174	2282	2375	2413	2456	2602	2708	2791	2907	2951	2970	3002	3166	3201	3294	3330	3426	3558	3601	3684	3729
37	723	784	1116	1142	1182	1249	1344	1408	1430	1474	1775	1920	1960	2010	2039	2084	2101	2180	2191	2223	2315	2344	2420	2458	2551	2606	2785	2939	3145	3332	3373	3378	3410	3523	3559	3630
239	708	824	827	883	895	949	1012	1095	1160	1246	1319	1366	1422	1537	1587	1728	1773	1870	2066	2165	2373	2385	2393	2401	2485	2510	2611	2640	2760	2886	2933	2995	3153	3240	3304	3406	3639	3658	3688	3749	3770	3790
332	870	894	1002	1122	1153	1167	1225	1228	1288	1371	1638	1782	1854	1882	1891	1936	1954	1957	2308	2323	2388	2424	2444	2513	2652	2660	2769	2794	2940	3511	3524	3552	3606	3719
333	606	737	808	835	914	954	1037	1193	1271	1282	1354	1382	1598	1606	1615	1628	1662	1726	1817	1902	1907	1914	1941	2228	2260	2539	2749	2790	2799	2860	3036	3163	3242	3250	3312	3325	3345	3483	3531	3553	3696	3793
334	607	664	707	780	1180	1281	1397	1411	1559	1642	1714	1754	1756	1906	2024	2095	2130	2183	2232	2320	2376	2496	2554	2825	2881	2950	3103	3127	3199	3203	3277	3302	3792
335	751	848	906	909	931	1046	1071	1262	1294	1321	1325	1372	1438	1485	1567	1592	1659	1747	1934	1938	2137	2148	2295	2329	2431	2591	2598	2671	2713	2751	2770	2842	2904	3074	3136	3184	3384	3534	3536	3609	3643	3691
336	644	714	879	1280	1542	1609	1618	1671	1691	1692	1698	1847	2017	2044	2123	2133	2263	2288	2514	2549	2585	2654	2664	2809	2833	2850	2857	2899	2998	3037	3041	3121	3346	3364	3405	3513	3584	3711	3727	3739
337	608	829	1201	1210	1340	1353	1633	1683	1821	2065	2178	2452	2490	2627	2724	2855	2866	2911	2919	3089	3122	3200	3207	3412	3499	3539	3596	3654
338	646	658	665	683	716	732	838	841	1039	1324	1453	1611	1690	1768	1873	1995	2186	2206	2221	2435	2436	2555	2572	3195	3196	3221	3374	3409	3527	3665	3667	3690	3795
339	404	609	696	955	1145	1146	1198	1386	1562	1706	1798	1888	1963	1983	1984	1997	2003	2091	2138	2166	2203	2215	2269	2409	2445	2562	2690	3033	3049	3063	3079	3270	3273	3352	3417	3430	3599	3783
33	73	89	100	167	173	181	191	226	227	299	300	394	400	402	403	436	440	442	504	522	546	554	593	618	621	752	1184	1216	1518	1603	1620	1719	1908	2109	2377	2443	2580	2632	2979	2992	3005	3097	3157	3389	3624	3771
87	94	117	134	301	437	589	951	1065	1183	1316	1421	1637	1759	1832	1918	1946	1967	1982	2021	2057	2128	2146	2199	2336	2365	2392	2399	2669	2759	2878	2946	2981	3008	3176	3387	3452	3465	3788	3789
74	138	214	317	377	386	455	671	728	779	820	845	899	969	1003	1007	1052	1158	1306	1387	1423	1470	1491	1502	1727	1802	1824	1835	1843	2089	2113	2182	2188	2246	2382	2465	2494	2706	2707	2820	3197	3366	3404	3588	3661
75	113	139	215	303	305	318	456	569	629	813	1415	1630	1738	1928	1929	1981	2200	2213	2214	2357	2428	2439	2464	2564	2773	2868	3228	3367	3498	3638	3650
76	114	140	216	304	306	319	457	570	630	651	760	860	919	1048	1127	1223	1258	1521	1532	1547	1572	1716	1801	2151	2280	2453	2468	2506	2609	2668	2694	2719	2732	2902	2930	3151	3180	3204	3232	3243	3261	3267	3380	3402	3457	3503	3641	3786
77	141	217	320	458	663	816	1084	1131	1148	1219	1481	1530	1612	1619	1695	1750	1973	1979	1992	2058	2078	2238	2268	2325	2573	2608	2774	2815	2828	2845	3050	3108	3408	3482	3767
78	142	218	302	307	321	459	847	966	1021	1066	1113	1119	1140	1338	1347	1573	1641	1657	1820	1829	1961	1972	1987	2008	2016	2181	2267	2522	2523	2681	2696	2738	2885	3083	3158	3296	3507	3562	3623	3721	3751
52	79	121	143	168	182	192	219	259	322	378	387	410	438	510	523	532	547	564	756	956	1045	1050	1060	1175	1186	1213	1308	1414	1457	1493	1503	1515	1626	1731	1744	1809	1953	2015	2025	2179	2226	2261	2265	2297	2433	2559	2560	2728	2766	2882	3053	3617	3631	3674	3791
80	144	220	323	388	460	655	721	825	877	991	998	1038	1040	1085	1381	1574	1596	1687	1701	1753	1771	1788	1895	1924	2259	2548	2550	2561	2679	2693	2731	2880	2895	3027	3209	3434	3522	3614	3619
81	145	169	221	260	324	389	524	548	556	660	900	950	1006	1097	1115	1190	1323	1399	1444	1595	1617	1846	2022	2028	2156	2217	2253	2466	2480	2486	2532	2545	2556	2646	2701	2741	2841	2862	3155	3208	3319	3437	3484	3564	3736	3746
55	82	146	222	325	462	633	634	777	941	1069	1202	1283	1296	1332	1369	1392	1395	1489	1554	1566	1643	1783	1971	2161	2390	2410	2447	2511	2526	2626	2678	2682	2683	2856	3011	3238	3385	3467	3543	3575	3708	3720
83	147	223	326	722	738	880	1077	1295	1336	1406	1454	1553	1581	1602	1658	1737	1789	1816	2121	2125	2135	2292	2340	2631	2949	3187	3246	3357	3358	3450	3451	3698
84	148	170	224	327	1018	1112	1364	1388	1478	1608	1736	1858	1930	1974	2309	2356	2493	2501	2924	3051	3086	3095	3169	3188	3218	3313	3390	3399	3443	3445	3591	3756
85	379	461	1030	1072	1089	1098	1114	1162	1211	1221	1236	1333	1341	1465	1529	1538	1539	1627	1758	1803	1955	2002	2018	2139	2354	2411	2414	2421	2440	2461	2525	2714	2746	2863	2927	3115	3178	3279	3286	3440	3460	3473
0	648	682	736	830	846	855	865	1104	1505	1544	1551	1590	1749	2082	2173	2271	2351	2534	2535	2565	2633	2670	2688	2727	2754	2800	2807	2889	3067	3090	3477
21	25	102	103	108	133	240	250	261	380	840	933	1081	1126	1304	1312	1348	1418	1431	1575	1645	1677	1712	1730	2124	2230	2231	2298	2429	2442	2570	2605	2801	2865	2991	3175	3177	3210	3255	3260	3317	3368	3471	3479	3581	3656	3663	3773
557	770	911	977	983	1047	1141	1192	1284	1513	1785	1815	1926	2036	2111	2185	2189	2279	2472	2879	3040	3052	3126	3162	3212	3512	3768	3785	3804
256	625	730	805	893	908	968	989	1027	1036	1078	1109	1138	1165	1174	1289	1326	1477	1703	1707	2014	2103	2110	2155	2398	2403	2612	2691	2765	2803	2844	2962	2967	3026	3140	3170	3215	3333	3470	3653	3742	3763	3778	3784
11	345	347	626	657	727	785	792	819	833	853	905	945	1217	1230	1297	1578	1812	1951	2350	2455	2497	2956	3161	3202	3205	3249	3376	3449	3480	3532	3568	3574	3655	3731
91	194	346	348	349	617	619	627	632	640	666	704	1185	1243	1259	1331	1412	1560	1570	1625	1673	1904	2150	2303	2361	2467	2720	2817	2839	2898	2972	3075	3099	3171	3264	3372	3428	3444	3642	3689
241	823	975	1164	1270	1309	1511	1661	1804	1823	1875	1925	1964	2242	2252	2528	2726	2813	2912	3130	3216	3271	3303	3563	3637
242	765	1110	1120	1177	1200	1349	1394	1635	1672	1721	1762	1791	1921	1933	1977	2236	2239	2255	2312	2374	2389	2657	2658	2937	2961	3073	3096	3222	3431	3515	3593	3598	3633	3669	3714
243	653	718	748	761	802	810	852	890	926	1124	1447	1541	1840	1851	1862	1871	1922	2229	2299	2300	2368	2488	2557	2648	2874	2934	3017	3020	3071	3129	3147	3164	3266	3340	3476	3627	3747	3807
244	689	759	872	927	970	1062	1075	1128	1272	1320	1455	1755	1778	1805	2085	2090	2118	2159	2171	2244	2258	2520	2748	2806	2822	2852	2864	2890	2988	3018	3038	3092	3131	3252	3289	3299	3386	3394	3435	3526	3666	3715
245	698	1143	1445	1458	1653	1654	1709	1752	1830	1853	2080	2093	2127	2198	2333	2353	2460	2592	2767	2789	2796	2906	2910	2926	2989	3039	3082	3231	3287	3463	3573	3592	3615	3777
392	874	952	1161	1275	1279	1285	1313	1442	1571	1644	1664	1669	1819	1865	1966	1976	2019	2291	2328	2504	2684	2823	2826	3185	3190	3241	3284	3314	3442	3517	3695
393	709	744	834	1205	1300	1385	1396	1450	1600	1639	1652	1660	1839	1916	1923	1990	2092	2142	2160	2547	2667	2673	2676	2783	2915	2969	3072	3198	3269	3336	3388	3475	3504	3577	3618	3635	3646	3740	3755
111	739	832	885	937	944	992	1101	1255	1276	1329	1528	1580	1668	1857	1859	1864	1887	1959	2047	2201	2274	2381	2394	2441	2541	2756	2859	2975	3013	3024	3065	3146	3174	3263	3285	3297	3369	3432	3472	3501	3700	3705	3760	3772	3775
112	622	642	695	711	904	1150	1328	1359	1432	1437	1472	1512	1526	1876	1898	1949	2049	2054	2301	2459	2463	2521	2566	2617	2703	2739	2742	2775	2777	2887	3280	3806	3809
426	693	858	1025	1103	1207	1227	1593	1629	1681	1772	1784	2176	2197	2310	2314	2395	2400	2412	2491	2519	2552	2616	2643	2900	2968	2990	3000	3138	3142	3329	3335	3685
623	710	735	1034	1187	1252	1327	1591	1670	1682	1713	1757	1792	1958	2031	2266	2281	2345	2498	2615	2619	2634	2649	2687	2737	3268	3334	3425	3508	3520	3797	3808
22	308	565	567	772	930	962	973	1417	1452	1543	1696	2007	2030	2064	2094	2129	2330	2372	2636	2651	2709	3088	3094	3132	3518	3529	3560	3567	3748	3801
23	115	576	700	719	766	803	922	960	965	1010	1090	1108	1129	1147	1178	1250	1278	1305	1409	1556	1760	1765	1874	2108	2162	2247	2505	2575	2613	2721	2867	2892	2935	3087	3365	3516	3707
116	449	568	637	670	882	888	1057	1303	1342	1376	1379	1674	1699	1725	1806	1826	2020	2052	2106	2194	2284	2359	2402	2576	2593	2725	2784	2985	3016	3091	3102	3359	3416	3466	3505	3583	3694	3735	3757
99	405	451	667	687	740	817	868	897	923	958	964	1102	1464	1561	1648	1650	1684	1880	2051	2158	2163	2347	2644	2788	2795	2869	2958	3045	3112	3490	3547	3741
3	24	406	566	656	659	692	775	801	910	936	946	1026	1042	1056	1269	1584	2126	2145	2208	2222	2387	2481	2604	2622	2711	2832	3015	3021	3029	3120	3375	3395	3571	3582	3634	3722
34	86	90	95	193	555	859	940	986	987	1093	1334	1362	1370	1378	1787	1860	1937	1986	2248	2603	2735	2928	2966	3062	3291	3350	3353	3468	3701
628	763	764	1086	1169	1170	1172	1237	1322	1335	1360	1373	1391	1427	1490	1585	1686	1715	1720	1796	1797	1988	2013	2045	2079	2294	2434	2582	2590	2665	2861	2941	2971	3347	3401	3461	3579	3625	3762
8	246	331	705	742	749	790	818	884	1173	1189	1231	1441	1443	1498	1549	1564	1605	1667	1818	1831	1838	1852	1944	2086	2177	2196	2204	2316	2348	2531	2705	2743	2752	2768	2837	2993	3236	3262	3274	3301	3305	3355	3407	3424	3500	3519	3681	3745
135	673	694	703	781	783	821	866	912	1092	1133	1144	1196	1428	1436	1519	1577	1679	1718	1807	1879	1948	1998	2077	2212	2369	2537	2600	2733	2884	2897	2901	2942	2959	3001	3055	3076	3214	3370	3495	3660
136	498	691	733	734	831	849	917	932	985	1029	1181	1188	1290	1507	1613	2254	2278	2482	2502	2569	2581	2584	2620	2638	2838	2948	2983	2999	3009	3211	3320	3354	3538	3607	3717	3718	3744	3752	3796
499	697	782	791	796	903	1152	1159	1233	1242	1251	1365	1375	1482	1488	1516	1525	1586	1845	1897	1911	1919	1945	2097	2115	2122	2152	2275	2415	2479	2503	2524	2586	2630	2718	2740	2835	2877	3022	3308	3331	3496	3540
500	680	839	843	934	1013	1055	1315	1317	1368	1446	1694	1745	1980	1994	2349	2407	2663	2700	2729	2980	2994	3111	3179	3182	3192	3278	3397	3398	3438	3474	3485	3550	3566	3644	3649	3680
98	594	724	725	774	913	982	1024	1132	1155	1168	1339	1476	1623	1942	1962	1965	2099	2257	2296	2346	2478	2500	2792	2854	3316	3448	3677	3693	3780
450	463	558	717	747	979	993	1054	1063	1215	1226	1711	1774	1878	1993	2136	2184	2219	2240	2335	2432	2614	2674	2905	2943	2952	3057	3248	3309	3415	3418	3548	3570	3664	3682	3738	3802
195	232	328	581	672	674	806	828	873	988	999	1096	1291	1536	1646	1708	1734	1943	1985	2041	2046	2060	2286	2305	2533	2641	2891	2954	2960	3007	3042	3061	3159	3227	3259	3327	3489	3546	3557	3686	3704	3726
585	635	720	789	935	1031	1044	1134	1274	1356	1480	1663	1894	1932	1947	2098	2112	2227	2343	2364	2516	2599	2797	2872	2932	3229	3464	3533	3676
586	844	875	887	929	1020	1073	1087	1229	1299	1361	1405	1494	1621	1704	1729	1779	1834	1872	1969	2026	2063	2081	2117	2384	2473	2579	2686	2745	2816	2903	3100	3186	3225	3292	3706
4	688	755	757	1082	1535	1555	1889	1893	2153	2233	2360	2396	2450	2753	2771	2779	2876	2894	2953	3077	3098	3128	3139	3152	3189	3220	3245	3251	3383	3458	3487	3492	3578	3613
415	891	892	896	938	939	1009	1015	1022	1023	1264	1330	1367	1467	1548	1722	1780	1794	1996	2067	2075	2164	2251	2264	2302	2306	2313	2362	2371	2542	2544	2546	2596	2685	2689	2781	2871	3068	3254	3256	3453	3612	3659	3687
247	639	699	793	1001	1068	1105	1390	1413	1451	1479	1500	1504	1724	1855	1939	2114	2116	2205	2224	2311	2477	2527	2563	2642	2716	2778	2831	2920	3010	3085	3191	3275	3306	3307	3363	3605	3679
