0	1140	1172	1183	1431	1954	2614	2827	3095	3343	3344	3365	3467	3783
1	2	698	967	1073	1376	1438	1538	1649	1792	1820	2056	2218	2246	2524	2572	2923	2996	3205	3604
3	1105	1157	1374	1377	1405	1616	1671	1717	2321	2545	2860	2971	3244	3367	3540	3700	3703
4	818	845	1120	1160	1527	1922	1951	2152	2467	2477	2919	3503
5	6	7	670	856	1003	1069	1512	1689	1801	2060	2639	2746	2780	2897	3013	3147	3287	3441	3461	3581	3685	3696
8	668	999	1230	1763	2015	2051	2197	2206	2211	2361	2495	3153	3533	3572	3771	3775
9	10	11	680	736	962	1021	1131	1603	1658	1815	1913	2230	2531	2717	2831	2914	2921	2998	3022
12	13	14	15	16	1355	1400	1583	2046	2064	2739	2791	2817	2955	3616	3664
17	18	19	20	639	651	991	1046	2004	2024	2099	2539	2579	2599	2645	2665	2772	3410	3575
21	781	918	1013	1269	1708	1950	2054	2087	2458	2507	2823	2911	3037	3140	3497	3522	3676
22	23	24	676	677	878	906	1222	1383	1834	1902	2196	2315	2595	2698	2999	3040	3428	3612
25	714	847	1032	1128	1143	1152	1311	1313	1363	1967	2396	2400	2751	3253	3297	3528	3791
26	27	28	782	1476	1544	1947	2029	2314	2666	2801	2887	2976	3124
29	30	31	650	925	941	1121	1352	1361	1861	2122	2395	2534	2978	3156	3278	3684
32	33	34	1126	1320	1898	1899	2028	2448	2592	2793
35	36	1560	1675	1849	2000	2429	2745	3160	3279	3319	3355	3576	3768	3787
37	877	1411	1427	1591	2055	2117	2303	2339	2633	2961	3230	3429	3516
38	39	40	41	42	43	44	45	828	1165	1217	1283	1328	1347	1563	1639	1647	1885	2450	2512	2649	3036	3645	3666	3752
46	47	48	49	50	51	52	786	1001	1650	1695	1935	2334	2523	2533	2724	2876	2981	2983	3362
53	54	55	743	787	855	939	949	966	1102	1188	1389	1465	1818	2183	2252	2577	2846	3000
56	57	58	59	60	61	1282	1435	1587	1940	2021	2511	2673	2838	2937	3339	3557	3751
62	63	64	65	66	67	68	69	70	71	72	73	74	75	76	77	78	79	80	81	82	83	84	85	86	1326	1401	1510	1597	2371	2385	2986	3007	3142	3598	3678
87	642	1676	1681	1744	1877	2085	2129	2308	2612	2635	2867	3069	3466	3489	3589	3611
88	89	90	656	777	821	822	1249	1515	1614	1656	1670	1710	1846	1926	2416	2462	2685	2760	2858	3066	3416	3475
91	972	989	1162	2631	2660	2762	2873	2904	3342	3539	3559
92	643	1251	1324	1536	1570	1636	1705	1709	1746	1918	2048	2098	2250	2378	2526	2546	2565	3052	3056	3148	3295	3425	3563	3595	3635
93	94	95	860	907	1272	1407	1418	1910	1970	2011	2240	2251	2474	2652	2737	2743	2975	3530	3708	3710
96	97	1525	1553	1693	1703	2095	2138	2177	2487	3194	3377	3446	3515	3543
98	690	753	840	1098	1147	1169	1196	1522	1855	2084	2190	2436	2562	2636	2684	2763	2898	2932	3470	3477	3502	3558	3577	3603	3807
99	1164	1170	1191	1410	1621	1625	1631	1678	1730	2010	2908	2990	3361	3524	3526	3551
100	739	1042	1114	1177	1415	1589	1775	1800	2022	2153	2797	2942	2969	3028	3150	3496
101	712	829	1016	1139	1321	1496	1835	1862	1984	2288	2506	2682	2790	2829
102	791	893	909	1186	1341	1387	1471	1881	2784	2902	2910	3100	3488	3513	3568	3622	3701	3799
103	648	1229	1660	1720	1829	2041	2313	2368	2497	2504	2568	2841	2912	3049	3162	3290	3408
104	105	106	691	722	915	1220	1360	1479	1547	1806	2164	2204	2715	3345	3371	3626	3648	3675	3756
107	687	720	844	1574	1657	1666	1761	1827	1839	1850	2564	3368	3790
108	826	883	1150	1463	2145	2423	2909	2948	3338	3447	3587
109	110	111	112	788	1802	1825	2304	2316	2393	2447	2741	3521	3698
113	114	730	823	903	983	1155	1171	1246	1495	1722	1742	1891	2198	2591	3208	3427	3655
115	116	706	836	1161	1180	1235	1444	1490	1638	1833	1907	2386	2415	2766	2836	3018	3174	3243
117	803	816	1351	1869	1975	2052	2353	2709	2840	2864	2866	3042	3249	3370	3456
118	119	120	121	945	1026	1031	1737	1766	1878	2217	2225	2266	2318	2632	2637	2688	2844	3231	3300	3382
122	123	124	833	1116	1386	1652	1854	1856	1987	2059	2261	2319	2374	2566	2757	3008	3464	3534	3661
125	126	127	128	129	130	131	132	133	660	757	1077	1299	1626	1739	1960	2491	2525	2729	3203
134	830	863	870	1050	1101	1197	1309	1369	1506	1694	1760	1895	1909	2136	2330	2748	2842	3235	3638
135	136	812	1027	1149	1548	1622	1716	1864	1906	2093	2125	3030	3106	3375	3483	3591
137	696	1590	1595	1702	1876	2273	2284	2696	3183	3401
138	139	140	141	142	143	144	145	146	147	148	792	1044	1104	1210	1236	1290	1331	1743	1837	1844	2418	2825	3314	3389
149	150	151	152	153	154	155	156	157	158	159	160	161	162	163	164	165	166	167	168	169	170	727	926	1200	1936	2405	2663	2678	2814	2946	3246	3274	3472	3518
171	172	955	1025	1308	1408	1489	1507	1969	2189	2457	2521	2522	2672	2740	3062	3210
173	895	1079	1123	1297	1416	1475	1715	2214	2662	2974	3138	3476
174	175	176	805	817	934	943	1266	1903	2101	2267	2283	2552	2619	2641	2744	2808	3064	3323	3794
177	178	179	180	181	182	1011	1052	1091	1442	1662	1803	1830	2007	2185	2280	2375	2441	2475	2676	2854	2871	2889
183	184	185	186	187	188	189	190	191	192	193	707	1330	1413	2148	2174	2257	2465	2468	2548	2764	3178	3405	3561	3623	3646	3669
194	735	1349	1613	2735	2768	3330	3336	3454	3507	3654	3760
195	837	1010	1112	1133	1365	1719	1747	2038	2116	2157	3357	3369	3788
196	197	198	199	1083	1205	1298	1728	2036	2044	2119	2302	2414	2991	3087	3185	3321	3605	3683	3692	3780	3796	3803
200	201	202	203	204	205	887	1289	1519	1537	1804	1945	2287	2326	2370	2392	2466	2870	3545	3615	3728
206	207	208	209	210	211	212	213	214	215	216	217	218	219	220	221	222	223	224	808	952	1080	1095	1201	2047	2348	2967	3009	3109	3260	3420	3465	3535	3806
225	675	852	1085	1268	1433	1567	1605	2359	2401	2571	2733	2789	2879	3284	3381	3642	3665	3759
226	804	1048	1381	1449	1482	1576	1664	1684	2114	2215	2391	2456	2582	3480	3569
227	809	931	946	1318	1566	1628	1642	1778	1924	2031	2033	2692	3256	3270	3444	3512	3688
228	923	936	1136	1179	1863	2019	2025	2075	2096	2137	2202	2282	2848	3412
229	1189	1480	1552	1745	1780	2168	2346	2767	3202	3304	3624	3741
230	231	232	765	1181	1305	1419	1555	1559	1928	1961	1978	2167	2277	2556	2607	2883	3288	3663	3667	3804
233	839	1228	1477	1500	2596	2694	2816	2927	3006	3057	3199	3399	3657	3743
234	235	236	237	238	239	240	241	242	243	244	245	246	247	636	1620	1817	2008	2207	2732	3322	3501	3687
248	249	681	713	1276	1396	2329	2432	2585	2601	2615	2869	2989	3094	3177	3302	3400
250	910	1092	1208	1263	1784	1916	2006	2082	2413	2728	2859	3440	3774
251	662	1119	1125	1195	1420	1929	2166	2233	2372	2589	2849	3255	3351	3753
252	253	254	255	256	1294	1757	2050	2337	2499	2554	2610	3286	3495
257	258	259	260	779	859	942	992	1090	1132	1821	2013	2419	2493	2509	2630	3082	3107	3151	3422	3431	3758
261	1110	1437	1612	2079	2159	2351	2358	2435	2558	2561	3101	3212	3242	3308	3437	3679	3754
262	263	729	850	988	1421	1860	2077	2333	2434	2550	2699	2995	3139	3206	3419	3460
264	265	638	890	1018	1279	1426	1549	1706	1711	1748	2290	2454	3096	3259	3366	3435	3671	3736	3778
266	267	268	269	752	1100	1234	1243	1648	1953	2460	2646	3080	3315	3383	3450
270	271	272	763	848	937	1039	1241	1385	1398	1561	1788	1883	2476	2501	2622	2779	2893	2977	3093	3102	3238	3413	3630	3689
273	274	275	276	277	278	708	740	914	1211	1430	1504	1630	1809	1868	2053	2221	2455	2834	3239	3462	3504	3693
279	280	281	282	283	284	953	1096	1394	1641	1753	2112	2121	2403	2410	2444	2505	2782	2881	3155	3189	3198	3341	3566	3690
285	286	287	288	289	664	733	770	1154	1224	1343	1392	1393	1473	1483	1673	1897	2265	2555	3329	3390	3600	3691	3772
290	694	862	900	922	1382	1487	1688	1768	1814	1904	1934	1962	2293	2340	2894	2915	2992	3397
291	292	652	913	1129	1572	1579	1584	1812	1870	2725	2843	3122	3385
293	294	692	880	1002	1362	2132	2247	2581	2651	2805
295	296	678	1793	1852	1888	2431	2471	2563	2738	2806	3020	3309	3724	3792
297	298	871	902	905	1153	1256	1726	1779	2066	2170	2593	2627	2647	2734	2907	3073	3168	3364	3453	3745	3764
299	685	810	897	995	1047	1232	1450	1957	2071	2134	2275	2344	2892	3263	3608	3659	3765
300	728	790	1395	1653	2012	2150	2363	2384	2613	2755	3021	3146	3272	3491	3499	3613
301	885	1082	1185	1596	2263	2532	3394	3525	3632
302	705	760	813	1145	1280	1697	2058	2108	2264	2792	2884	3111	3125	3529
303	304	769	891	958	1292	1569	1896	1992	2123	2407	2472	2485	2701	3019	3157	3328	3757
305	306	307	669	1439	1466	1488	1645	3647	3652
308	1130	1453	2590	2605	2730	2984	3001	3211	3353	3424	3493	3506	3651	3713
309	894	1643	1668	2449	2798	2813	2982	3299	3629
310	1056	1057	1176	1198	1286	1600	1704	2088	2090	2578	2775	3010	3384	3426	3726	3744	3747
311	719	919	1015	1086	1245	1368	1843	2002	2244	2899	3085	3149	3417	3445	3640
312	704	928	1391	1810	2470	2654	2770	2804	3063	3358	3607	3714
313	1007	1307	2018	2120	2216	2478	2484	2940	3079	3674	3720
314	315	316	317	318	319	320	321	322	323	324	325	326	327	328	1247	1634	1685	1740	2027	2481	2527	2936	2972	3084	3163	3176	3247	3474	3699	3755
329	746	1054	1182	1253	1858	2716	2947	3128	3438
330	1233	1257	1373	1509	1556	1690	1956	2034	2118	2306	2439	2496	2747	3024	3078	3266	3411
331	703	1213	1259	1267	1754	1988	2549	3578
332	333	334	335	336	337	338	339	744	773	1378	1517	1901	2298	2328	2443	2606	2618	2949	2958
340	341	689	756	1064	1206	1325	2143	2338	2513	3108
342	899	976	997	1148	1478	1610	2517	2896	3252	3398	3730	3738	3750	3761
343	344	742	1012	1492	2133	2648	2776	3002	3089	3415
345	346	748	1059	1142	1218	1262	1798	1828	2104	2162	2239	2291	2354	2390	2960	3055	3250	3298	3379	3433	3490	3770
347	348	658	1137	1242	1358	1470	1789	1831	2023	2026	2926	2959	3115	3337	3402	3644	3677
349	646	835	876	974	1301	1403	1786	1859	2184	2192	2203	2492	2731	2906	2928	3251
350	869	911	1049	1111	1215	1317	1505	1701	1808	2089	2260	2312	2362	2459	2711	2916	3039	3072	3240	3262	3567	3583
351	1041	1323	1469	1915	2003	2200	2642	2708	2803	2903	3071	3165
352	640	732	873	932	1030	1370	1448	1723	1797	1816	2544	2785	2922	2980	2993	3129	3144	3207	3257	3442	3588	3610
353	354	355	356	357	358	359	360	361	738	851	933	1764	2301	2679	2690	3011	3234	3327	3634	3682
362	363	364	825	1221	2144	2408	2479	2812	2994	3083	3169	3354	3801
365	366	367	368	369	370	1107	2279	2409	2510	2600	2888	3221	3223	3275	3291	3305	3455	3532	3546
371	372	373	661	711	827	1094	1250	2227	2446	3187	3523	3627
374	375	376	377	378	379	831	935	957	1293	1336	1354	1531	1580	1594	1927	2365	2376	2710	2810	2847	2954	3204	3332	3594	3766
380	673	917	1796	2020	2210	2464	2774	2835	3058	3697	3785
381	718	948	1423	1699	1948	1952	2102	2349	2411	3145
382	963	1248	1270	1412	1565	1655	1836	1938	2017	2336	2519	2629	2680	2681	2987	3038	3245	3443	3731
383	1038	1178	1277	1296	1312	1484	1875	2128	2325	2343	2350	2433	2498	2695	2850	3043	3051	3695	3718
384	385	386	387	388	389	745	814	1019	1187	1445	2158	3597
390	391	679	772	832	842	996	1106	1278	1503	1758	1762	2173	2212	2219	2442	2752	2765	3046	3373	3531	3550
392	393	754	798	1659	1781	1847	1997	2107	2412	2584	2957	3059	3468	3574	3668	3793
394	846	857	1346	1388	1848	1880	1943	2380	2490	2787	3196	3333	3482	3549	3779
395	737	1127	1366	1529	1564	1619	2721	2882	3283	3374
396	397	398	399	400	947	998	1175	1618	1946	2229	2237	2502	2706	2968	3166	3271	3582
401	1486	1637	1732	1787	1790	1794	1824	2035	2155	2634	2861	3132	3172	3517	3719
402	767	815	1065	1348	1819	2254	2675	2985	3264	3560	3565
403	834	1190	1258	1338	1585	1886	2286	2553	2594	2807	3077	3350
404	724	768	916	1043	1061	1332	1508	1851	2656	2795	3225	3487
405	406	1093	1429	1474	1494	1679	1733	1791	1894	1965	1972	2061	2422	2693	3081	3197	3510
407	408	409	410	1023	1602	2232	2480	2603	2891	3098	3380	3570	3734
411	865	1520	1582	2285	2426	3170	3421	3458	3606	3643
412	413	414	778	789	872	1151	1334	1958	1976	2179	2483
415	1167	1316	1977	2073	2176	2345	2828	2832	2939	3159	3459
416	417	418	1066	1118	2124	2199	2222	2322	2324	2661	2719	2895	3164	3463	3554	3649	3705	3739
419	709	938	978	1447	1485	1966	2624	2686	2756	2800	2901	2935	3105	3248	3473	3782
420	421	422	423	424	425	783	965	1117	1468	1811	2103	2238	2356	2586	2890	3296	3520	3555	3618
426	766	985	1099	1721	2169	2540	2856	2933	3599	3636
427	968	1068	1499	2213	2271	2557	2576	2885	3391	3414	3430	3725
428	861	921	1037	1163	1273	1663	1857	2773	2819	2845	2865	3121	3265	3448	3614	3639	3748
429	430	977	1459	1696	1773	1887	2076	2934	3016	3135	3171	3192	3767	3789
431	432	433	434	435	436	437	438	904	1777	1920	1930	2188	2347	2809	2863	3285	3571
439	440	665	889	1202	1300	1371	1573	1759	1866	2032	2538	2569	2802	2945	3032	3213	3281	3395	3809
441	1467	1756	2014	2139	2292	2638	3325	3500	3662	3805
442	671	758	982	1199	1314	1356	1364	1458	1523	1604	1872	1917	1994	2226	2620	2689	2736	2970	3041	3519	3580	3802
443	780	993	1446	1497	1646	1700	1752	1874	1884	1944	1971	2397	3388	3505
444	445	446	447	448	1193	1212	1511	2105	2305	2929	3088	3116	3423
449	843	874	940	1070	1075	1464	1683	1942	2057	2142	2587	3097	3267	3360	3592
450	884	1060	1184	2131	2366	2611	2796	3017
451	684	797	1156	1455	1751	1973	2068	2833	2868	3091	3276	3306	3334
452	453	454	1231	1275	1303	1359	1462	1516	1749	2067	2130	2147	2296	2653	2707	3130	3602	3633
455	456	457	458	459	460	461	1076	1252	1304	1414	1765	1893	1993	1996	2171	2209	2644	3293	3621
462	784	1034	1375	1422	1457	1607	1982	2111	2402	2671	2742	3335	3556
463	641	896	987	1227	1306	1734	2078	2127	2249	2258	2297	2383	2655	2799	3294	3670
464	465	466	807	1226	1350	1379	1493	2040	2091	2500	2508	2602	3541	3704
467	468	469	470	471	799	811	1072	1399	1769	1939	1995	2009	2335	2754	2966	3254	3258	3498	3716
472	473	474	701	954	1081	1441	1532	1611	1713	2110	2567	2758	2777	3099	3120	3218	3564
475	663	924	1040	1135	1194	1384	1390	1712	1879	1889	2065	2243	2272	2332	2341	2381	2559	2700	2811	3219	3694
476	820	981	1004	1598	1782	2598	2670	2938	3158	3492	3514	3619	3746	3749
477	478	479	480	481	482	483	484	485	866	1502	1724	2427	2877	3027	3154
486	487	488	666	1543	1805	2944	3034	3180	3479	3637
489	490	491	793	1219	1514	1654	1669	1682	1776	2106	2703	3193	3227	3232	3303	3409
492	493	494	495	496	497	806	838	1204	1632	1908	2178	2208	2574	2597	2608	2950	3033	3348	3536	3653	3808
498	499	500	775	800	1264	1873	2083	2172	2294	2486	2494	2528	2674	2702	2925	3045	3123
501	1432	1545	1738	1912	1979	2181	2195	2276	2311	3673
502	731	927	929	1209	1397	1528	1578	1672	1691	1826	2241	2377	2973	3318
503	504	699	1028	1633	1838	1892	1949	2097	2191	2424	2537	3118	3553	3727
505	506	507	864	1159	1367	1686	2820	3200	3547	3702	3800
508	509	510	637	879	1134	1329	1344	1562	2186	2379	2547	2788	3103	3167	3188	3471	3478	3511	3660	3777
511	512	1216	1238	1498	1593	1771	2072	2080	2461	2852	3797
513	912	1008	1291	1319	1409	1524	1541	1921	2187	2428	2697	2956	2988	3538	3656
514	515	516	517	518	519	520	521	522	523	524	920	1327	1608	1963	1990	2062	2242	2327	2342	2352	2781	3112	3127
525	526	527	528	529	530	531	944	990	1122	1274	1287	1925	2043	2160	2269	2289	2880	3222	3301	3527	3625
532	723	854	1109	1295	1554	1931	2081	2255	3075	3092	3117	3236	3376	3396
533	716	1443	1535	1557	1767	2074	2223	2262	2323	2438	2518	2668	3060	3451	3586	3686	3721
534	672	960	994	1017	1357	1417	1424	1472	1665	1974	2165	2299	2389	3068	3317	3609
535	536	537	538	539	540	541	542	543	544	545	546	547	548	659	973	1261	1340	1615	2541	2714	2771	3074	3137	3216	3280	3292	3331	3359	3508	3680	3732
549	550	551	715	751	762	951	961	1014	1024	1067	1571	2573	2609	2625	2965	3313
552	553	554	555	747	1103	1265	1822	1845	1991	2551	2669	2691	2851	2913	3307
556	557	801	956	1000	1214	1550	1674	1692	1865	2113	2236	2398	2503	2542	2588	2621	3012	3054	3601
558	635	868	886	1097	1841	1914	2049	2140	2445	2616	2720	2917	3763
559	764	1084	1087	1223	1731	1981	2100	2406	2488	2872	2964	3126	3226	3392	3469
560	561	562	563	564	1404	1540	1617	1774	2094	2300	2399	2516	2604	2712	2931	3050	3131	3241	3439	3769
565	566	721	975	1244	1718	1955	2163	2245	2687	3261	3723
567	568	1577	1698	2126	2205	2274	2453	2723	3152	3161	3407
569	570	683	688	1115	1586	1588	1853	2016	2045	2146	2473	2997	3104	3352	3404	3406	3733
571	572	655	759	796	1063	1333	1677	1840	2182	2360	2367	2878	3181	3346	3628	3712
573	574	881	901	1546	1651	1998	2281	2628	2822	2924	3004	3372	3711
575	1074	1203	1255	1337	1526	1629	1933	2331	2404	2417	2430	2469	2482	2857	2920	2941	2952	3349	3452
576	657	858	1285	1513	1575	1635	1919	1968	2069	2364	2617	2623	2830	2874	2886	3776
577	1089	1518	1592	1985	2640	2875	3025	3141	3672
578	579	580	693	1138	1456	1785	1795	1941	2713	3023	3110	3209	3224	3781
581	697	776	892	971	1051	1058	1454	1491	1882	1923	1980	2309	2394	2643	2963	3014	3029
582	583	584	1192	1406	1542	2278	2515	3119	3201	3215	3220
585	586	654	1071	1434	1558	1667	1964	2005	2268	2420	2452	2536	2704	2794	3015	3310	3326	3481
587	588	695	717	1402	1451	1900	1983	2141	2220	2659	3031	3114	3143	3403	3573	3742
589	686	725	749	761	964	984	1035	1380	1436	1533	2042	2194	2726	3179	3228
590	591	592	593	750	795	882	908	1353	1534	2224	2320	2437	2905	3047	3076	3090	3584	3737
594	682	1260	1440	1714	2180	2295	2489	2783	3229	3641
595	774	794	1322	2070	2193	2228	2824	3005	3070	3386	3436	3709	3717
596	597	598	970	1158	1707	1735	2514	2821	2862	3113	3175	3184	3432	3542	3681
599	600	601	841	950	1022	1146	1271	1281	1905	2086	2149	2369	2382	2463	2535	2626	2818	3026	3289
602	603	980	1020	1045	1168	1225	1425	1871	1937	2151	2175	3182	3191	3311	3418	3494	3544	3735
604	605	819	930	1174	1302	1345	1623	1755	2109	2234	3067	3136	3378	3596
606	607	608	609	644	771	802	986	1055	1842	2030	2388	2650	2667	2815	2943	3217	3233	3798
610	898	1033	1568	1783	2310	2664	2749	2786	2979	3044	3363	3562
611	612	613	1144	1166	1207	1599	1832	2001	2156	2201	2307	2355	2575	2677	2953	3053	3434	3706
614	674	726	1108	1284	1807	2705	2769	2839	2918
615	734	824	1237	1813	2037	2039	2722	2855	2951	2962	3035	3186	3707
616	653	1036	1288	1799	1959	2092	2530	2761	2826	2853	3268	3282	3387	3593	3631	3786
617	645	959	1005	1335	1461	1627	1687	1932	1986	2063	2161	3134	3173	3393
618	785	1342	1372	1481	1680	1727	1823	1867	2115	3086	3133	3214	3320	3324	3579	3590	3773
619	702	755	1624	1741	2259	2387	2421	2425	2718	3048	3190	3195	3269	3277	3537
620	621	622	623	1254	1310	1315	1501	2154	2440	2570	2759	2778	3237	3316	3457	3484	3509	3795
624	647	741	1113	1124	1339	1521	1736	1772	3003	3356	3486	3617	3722
625	626	627	1053	1088	1240	1452	1539	2135	2357	2580	2900	3065	3552	3658
628	710	849	1141	1428	1530	1609	1725	1770	2248	2451	2529	2583	3273	3449	3548	3585	3650	3729	3784
629	630	969	1029	1644	1729	1750	1890	2253	2270	2317	2658	2683	3340	3347	3620	3740
631	649	700	875	1661	2256	2520	2543	2560	2727	2930	3485
632	867	1078	1173	1460	1640	1911	2235	2750	3762
633	667	853	888	979	1009	1239	1601	1606	1989	1999	3715
634	1006	1062	1551	1581	2231	2373	2657	2753	2837	3061	3312
