0	1	2004	2009	2110	2298	2721	2804	2809	3244	3397	3615	3641	3683	4041	4050	4257	4383	4419	4851	4860	4990	5071	5334	5416	5531	6230	6333	6578	6671	7090	7378	7379	7479	7608	7763	8308	8333
2	3	4	5	6	7	8	1523	1557	1637	1736	1797	1933	1997	2107	2116	2205	2276	2381	2391	2671	2799	2896	3032	3217	3409	3509	3562	3729	3759	3860	4150	4333	4451	4585	4682	5187	5207	5348	5358	5659	5731	5975	6269	6611	6648	7001	7089	7103	7662	7761	7811	7882	8239	8277	8411	8461	8589
9	10	11	12	13	14	1654	1900	2532	2652	2668	2717	3207	3259	3330	3568	4037	4450	5253	5367	5551	5690	6043	6215	6477	6701	6787	6901	7114
15	16	17	18	19	20	21	22	23	1504	1785	1821	1973	1987	2069	2090	2143	2192	2285	2670	2879	3474	3664	3715	3737	4145	4406	4584	4765	4900	5221	5328	5394	5429	5629	5955	6201	6558	6961	7167	7394	7494	7617	7676	7931	8144	8406	8515	8688
24	1795	2189	2716	3140	3830	3944	4059	5149	5373	5519	6042	6110	6320	6590	6676	7299	7581	8008	8125	8207	8399	8468	8562	8676
25	26	27	28	29	30	31	32	33	34	35	36	37	38	39	1503	1635	1683	1928	2235	2375	2538	2805	3222	3426	3832	4911	5126	5236	5803	5994	6330	6340	6845	6880	7034	7354	7397	7642	7940	8149	8158	8225	8246	8844
40	41	42	43	44	1551	1574	1819	1827	1856	2085	2141	2267	2392	2504	2626	2898	3018	3315	3387	3614	3854	4029	4236	4307	4320	4420	5593	5653	6503	6540	6983	7003	7326	7607	7723	7736	7817	8002	8026	8065	8286	8518	8598	8685
45	46	1691	1708	3647	3716	3771	3844	3889	4043	4270	4336	4602	5398	5511	5679	6427	6906	7126	7260	7314	7343	7406	8094	8187	8222	8484	8749
47	1583	1648	2467	2537	2831	3020	3177	3418	3437	3956	3986	4154	4178	4374	4791	5045	5203	5449	5724	5811	5826	5880	6073	6420	6439	6739	6770	7186	7328	7542	7848	8235	8452	8503	8691
48	49	50	51	52	53	54	55	56	57	58	59	60	61	62	1608	1830	2160	2166	2254	2359	2396	2611	3006	3597	3605	4289	4673	4797	5179	5645	5671	6321	6335	6392	6419	6518	6569	6658	7240	7677	7686	7846	8299	8317	8416	8533	8552	8623	8673	8677	8738	8744
63	1651	1743	2119	2510	2572	3014	3025	3143	3326	3672	3748	3789	3818	4342	4389	4494	4882	4937	5012	5074	5616	5689	5783	5792	6080	6103	6324	6593	6653	6963	7065	7073	7138	7195	7196	7385	7474	7916	7923	8025	8275	8429	8632	8651
64	65	66	1495	1914	2007	2380	2445	2845	3142	3350	3518	3823	3859	3869	4338	4437	4517	4736	4742	5169	5406	5422	5895	6106	6423	6940	6966	6970	7136	7199	7329	7444	7473	7526	7577	7744	7957	8220	8554	8737	8797
67	68	69	70	71	72	73	74	75	76	77	78	79	80	81	82	83	84	85	1618	1955	2048	3755	3910	4161	4218	4497	4635	4892	4995	5075	5163	5247	5260	5332	5669	5678	5789	5872	6158	6162	6361	6556	6745	6874	7833	7937	8093	8266	8268
86	87	88	89	90	91	92	93	94	95	96	97	98	99	100	101	102	103	104	105	106	107	108	109	110	111	112	113	114	115	116	117	118	119	120	121	122	123	124	125	126	127	128	129	130	131	132	133	134	135	136	137	138	139	140	141	142	143	144	145	146	147	148	149	150	151	152	153	154	155	156	157	158	159	160	161	162	163	164	165	1623	2351	2667	2814	3022	3764	4916	4949	5622	5684	7202	7410	7928	8224	8697
166	167	168	169	170	171	172	173	174	175	176	177	178	179	180	1733	2136	2513	3034	3197	3263	3277	3450	3590	4280	4809	4863	5321	5493	5705	5805	5810	6001	6054	6274	6568	6684	6853	7057	7058	7224	7587	7841	7892	8312	8475	8492	8823
181	182	183	184	185	2348	2759	2957	2993	3368	3378	3422	3711	3769	3838	3888	4462	4536	4579	5404	5694	6332	6969	7025	7459	7583	7720	7768	8101	8253	8338	8454	8495	8775
186	187	188	189	1506	1911	2094	2383	2400	2631	2768	3085	3358	3398	3556	3733	3827	4117	4496	4528	4740	5038	5304	5401	5910	5996	6290	6505	6559	6613	6640	6660	6979	7228	7636	7873	8176	8489	8799
190	191	192	193	194	195	196	197	198	199	200	201	202	203	204	1568	1755	1815	1957	2364	2991	3282	3651	3674	3685	3713	3987	4238	4304	4447	4769	4794	5447	6100	6133	6191	6322	6586	6625	6655	6837	7435	7480	7657	7760	8238	8342	8418	8644
205	206	207	208	209	210	1670	1792	1939	1970	2100	2139	2220	2307	2406	3134	3471	3644	3645	3861	3982	4127	4780	4940	5034	5063	5966	6143	6188	6436	6813	6836	6852	6981	7104	7283	7618	7710	7808	7889	8156	8232
211	212	213	214	215	216	217	218	219	220	221	222	223	224	225	226	227	228	229	230	231	232	233	234	235	236	237	238	239	240	241	242	243	244	245	246	247	248	249	250	251	252	253	254	255	256	1514	1614	2202	2332	2343	2788	3036	3100	3148	3649	4149	4418	4598	4729	5318	5558	6300	6488	7201	7511	7751
257	258	1576	1692	1705	1823	1850	2040	2603	2977	3077	3088	3159	3447	3462	3538	3810	3851	4401	4548	4597	4758	4848	5083	5201	5330	5338	5564	5677	5875	5944	6107	6375	6410	6500	6635	6638	6727	6967	7105	7254	7525	7950	7984	8060	8354	8359	8501
259	260	261	1839	2186	2240	2934	2987	3419	3960	3961	4209	4260	4459	4675	4903	5061	5285	5832	5861	5929	6262	6328	6341	6475	6501	6957	7212	7250	7476	7865	8231	8234	8393	8539	8734
262	1841	1913	2034	2083	2118	2802	3111	3169	3407	3836	3839	4099	4252	4271	4625	4716	4820	4999	5625	5766	5851	6091	6165	6467	6499	6543	7028	7061	7287	7706	7712	7822	8124	8608
263	1543	1962	2234	2490	2600	2979	3000	3003	3128	3230	3624	3718	3997	4047	4071	4483	4532	5234	5418	5707	5852	5864	5892	6090	6122	6394	6630	6675	6851	7004	7208	7236	7327	7815	7891	8306	8499	8555
264	265	1877	2013	2070	2196	2542	2740	3516	3576	3793	4413	4592	5213	5393	5865	5979	6012	6463	6511	6707	6817	7140	7318	7359	7411	8117	8129	8131	8296	8298	8531
266	267	268	269	270	271	272	273	274	275	276	2674	2751	3027	3430	3858	4256	4361	4861	4944	4963	5312	5661	5893	5958	6088	6146	6190	6213	6294	6411	6746	6755	6991	7536	7728	7890	7962	8173	8758	8783
277	278	279	1529	1910	2109	2181	2448	2841	2888	3046	3745	3847	3902	3918	4030	4172	4435	4588	4952	4979	5026	5166	5198	5302	5487	5521	5594	5626	5813	5850	5901	5954	6071	6388	6892	6975	7036	7213	7792	8111	8403	8443	8590	8622	8720	8722
280	281	282	283	284	285	286	1558	1851	2065	2152	2489	2620	2715	2852	3463	4009	4012	4044	4051	4173	4219	4522	4540	4659	4661	4838	5158	5182	5280	5438	5663	5697	5720	5985	6003	6047	6432	6649	7000	7220	7509	7569	7612	7741	7839	7905	7958	8563
287	288	289	290	291	292	293	294	295	1521	1652	1659	2552	2632	2775	3092	3254	3356	3656	3758	3821	3826	3964	5248	5265	5525	5619	5894	5941	6380	6731	6939	7271	7508	7877	8146	8205
296	1786	2128	2162	2371	2688	2949	2978	3146	3209	3357	3458	3876	4331	4371	4454	4628	4920	4970	5116	5220	5633	5686	5932	6056	6437	6758	6791	6887	7177	7273	8210	8315	8407	8645	8781
297	298	1909	2061	2133	2157	2224	2354	2560	2887	3021	3180	3449	3739	4152	4239	4595	4715	4924	5090	5109	5186	5415	5782	5874	5891	6151	6210	6219	6286	6480	6508	7269	7377	7425	7484	7485	7699	7878	7913	8019	8188	8360	8778
299	1983	2449	2653	2739	2829	3121	3585	3717	4007	4077	4423	4668	4782	4980	5223	5395	5749	5879	5946	6034	6053	6089	6421	6472	6539	6564	6579	6935	7088	7205	7296	7540	8152	8567
300	301	1525	1758	1918	2002	2047	2272	2305	2347	2936	3038	3432	3936	4015	4025	4136	4582	4599	4931	4971	5132	5434	5915	6520	6538	7446	7634	7828	7926	7963	8381	8631	8782	8837
302	303	1953	1995	2132	2278	2821	3082	3234	3808	4561	4568	4638	4993	5135	5355	5369	5431	5590	5928	6128	6181	6234	6402	6822	6944	6993	7053	7160	7309	7518	7535	7673	7675	7852	7971	8073	8100	8186	8367	8387	8502	8640	8662	8748	8791
304	1596	1772	2244	2584	3196	3416	3773	3914	4723	4855	4972	5124	5227	5370	5430	5470	5781	5885	6009	6312	6349	6428	6603	6793	7265	7787	8397	8400	8514
305	306	1655	1899	2303	3892	4140	4153	4245	4290	4591	4763	4786	5546	5568	5664	5912	6040	6061	6281	6416	6536	6693	7071	8000	8139	8179	8435	8436	8704	8771	8854
307	1492	1775	2000	3163	3573	3980	3998	4168	4404	4441	4620	4660	4969	5129	5147	5588	5624	5835	5838	6377	6749	6958	6997	7197	7258	7789	8228
308	309	310	311	312	313	314	315	316	317	318	319	320	321	322	323	324	325	326	327	328	329	330	331	332	333	334	335	336	337	1527	1567	1699	1929	1974	2156	2159	2197	2217	2524	2586	2616	2624	3376	3558	3580	3814	3896	4477	5095	5266	5458	5611	6093	6189	6351	6412	6469	7154	7156	7351	7448	7939	8040	8135	8252	8480
338	339	340	341	342	343	1508	1590	1609	2660	3024	3262	3337	3523	3973	4139	4160	4572	4603	4632	4774	4996	5319	5597	6224	6303	6304	6517	6877	7062	7312	7320	7384	8171	8311	8392	8505
344	345	346	1729	2397	2437	2535	2578	2622	2685	2724	2773	2792	2880	2996	3002	3095	3190	3208	3265	3373	3782	3863	4189	4246	4481	4904	5076	5279	5298	5612	5617	6356	6378	6445	6592	6608	6679	6929	6937	7291	7541	7602	7739	7910	8069	8153	8324	8371	8414	8553	8713
347	1759	1765	1892	2378	2464	2526	2729	2877	2895	3137	4282	4300	4433	4457	4482	4570	4750	4902	4914	5093	5337	5632	5837	5887	5907	6063	6360	6544	6754	7067	7245	7765	8363	8727
348	2023	2120	2246	2705	2711	2758	2908	2948	2953	3103	3122	3473	3507	3520	3621	3775	3831	4069	4111	4233	4237	4285	4372	4500	4830	4976	5575	5914	6000	6417	6521	6694	6938	7012	7182	7267	7336	7546	7770	8703	8776
349	1629	1650	1936	1940	2706	2815	2847	2985	3225	3260	3637	3648	3816	3966	4163	4480	4683	5204	5518	5592	5736	5812	5866	6157	6180	6346	6376	6553	7528	7590	8005	8059	8497	8752
350	351	352	353	354	355	356	1559	1634	1679	1787	2164	2177	2692	2889	3173	3205	3459	3571	3840	3992	4004	4031	4315	4589	4636	4811	5084	5148	5151	5381	5793	5933	6125	6426	7187	7204	7507	7830	8372	8420	8446	8574	8576	8630
357	1569	1728	2266	2589	2718	2820	2826	2894	3074	3553	4034	4046	4293	4335	4704	4896	5019	5102	5282	5344	5472	5599	5700	6132	6184	6385	6795	6897	7352	7888	8267	8347	8428	8456	8507	8792	8793
358	1550	1657	2001	2144	2732	2745	2913	2965	3031	3076	3287	3300	3666	3704	3752	4162	4302	4364	4676	4741	5249	5365	5680	5998	6171	6621	6662	6759	6866	7492	7689	7713	7914	8023	8067	8163	8251
359	360	361	362	363	364	365	366	367	368	369	370	371	372	373	374	375	376	377	378	379	380	381	1584	1994	2168	2210	2368	2514	2835	3104	3152	3182	3801	3884	4019	4490	4516	4720	5113	5484	5637	6395	6451	6476	6509	7570	7572	7687	7999	8106	8211	8247	8290	8705	8717	8785
382	1630	1673	1738	1952	2564	2731	2782	2930	3714	3949	4345	4416	4859	5005	5105	5352	5364	5428	5452	5681	5747	5897	6273	6645	6974	7017	7333	7390	7434	7645	8524	8540	8805
383	384	385	386	387	388	389	390	391	392	393	394	395	396	397	398	399	400	401	402	403	404	405	406	407	408	409	410	411	412	413	414	415	416	417	418	419	420	421	422	423	424	425	426	427	2341	2458	2491	2561	2690	3079	3901	4134	4316	4701	5196	5347	5473	5674	6228	6409	6450	6479	6914	7019	7237	7331	7589	7594	8072
428	429	430	1533	1694	1834	1838	1912	1989	2103	2211	2258	2265	3101	3247	3448	3495	3575	3646	3853	3972	3984	4518	4523	4877	5161	5320	5402	5706	5777	6121	6194	6246	6743	6890	7279	7625	7637	7671	7685	7826	8496	8618	8786	8849
431	1478	1598	2241	3060	3129	3341	3456	3522	3565	3730	3813	4380	4852	5096	5412	5414	5439	5627	5636	5656	5843	5977	6011	6199	6254	6260	6591	6753	7401	7667	7733
432	1638	2178	2469	3428	4036	4373	4795	5039	5297	5881	5919	5930	6101	6119	6406	6606	6716	6778	6848	6962	7015	7147	7295	7835	7927	8202	8297	8465
433	434	435	436	437	438	439	440	1587	1698	1725	1805	2003	2072	2528	2623	3102	3221	3324	3530	3543	3588	3631	3642	3691	3780	4281	4499	4506	4762	5100	5150	5180	5582	5800	5815	6284	6644	6663	6725	7261	7349	7491	7558	7561	7844	8254	8295	8530	8804
441	442	443	444	445	446	447	448	449	450	1715	1809	2326	2580	2618	2764	3058	3394	3451	3477	3722	3777	3804	4032	4630	4803	4832	4997	5357	5376	5464	5527	5858	6028	6344	6704	6734	7743	8189	8217	8378	8396	8663	8834
451	452	453	454	455	456	457	458	459	460	461	462	463	464	465	466	1535	1950	2025	2292	2331	2872	2983	3133	3203	3310	3354	3606	3633	3732	3862	4005	4155	4363	4465	4728	4805	5175	5317	5520	5634	5710	5859	5972	6288	6784	6936	7165	7238	7598	7750	7965	8175	8221	8237	8739
467	2339	2350	2425	2628	3401	3461	3954	4165	4611	4657	4894	4965	4973	5137	5191	5541	5542	6473	6582	6661	6724	6919	7052	8045	8236	8500	8561	8638	8729
468	469	470	471	1739	1811	2082	2106	2216	2232	2763	3229	3299	3303	3668	3721	3731	3790	3834	3951	4251	4262	4631	4670	4777	4781	4850	4933	5003	5008	5360	5848	5949	5957	5971	6084	6767	6788	6807	6905	7106	7210	7499	7537	7596	7960	8022	8542	8549	8756
472	473	474	1611	1649	2270	2279	2501	2545	2719	2817	2824	2838	3028	3425	3531	3570	3762	4108	4355	4593	5284	5305	5380	5962	6292	6369	6678	6706	6801	7146	7270	7566	7614	7881	7901	7924	7930	8556	8575	8770	8798	8812	8815
475	476	477	478	479	480	481	482	483	484	485	486	487	488	489	490	491	492	1482	2174	2222	2665	2741	3269	3959	3962	4586	5022	5086	5162	5480	5508	5528	5614	5702	5748	5773	6264	6732	6815	7215	7239	7304	7515	7534	8036	8051	8147	8229	8313	8520
493	494	495	1499	1537	1782	2149	2327	2512	2579	2828	3016	3112	3403	3635	4183	4227	4713	4998	5292	5490	5743	5764	5788	6086	6267	6601	6719	7117	7192	7209	7419	7631	7747	7871	8058
496	497	498	499	500	501	502	503	504	505	506	507	508	509	510	511	512	513	514	515	516	517	518	519	520	521	522	523	524	525	526	527	528	529	1804	1836	1984	2310	2557	2916	2976	3144	3413	3946	4001	4269	4867	5155	5489	5503	6052	6155	6217	7040	7055	7981	8477	8525	8742
530	531	532	533	1512	1972	2027	2137	2260	2859	3141	3352	3529	3539	3544	3662	3870	4328	4619	5106	5278	5662	6032	6206	6232	6350	6359	6448	6452	6552	7075	7339	7350	7605	7737	7804	8041	8109	8209	8242	8463	8581	8637	8741
534	535	536	537	1707	1769	2194	2672	2673	2959	3067	3175	3429	3618	4396	4439	4575	4601	4796	4842	5299	5570	5729	5917	5992	6804	6841	6895	6923	7018	7042	7084	7234	7275	7284	7332	7701	7722	8154
538	539	540	541	542	543	544	545	546	547	548	549	550	551	552	553	554	555	1522	1572	1926	2190	2297	2389	2453	2613	2897	2964	3460	3874	4018	4135	4234	4410	4886	5562	5834	6244	6872	6978	7079	7159	7374	7517	7796	7823	7948	8133	8412
556	557	558	559	1483	1741	1897	1942	1988	2022	2215	2324	2547	2573	3120	3138	3257	3261	3295	3469	3919	3924	4521	4768	4884	4917	5143	5387	5758	6226	6253	6316	7355	7475	7600	7658	7659	7775	8206	8481	8541	8550	8832
560	561	562	563	564	565	566	567	568	569	570	571	572	573	574	575	576	577	578	579	1668	2316	2539	2591	2649	2823	2856	3061	3204	3435	3490	3534	3724	3811	3865	4123	4128	4384	4872	4938	5111	5654	5860	6156	6291	6652	7120	7150	7181	7363	7832	8276	8316	8330	8375	8694
580	581	582	583	584	585	586	587	588	589	590	591	592	593	594	1817	2033	2145	2390	2466	2625	2781	2863	3001	3065	3192	3622	3696	4618	4692	5237	5275	5411	5641	6035	6120	6965	6980	7440	7489	7495	7603	7681	7868	8362	8571
595	596	597	598	599	600	601	602	603	604	605	606	607	608	609	610	611	612	613	1744	1760	1885	1998	2010	2059	2836	2975	3608	3743	3879	3948	4083	4106	4311	4512	4651	4789	4885	4909	5157	5498	5698	6021	6134	7149	7225	7487	7917	8326	8687
614	615	616	617	618	619	620	621	622	623	624	625	626	627	628	1617	1878	2112	2429	2770	2937	2980	3029	3219	3242	3492	3680	3820	3846	4089	4179	4288	4319	4524	4739	4919	5079	5091	5141	5209	5481	5543	5557	5561	5726	5989	6176	7396	7521	7644	7721	7802	8614	8817
629	630	631	632	633	634	635	636	637	638	639	640	641	642	1519	1639	1667	2474	2901	3005	3059	3578	3678	3734	3825	3965	4137	4171	4425	4645	4669	4685	4814	4818	5243	5443	5734	5801	5806	6018	6160	6261	6830	6870	7008	7762	8421
643	1577	1626	1677	2093	2148	2175	2277	2555	2791	2793	3470	3675	3694	3747	3979	3994	4261	4273	4928	5006	5099	5192	5250	5375	5545	5574	5685	5920	5990	6761	6884	7441	7678	7870	8260	8384	8559
644	645	646	647	648	649	650	651	652	653	654	655	656	657	658	659	660	661	662	663	664	665	666	667	668	669	670	671	672	673	1480	1505	1566	1599	2214	2394	2588	2656	3275	3281	3325	3750	3751	4022	4028	4890	5050	5119	5751	5816	5824	5862	6046	6492	6808	7162	7361	7415	7498	8079	8118	8201	8329	8522
674	1773	1778	1930	2183	2185	2203	2229	2251	2414	2470	2581	3139	3412	3893	4006	4040	4294	4329	4349	4531	4606	4622	4650	4888	5013	5041	5308	5403	5657	5827	5922	6076	6187	6241	6278	6600	6681	7016	7021	7137	8248	8743	8780
675	1515	1621	2328	2355	2367	3441	3487	4060	4101	4169	4554	4580	4950	4964	5194	5819	6149	7097	7427	7463	7857	8165	8203	8711	8833
676	1717	1784	1854	2295	2650	2973	3170	3774	4303	4436	4510	4562	4697	4866	4935	5353	5462	5703	5906	5923	6017	6112	6183	6365	6546	6610	6806	7134	7451	7597	7669	7880	7994	8358	8746
677	1498	1585	1875	1893	1971	2865	3043	3288	3658	3742	3770	3897	4306	4352	4402	4505	4525	4594	4681	4887	4981	5184	5469	5474	5492	5586	5692	6209	6577	6728	7194	7315	7788	7903	7951	8250
678	1676	2026	2099	2171	2485	2527	2906	3023	3404	3617	3932	4039	4721	4746	4829	4923	4946	5108	5283	5396	6218	6797	6908	7592	7619	7648	7902	8037	8177	8344	8369	8449	8669
679	680	681	682	683	684	685	686	687	2413	2420	2575	2712	2730	2997	3753	3779	4612	4617	4700	4734	4840	4871	4905	4936	5228	5242	5288	5478	5603	5606	5969	6318	6616	6685	6869	7341	7402	7423	7452	7647	7668	7854	7896	8161	8255	8328	8427	8591	8617
688	689	690	691	692	2015	2131	2468	2502	2714	2760	3004	3041	3367	3392	3402	3728	3819	3875	3916	3978	4185	4232	4578	4693	4883	5053	5329	5670	5696	5847	6126	6129	6442	7506	7643	7782	8180	8291	8578	8675	8715
693	694	695	696	697	698	699	700	1597	2262	2319	2621	2861	3232	3273	3499	3600	3723	3763	3866	3930	4143	4264	4702	4717	5301	5471	5849	6130	6282	6465	6490	6691	7255	7582	7979	8601
701	702	703	704	705	706	1845	2008	2068	2091	2447	2478	2533	2704	2857	3017	3364	3489	3783	3797	4023	4066	4131	4365	4576	4643	4748	4756	5117	5559	5799	5988	6066	6211	6355	6405	6982	7011	7059	7272	7439	7601	7980	8061	8199	8218	8283	8287	8365	8660
707	708	709	710	711	712	713	714	715	716	717	718	719	720	721	722	723	724	725	726	727	728	729	730	731	732	733	734	735	736	1664	1876	2138	2309	2686	2783	2830	2833	2942	3365	3517	3727	3776	4191	4210	4221	4381	4812	4945	5055	5222	5379	5572	5660	5869	6074	6483	6496	6632	6717	6882	7141	7447	8127	8293	8390
737	738	739	740	741	742	743	1586	1751	1788	1922	2078	2329	2344	2428	2567	3235	3566	3760	4148	4194	4376	4468	4538	4654	4845	5051	5271	5293	5785	5884	6138	6247	6357	6713	6828	6899	6968	7461	7908	8001	8181	8417	8546	8606
744	745	746	747	748	749	750	751	752	753	754	755	756	757	758	759	760	761	762	763	764	765	766	767	768	769	770	771	772	773	1485	1511	2111	2150	2275	2308	2460	2536	2932	3135	3220	3236	3256	4391	4906	4960	5125	5254	5384	5714	6055	6196	6618	6927	7330	7365	7455	8352	8583
774	1886	1941	2052	2122	2169	2173	2837	2858	2874	2899	2914	2981	3347	3349	3786	3974	4056	4110	4278	4596	4615	4752	4846	4926	5596	5709	5711	5974	6105	6313	6512	6602	6705	6740	6829	6893	7323	7683	7715	7717	7730	7786	7992	8123	8284	8391	8437	8544	8639	8753
775	776	777	778	779	2024	2057	2407	2585	2752	2927	3467	3496	3643	3942	4348	4470	4856	5067	5716	5753	5978	6075	6198	6371	6875	7083	7978	8053	8196	8282	8610	8730
780	1536	1671	1865	2030	2236	2553	2966	3172	3284	3710	3767	3848	3950	4159	4197	4217	4343	4485	4558	4624	4653	5327	5499	5569	5650	5940	6006	6115	6367	6446	6738	6912	7334	7553	7807	7996	8302	8413	8445	8850
781	782	783	784	785	786	787	788	789	790	791	792	1833	2028	2053	2521	2695	2778	3545	3665	3929	4370	4466	4667	4991	5241	5537	5986	6391	6902	6918	6945	7077	7166	7431	7545	8195	8584
793	794	795	796	797	798	799	1602	1753	1802	1960	2374	2615	2746	2986	3388	3525	3687	4097	4267	4489	4502	4555	5488	6148	6526	6548	6594	6622	6779	6809	6826	6911	6988	6994	7144	7317	7433	7552	7593	7691	7719	7727	7843	7884	7954	8114	8132	8829
800	801	802	803	804	805	806	807	808	1888	1978	2193	2302	2370	2412	2475	2683	2735	2892	3108	3214	3253	3472	3574	3738	3873	3989	4016	4199	4231	5032	5257	5339	5733	5997	6004	6175	6214	6345	6389	6434	6677	6775	6896	6948	7191	7340	7510	7578	7632	7664	7794	7933	8386	8592
809	810	811	812	813	814	815	816	817	818	819	820	821	822	823	824	825	1594	1631	1687	1898	2154	2268	2697	2935	3007	3080	3312	3316	3904	3927	3952	4314	4977	5174	5717	5899	6094	6200	6397	6398	7184	7190	7321	7405	7482	7557	7836
826	827	828	1555	1665	1843	1881	2306	2421	2638	2640	3072	3887	3925	4399	4778	5651	5719	5952	6082	6259	6458	6700	7172	7622	7738	7919	8145	8279	8337	8580	8851
829	830	831	832	833	834	835	836	837	838	1518	1633	1750	1949	2353	2361	2733	2762	3161	3494	3501	3595	3947	4087	4295	4688	5450	5507	5757	6085	6152	6372	6572	6595	6664	6680	6873	6995	7007	7307	8055	8726
839	840	841	842	843	844	845	846	847	848	849	850	851	852	1693	1932	2041	2345	2372	2408	2441	2748	3009	3145	3475	3480	3677	4408	4444	4566	5258	5385	5550	5615	5728	5935	6435	6612	6615	6757	6976	7216	7464	7641	7679	8016	8466	8486	8674	8808
853	1812	1844	2206	2248	2388	3125	3223	3536	3921	4096	4798	4942	5333	5981	6142	6221	6265	6277	6363	6424	6871	6950	7522	7818	7982	8671	8830
854	1901	1920	2125	2261	2451	2551	2657	2676	2822	3479	3654	3915	4662	4899	5081	5441	5737	6235	6368	6459	6629	7045	7412	7468	7554	7806	7859	7945	7946	8089	8096	8356	8364
855	1509	1578	1607	1700	1774	1835	2473	2637	2642	2926	3586	3695	3735	3885	4062	4243	4312	4994	5324	5424	5786	6013	6573	6609	6952	7022	7024	7095	7128	7300	7421	7649	7674	7849	8148	8557
856	1500	1538	1711	1764	2227	2516	2627	2834	3241	3706	3843	4049	4415	4453	4897	4987	5060	5554	5672	5925	6019	6386	6462	6514	6847	6881	6898	7076	7098	7977	8310	8425	8693	8841
857	1662	1674	1740	1789	2142	2155	2336	2605	2694	2808	2816	2945	3126	3164	3271	3335	3338	3380	3968	4026	4063	4287	4642	4663	4776	4800	5010	5153	5232	5512	5539	5715	5796	6050	6519	6534	7232	7246	7388	7564	7895	8240	8509	8656
858	859	860	861	862	1770	1954	2020	2410	2765	2873	3151	3168	3311	3809	3920	3977	5043	5054	5740	5795	5823	5839	6078	6203	6236	6454	6498	6831	7418	7604	7629	7851	8056
863	864	865	866	867	1766	1895	2135	2286	2608	2646	2946	3047	4100	4323	4400	4405	4434	4695	4833	4910	5025	5112	5127	5259	5323	5345	5655	5666	5967	6147	6382	6531	6932	7043	7244	7268	7335	7591	7688	8166	8646
868	1794	2242	2289	2710	2728	2734	2818	3127	3198	3200	3206	3279	3306	3552	3906	3917	4706	5009	5197	5335	5509	5687	5873	6117	6140	6327	6656	6782	6925	7171	7173	7306	7821	8062	8102	8353	8577	8724	8750	8762
869	1477	1716	2311	2440	2565	2950	3099	3366	3849	4057	4188	4346	4428	4563	4648	5115	5138	5647	6144	6550	6631	6934	7500	7753	7767
870	1688	2325	2379	2549	2550	2777	3486	3639	3806	4202	4429	4544	4567	5193	5544	5563	5693	5752	6207	6470	6627	6835	7119	7319	7565	7798	7850	7943	8088	8164
871	1491	1553	1919	1945	1980	2463	2801	3132	3156	3309	3362	3682	4052	4471	4547	4722	5016	5036	5268	5309	5577	5604	5738	6014	6065	6268	6425	6561	6650	6672	6820	7280	7389	7391	7490	7646	7714	7949	8018	8044	8105	8320	8777
872	873	1497	1552	1825	2541	2881	3026	3073	3327	3503	3655	3693	3744	4092	4093	4094	4142	4181	5139	5390	5771	5857	5900	6113	6843	6924	6960	7247	7513	7819	7989	8162	8679
874	875	876	877	878	879	880	881	882	883	884	885	886	1539	1857	2452	2503	2819	2917	3011	3313	3314	3406	3935	3988	4122	4254	4691	6396	7048	7274	8108	8243	8281	8483	8735
887	888	889	890	891	892	893	894	895	896	897	898	899	900	901	2096	2323	2369	2398	3063	3202	3210	3292	3941	4291	4656	4957	5210	5413	6118	6186	6460	6747	8366	8487	8493	8629
902	903	904	905	906	907	908	909	910	1542	1727	1884	2207	2356	2477	3086	3383	3756	3807	4072	4341	4393	4474	4732	5140	5440	5765	5833	5845	6111	6270	6315	6623	6723	7206	7812	8168	8314
911	912	1709	1718	1756	1890	2233	2434	2481	2582	2612	2780	2943	3212	3233	3560	3602	3788	4378	4590	4689	4808	4989	6010	6057	6216	6710	6864	6883	7002	7478	7610	7791	8071	8270	8442	8803
913	914	915	916	917	918	919	920	921	1907	1985	2050	2263	2377	2471	2587	2774	2960	3071	3328	3837	3867	3900	4802	4893	4925	5368	6220	6741	6772	7038	7092	7353	7505	8370	8433	8441	8538	8757
922	923	924	925	926	927	928	929	930	1816	1842	1921	2140	2629	2890	3064	3484	3502	3532	3746	3785	3909	3983	4229	4666	4813	4978	5021	5082	5294	5405	5448	5491	5496	5556	5853	5931	6022	6163	6231	6251	6339	6596	6597	6821	7696	7793	7837	8004	8043
931	932	933	934	935	936	937	938	939	1517	2362	2483	2597	3213	3673	3883	3991	4164	4177	4205	4810	4857	4941	5062	5446	5867	6513	6551	6651	6699	7096	7456	7623	7867	7909	7925	8383	8415	8467	8526	8653	8670	8732
940	941	942	943	944	945	946	947	948	949	950	951	1712	2146	2301	2832	3393	3607	4146	4488	5306	5566	5621	5761	6637	6771	6839	7161	7203	7278	7544	7621	7748	7803	7863	8305	8322	8490	8602	8672	8740	8831
952	953	954	955	956	957	958	959	960	1545	1720	1864	2176	2459	2614	2661	2662	3049	3050	3174	3332	3485	3537	3549	4992	5087	5185	5244	5784	5808	5882	6067	6329	6633	6868	7178	7301	7303	7416	7422	7467	7586	7700	8034	8052	8063	8667
961	1591	1644	1714	1965	2415	2680	2708	2924	3199	3255	3626	3690	4105	4235	4301	4412	4493	4514	4672	5252	5648	5688	5746	5790	5951	6062	6164	6334	6588	6636	6646	6687	7133	7465	8157	8256	8504
962	1660	1745	2108	2454	2534	2607	2636	2844	2970	3044	3381	3845	3872	4549	4551	4605	4844	5068	5159	5173	5219	5331	5457	5459	5510	6015	6048	6399	6447	6620	6654	7056	7810	8300	8321	8361	8408	8513	8751	8846
963	1479	1601	2225	2357	2698	3013	3066	3187	3370	3593	3599	4104	4201	4223	4424	4464	4565	4822	4915	5188	5276	5437	5595	5665	5831	6748	6838	6846	7020	7063	7243	7842	8078	8140	8245	8689	8824
964	1592	1791	1793	1986	2049	2081	2373	2508	2790	3871	3940	4196	4509	4519	4679	4759	4874	4958	5195	5208	5272	6099	6139	6141	6714	6764	7277	7560	7627	8263	8273	8307	8355	8527	8719	8731
965	1937	2101	2180	2403	2404	2559	2891	3053	3094	3181	3689	4067	4492	4495	4801	4826	5080	5289	5300	5965	6024	6279	6665	6861	8373
966	967	968	969	970	971	972	973	974	975	976	977	978	979	980	981	982	983	984	985	986	987	988	989	990	1487	1581	1632	1710	2436	2525	2546	2678	2849	3089	3157	3270	3382	3572	3584	3650	3939	3967	4061	4147	4449	4889	5114	5118	5255	5389	6482	6533	7249	7414	7580	7606	7698	7704	7862	7886	7887	7904	8116	8261	8558	8733
991	1915	2571	2592	2726	2811	2843	2848	2955	3201	3417	4079	4253	4478	4641	4707	4733	4975	5316	5388	5908	6037	6642	6721	6773	6840	6859	6900	7026	7368	7370	7380	8076	8087	8151	8198	8395	8473	8668	8794	8845
992	1561	1866	2035	2134	2312	2484	2703	2713	2961	3162	3186	3294	3305	3342	3421	3579	3757	3805	3938	3943	4390	4395	4432	4560	4634	4647	4955	5046	5423	5778	5780	5863	6374	6576	6715	6942	7145	7342	7493	7666	7703	8226	8382	8569	8755	8806
993	1570	1798	1852	2446	2480	2498	2531	2810	3113	3240	3346	3438	3513	4247	4577	4773	4922	5007	5057	5131	5277	5762	6033	6058	6177	6604	6856	6933	6992	7031	7185	7193	7289	7346	7360	7392	8141	8169	8269	8292	8341	8460	8545	8745	8827
994	2051	2084	2281	2349	3030	3055	3669	3720	3803	3922	4211	4347	4385	4387	4537	4646	4775	5033	5072	5600	5704	5841	5877	5984	6039	6364	6430	6541	7111	7251	7259	7366	7481	7624	7639	7740	7990	8046	8054	8097	8104	8142	8191	8470	8491
995	996	1615	1779	2019	2076	2095	2506	2641	2876	2903	3037	3051	3466	3601	3856	3970	4382	4694	5231	5871	6532	6563	6598	6780	7151	7395	7496	7834	7955	8047	8621	8795	8842
997	1541	2218	2320	2365	2409	2486	2548	2825	2995	3054	3193	4102	4230	4324	4545	4550	4621	5514	6174	6617	6785	6802	6825	6943	7069	7218	7235	7358	7403	7897	8128	8183	8258	8398	8472	8678	8707
998	1695	1993	2247	2333	2639	2803	2967	3280	3296	3345	3439	3493	3632	3640	4366	4573	4633	4708	4793	4806	4841	5040	5341	5453	5475	5485	5500	5532	5571	5587	5950	6025	6045	6060	6097	6525	6751	6954	7253	7655	8020	8327	8568	8600	8682	8772
999	1000	1001	1002	1580	1824	2037	2219	2417	2651	2681	2947	3015	3290	3700	4322	4484	4699	4807	4831	5170	5200	5830	6250	6348	6354	6457	6733	7009	7046	7838	7911	8304	8434	8462	8627
1003	1891	1958	2031	2097	2433	2556	2923	3062	3167	3176	3391	3598	3603	3857	4003	4024	4326	4392	4501	5101	5172	5392	5683	5804	5888	6296	6299	6302	6455	6487	6947	7112	7242	7661	7690	7697	8099	8184	8348	8405	8822
1004	1882	2121	2300	2321	2702	2919	3012	3166	3249	3423	3442	4375	4533	4574	5218	5482	5644	5903	5918	6857	6926	7006	7438	7539	7547	7573	7716	7781	7797	7936	7969	8083	8137
1005	1554	1575	1702	1991	2073	2226	2296	2317	2426	2543	2767	2812	2958	3928	3955	4080	4198	4224	4255	4334	4491	4687	5065	5214	5399	5607	6016	6051	6342	6431	6502	7066	7072	7630	8401	8471	8658	8725
1006	1703	1872	2334	2340	2416	2507	2754	3171	3189	3660	3676	3993	4325	4409	4600	4839	4974	5270	5560	5565	5770	6245	6258	6381	6786	6849	6931	7635	7983	8027	8272	8319	8343	8424	8440	8696	8813
1007	1493	1636	1661	1803	1944	2066	2335	2337	2482	2655	2753	3158	3216	3420	3512	3582	3824	4440	4696	4898	5028	5460	5591	5605	5695	5779	6083	6305	6466	6494	6643	6744	6886	7086	7132	7286	7551	8160	8212	8349	8457	8855
1008	1009	1010	1564	1610	1873	2609	2738	2868	2885	2952	3149	3251	3488	3725	4073	4084	4473	4934	5042	5264	5435	5628	6275	6285	6554	6862	7316	7424	7458	7776	8345	8476	8853
1011	2012	2114	2163	2213	2679	2944	2999	3052	3078	3266	3283	3340	3667	3894	4175	4362	4475	4757	5199	5256	5346	5534	5673	6031	6413	7290	7293	7337	7543	8115	8214	8325	8498	8710	8760
1012	1799	1800	1867	2058	2067	2182	2338	2689	2922	2941	3953	4190	4487	4542	4553	4747	4873	5094	5168	5436	5580	5602	5829	6079	6287	6769	7033	7248	7298	7845	8090	8223	8241	8517	8573	8840
1013	1501	1619	1696	1761	2438	2933	4082	4275	4760	4825	5000	5128	5322	5363	5585	5618	5840	5842	5889	6237	6352	6683	6894	7408	7550	7574	7853	7952	8086	8215	8289	8432	8582
1014	1015	1016	1017	1018	1019	1020	1021	1022	1606	1721	1735	1781	1927	1982	2439	2798	2931	3231	3361	3372	3550	3699	4242	4292	4608	4652	4711	5056	5420	5924	6167	6730	7130	7148	7362	7445	7502	7538	7567	7899	7972	8017
1023	1549	1620	1747	2029	2088	3369	3891	4124	4206	4248	4283	4552	4726	4753	4843	5504	5598	5630	6481	6567	6674	6818	6891	6999	7078	7399	7432	7562	7579	7805	8150	8528	8534
1024	1025	1748	1822	2195	2313	2523	2701	2772	3195	3291	3363	3697	3895	4138	4313	4344	4678	4724	4735	4858	4869	5444	5756	5791	5956	6070	6193	6202	6311	7047	7122	7139	7230	7302	7501	7773	8155	8690
1026	1027	1028	1565	1612	1722	1732	1853	1859	2043	2984	3070	3150	3227	3379	3638	3791	3855	3996	4250	4411	4446	4962	5078	5230	5342	5397	5916	5968	6168	6225	6289	6547	6737	6763	6876	6915	7520	7527	7785	7966	7970	8112	8136	8167
1029	1030	1031	1032	1033	1034	1035	1036	1037	2124	2200	2274	2387	2393	2411	2635	2743	2755	2761	2907	3224	3331	3374	3468	3510	3613	3766	3841	4369	4379	4414	5183	5371	5609	5798	6064	6850	7023	7051	7109	7371	7404	7883	8080	8448	8479	8612
1038	1039	1040	1041	1042	1043	1044	1045	1046	1047	1048	1049	1050	1051	1052	1053	1054	1055	1056	1057	1058	1059	1060	1061	1062	1063	1064	1065	1066	1067	1524	1820	2598	2675	2747	2928	3008	3958	4011	4088	4930	5160	5240	5281	5466	5467	5691	5913	5973	6068	6489	6709	7211	7799	7816	7988	8426	8439	8802
1068	1069	1070	1563	2036	2204	2208	2401	2443	2619	2669	2677	2769	3040	3427	3636	3671	4045	4107	4120	4174	4556	4792	4864	5295	5767	5934	6095	6182	6634	6909	7115	7457	7692	7708	7742	8604	8810	8826
1071	1903	2172	2253	2318	3276	3371	3596	3754	4075	4332	4394	4431	4486	4783	4953	4961	5134	5246	5535	5567	5964	6195	6353	6438	6474	6928	7430	8340	8619	8649
1072	1073	1074	1075	1076	1077	1078	1079	1080	1081	1082	1083	1643	1880	2299	2520	2554	2602	2989	3010	3056	3243	3353	3708	4610	4751	4770	5178	5217	5263	6257	6280	6338	6516	6729	6798	7014	7223	7308	7524	7568	7653	7795	7814	7953	7964	8029	8572	8597	8626	8790
1084	1085	1086	1087	1088	1684	1767	1808	1874	2170	2187	2280	2294	2455	2570	2962	3491	3505	3559	3913	4068	4151	4368	4727	4821	5144	5145	5336	5576	5631	5675	5868	6323	6530	6712	6799	6989	7127	7462	7483	7784	8159	8185	8488	8847
1089	1593	1697	1931	2158	2199	2228	2569	2862	3098	3385	3445	3625	3634	3778	3787	3931	3975	4008	4133	4193	4286	4299	4351	4767	4983	5165	5215	5226	5238	5579	5999	6059	6109	6478	6537	6696	6879	7082	7257	7746	7779	8331	8332	8551	8701	8814
1090	1526	1530	1605	1818	1951	2077	2450	2462	2540	2544	2562	2654	3319	4452	4891	4929	5456	5465	5529	5818	5904	7383	7559	8015	8404	8482	8536	8779
1091	1666	1923	2599	3396	3815	4017	4222	4386	4745	4764	4784	4982	5133	5224	5646	5699	5712	5735	6358	6557	6628	6946	7074	7085	7198	7219	7356	7864	8048	8081	8257	8394	8611
1092	1093	1094	1095	1096	1689	1956	1968	2479	2566	2736	2878	3107	3155	3333	3389	3524	3679	3684	3908	4085	4526	5239	5497	6026	6619	6682	6692	6703	7005	7108	7227	7322	7695	7756	8033	8259	8377	8609	8706	8788
1097	1488	1737	2086	2123	2250	2797	2813	3178	3348	3533	3561	4118	4170	4321	4731	4847	4862	5425	5608	6172	6486	6812	6921	7080	7348	7609	7820	7932	7991	8009	8038	8174	8219	8599
1098	2006	2074	2201	2287	2304	2511	2633	2682	2737	2840	2939	3194	3226	3408	3457	3500	3527	3557	3563	3659	4276	4527	4571	5085	5104	5455	5468	5581	6027	6030	6166	6400	6571	7533	7638	7660	8119	8368	8423	8616	8709	8716
1099	1746	2130	2563	2699	2784	2870	2974	3042	3443	3528	3577	3926	4129	4498	4932	5066	5171	5245	5754	5807	6233	6404	6599	6607	6766	6794	7124	7131	7344	7429	7912	7973	8010	8763
1100	1496	1528	1938	2179	2237	2776	2871	2912	3109	3286	3515	3610	3628	4187	4296	4305	4564	4587	4719	4912	5070	5325	5943	5991	6178	6702	6811	6917	6977	7428	7437	7759	8031	8107	8586	8655	8754
1101	1102	1476	2080	2568	2915	3293	3399	3410	3719	3726	3795	4703	4895	5122	5578	5589	5730	5926	6116	6403	6422	6510	6889	7099	7116	7324	7588	7694	7774	7986	8013	8126	8587
1103	1104	1105	1106	1107	1108	1109	1110	1510	1588	1600	1869	1887	1908	2405	2610	2867	3114	4132	4166	4330	4986	5035	5486	5515	5638	5682	6038	6161	6204	6387	6390	6468	6790	7987	8039	8050	8699
1111	1112	1113	1114	1115	1116	1117	1118	1119	1560	1640	1868	2283	2634	3228	3239	3248	3395	3478	4014	4065	4186	4353	4535	4616	4771	5110	5190	5502	5722	5844	5856	5870	5942	6575	6736	6959	7170	7504	7531	7650	7672	7749	7847	7872	7907	7956	7995	8143	8336	8438	8565
1120	1121	1122	1123	1124	1125	1126	1625	3045	3483	4214	4397	4407	4508	4674	4951	4988	5273	5501	5530	5855	5883	6072	6197	6252	6370	6408	7125	7221	7264	7325	7866	7922	8057	8543	8613
1127	1128	1129	1130	1131	1132	1133	1502	2042	2496	3033	3274	3511	3587	3828	4442	4677	4959	5291	5314	5769	5878	6585	6668	6904	6920	7029	7292	7477	7731	8280	8285	8374	8566	8852
1134	1520	1546	1846	1847	1916	2273	2384	2659	2796	2864	2971	3415	3661	3712	3995	4853	4956	5002	5167	5229	5479	6123	6135	6293	6429	6562	6647	6823	7413	7417	7975	8213
1135	1136	1137	1138	1139	1140	1141	1142	1603	1645	1713	1924	2243	2366	2487	2855	2951	3289	3481	3702	3886	4220	4421	5123	5382	5620	5642	5822	5846	6205	6266	6347	6941	6951	7041	7050	7129	7367	7373	7469	7523	7670	7758	7813	7941	8064	8474
1143	1144	1145	1146	1147	1148	1149	1150	1151	1481	1595	1814	2252	2658	3237	3554	3609	3829	3934	4048	4115	4157	4284	4357	4511	4671	4787	4836	4984	5121	5216	5362	5708	5775	5797	6173	6336	6471	6789	7387	7454	7497	7663	7709	7778	7875	7879	8014	8271	8511	8532	8657	8665	8728
1152	1486	1494	1776	1783	1826	2032	2161	2522	2577	2666	2700	2929	3630	4158	4354	4730	4948	5037	5152	5181	5408	5584	5945	5982	6136	6319	6464	6800	6865	7382	7386	7772	7780	7997	8431	8683
1153	1154	1155	1156	1157	1158	1159	1160	1161	1513	1946	1964	2386	2664	2860	2911	3653	3890	4038	4144	4167	4258	4356	4463	4785	4921	5156	5251	5377	5540	5947	6169	6331	6549	6566	6581	6614	7530	7571	7611	7656	7682	7726	7769	7790	7860	8030	8494	8654	8769	8796
1162	1163	1164	1165	1166	1167	1168	1169	1170	1544	1849	1996	2212	2314	2385	2444	2707	2794	2938	3431	4114	4823	5267	5639	5649	5961	6137	6314	6507	6523	6555	7450	7613	7752	7754	7757	8389	8444	8535	8594	8666	8747
1171	1172	1173	1174	1175	1176	1177	1178	1179	1180	1181	1182	1183	1184	1185	1186	1187	1658	1832	1981	2476	2756	2963	3218	3272	3506	3705	3817	3842	3877	3880	3985	4000	4279	4743	5020	5024	5451	5524	5613	6087	6208	6362	6379	6545	6673	6762	7229	7920	8453	8809
1188	1556	1686	2184	3339	3434	3736	3784	4176	5031	5073	5107	5120	5419	5658	5794	6238	6248	6249	6495	6626	6666	6803	6863	6998	7158	7188	7345	7503	7615	7734	7783	7825	7893	7906	8519	8836
1189	1905	2198	2431	2457	2500	2574	2590	2594	2918	3329	3504	3878	4116	4121	4203	4472	4799	5029	5154	5274	5287	5354	5410	5755	6036	6689	6888	7081	7214	7217	7297	7453	7472	7575	7985	8595	8659
1190	1191	1192	1193	1194	1195	1579	1685	1754	1813	2005	2018	2117	2239	2530	2617	2696	2893	3068	3105	3106	3246	3285	3882	4216	4228	4327	4367	4427	4644	4815	4827	5177	5506	5536	5718	6667	7032	7101	7222	7894	8130	8385	8447	8548	8625	8642	8643	8789
1196	1197	1646	2060	2399	2749	2994	3110	3123	3321	3453	4520	4779	4835	5077	5176	5340	5522	5701	5787	5814	5905	5948	6029	6456	6589	6686	6698	6814	7168	7705	8092	8323	8523	8650	8801
1198	1199	1690	2105	2288	2693	2883	2925	3302	3355	3400	3535	3540	3620	3623	3923	4091	4182	4268	4614	4690	4749	4761	5011	5064	5454	5939	6044	6154	6222	6243	6484	6529	6697	6833	7093	7276	7281	7824	7921	8120	8681	8708	8773
1200	1201	1202	1203	1204	1205	1206	1207	1208	1209	1210	1211	1212	1213	1214	1215	1216	1490	1562	1807	1947	2432	2982	3084	3245	3268	3749	3933	4265	4559	4686	4868	5018	5235	5601	6263	7262	7347	7585	7918	8208	8301	8560	8607	8686	8714	8765
1217	1723	1724	1749	1855	1976	2165	2968	3160	3455	3569	3709	3768	3999	4064	4212	4244	4249	4263	4458	4639	4709	4766	4907	5886	5898	5909	6023	6276	6298	6440	6720	6819	6885	6907	6953	7282	7764	8006	8021	8278	8388	8579	8596	8647	8835
1218	1219	1220	1221	1222	1223	1224	1225	1226	1227	1228	1229	1230	1231	1232	1233	1234	1235	1236	1237	1238	1239	1240	1241	1242	1243	1244	1245	1246	1247	1248	1249	1250	1251	1252	1253	1254	1255	1256	1257	1258	1259	1260	1261	1262	1263	1264	1265	1266	1267	1268	1269	1270	1271	1272	1273	1274	1275	1276	1277	1278	1279	1280	1281	1282	1283	1284	1285	1286	1287	1288	1289	1290	1291	1292	1293	1294	1295	1296	1297	1298	1299	1300	1301	1302	1303	1304	1305	1306	1307	1308	1309	1310	1311	1312	1313	1314	1315	1316	1317	1318	1319	1320	1321	1322	1323	1324	1325	1326	1327	1328	1329	1330	1331	1332	1333	1334	1335	1336	1337	1338	1622	1925	2153	2363	4503	4968	6002	7466	7651
1339	1548	1862	2188	2293	2869	3465	3761	3781	3800	3945	4070	4103	4426	4629	4665	4710	4824	4913	4927	5225	5817	5902	6098	6240	6688	6774	6816	7436	7745	7929	8042	8074	8244	8346	8478	8506	8564
1340	1540	1992	2089	2102	2191	2209	2358	2518	2576	2663	3258	3297	3812	4359	4626	4837	4881	5409	5643	5980	6127	6805	6842	7153	7189	7398	7420	7556	8288
1341	1342	1343	1344	1345	1484	1653	1672	1726	1752	1831	2595	2851	3238	3508	3567	3822	4076	4266	4876	5269	5359	5483	5732	6077	6542	6583	7107	7207	7252	7369	7548	7732	7809	7915	7968	8066	8084	8110	8818
1346	1347	1348	1349	1350	1351	1763	1796	1883	2064	2875	2920	3191	3555	3937	4712	5052	5349	5463	6114	6985	7068	7305	7442	7563	7898	8028	8098	8216	8264
1352	1663	1977	2596	2771	2785	2787	2846	2900	3322	3452	3514	3526	3611	3976	4557	4569	4637	4680	4878	4939	5427	5495	5821	5836	5927	5953	6041	6092	6527	6776	6827	6996	7039	7110	7118	7241	7313	7486	7616	7620	7976	8334	8695
1353	1354	1355	1356	1357	1681	1896	1902	2056	2075	2098	2382	2515	2647	2807	2910	3048	3153	3278	3304	3320	3681	3911	4180	4204	4455	4530	4613	4790	4880	5048	5310	5573	6124	6272	6306	6443	6485	6491	6560	6580	6584	6844	7035	7037	7064	7294	7393	7665	7855	8422	8605	8652
1358	1682	1975	2115	2127	2606	2806	2842	2886	2954	3336	3592	3612	3740	3799	3957	4054	4081	4422	4543	4609	4658	4684	4804	4985	5315	5417	5723	6153	6718	6824	6955	6987	7226	7974	8197	8350	8351	8450	8451	8508	8512	8702	8759
1359	1360	1361	1701	1840	1969	2011	2045	2126	2422	2435	2645	3384	3663	3686	4002	4403	4445	4467	4583	5136	5212	5296	5676	5725	5744	5802	6283	6535	6768	6913	7175	7718	8700	8712	8723
1362	1363	1364	1365	1366	1582	1624	1731	1879	2038	2044	2230	2269	2424	2604	2742	2904	3118	3616	3864	4507	5343	5356	5378	5442	5610	5713	5721	5745	5987	5995	6096	6441	7364	7375	7702	8547
1367	2129	2315	2402	2722	3440	3564	4058	4113	4274	4360	4460	4754	4788	5047	5088	5206	5290	5516	6104	6301	6307	6393	6493	6504	6522	6570	6990	7157	7633	8194	8249	8294	8464	8641	8698
1368	1771	2104	2346	2465	2499	2789	2827	2909	3165	3215	3344	3454	3698	4195	4240	4398	4954	5014	5350	5426	5517	5526	5667	5742	6325	6373	6670	7142	7143	7233	7357	7934	8121	8182	8820
1369	1370	1642	1656	1675	1848	2509	2601	3360	3546	3629	3850	3852	4340	4529	4546	5366	5461	5623	5640	5976	6008	6150	7113	7519	7532	7707	8113	8230	8318	8661	8736	8821
1371	1372	1373	1374	1375	1376	1377	1378	2430	2495	2853	3591	3619	3907	4469	4744	4849	5890	5937	6414	6444	6565	6605	6832	6860	7121	7176	7684	7831	8172	8190	8430	8615
1379	1647	1829	1863	1961	2079	2284	2456	2505	2779	2800	2992	3087	3183	3308	3343	3351	3497	4053	4126	4156	4208	4377	4504	4870	5189	5386	5727	5772	5896	5911	6271	6326	6418	6756	7070	7102	7135	7311	7693	7729	7801	7858	7876	8122	8357	8603	8787
1380	1381	1382	1383	1384	1385	1386	1387	1388	1547	1627	1828	2684	2750	2850	2854	3147	3405	3772	4010	4430	4443	4539	4817	5049	5286	5311	5374	5523	5668	5960	6145	6242	6310	7231	7426	7626	7725	7735	8178	8339	8380	8664	8816	8848
1389	1390	1391	1573	1790	1806	1906	2290	2519	2998	3323	3424	3519	3542	3581	3657	3868	4098	4649	4738	5361	5763	5776	6497	6524	6528	6659	6750	6781	6922	6956	7010	7013	7180	7376	7470	7529	7654	7861	7874	8003
1392	1393	1394	1395	1396	1397	1398	1399	1400	1730	1860	2255	3301	3482	3707	3765	3963	4078	4090	4339	4819	4828	4901	5017	5058	5164	5739	5750	5825	6102	6433	6690	6796	7179	7256	7555	7938	7961	8274	8529	8585	8800	8839
1401	1402	1403	1404	1405	1406	1407	1408	1516	1604	1801	1870	1959	2687	2709	2902	3097	3117	3179	3185	3318	3375	3386	3476	4241	4259	4308	4534	5001	5044	5069	5233	5351	5372	5391	5553	5921	6223	6337	6506	6587	6972	7094	7100	7449	7512	7900	8012	8103	8335	8409
1409	1410	1411	1412	1413	1414	1415	1416	2063	2249	2271	2643	2648	2744	2905	3035	3083	3264	3411	3414	3652	3688	4095	4125	4604	4607	4834	5103	5202	5854	6343	6903	7200	7381	7869	7944	7998	8309	8628	8634	8766
1417	1418	1419	1420	1421	1422	1423	1571	1768	1810	1948	2529	3039	3136	3521	3541	3548	3703	3802	3881	3905	3969	4298	4318	4337	4479	4725	5023	5513	5533	6007	6020	6081	6695	6777	6854	6916	6964	6971	7266	7460	7640	7942	8068	8077	8419	8807
1424	1425	1704	1966	1979	2014	2016	2054	2071	2395	2725	2757	3090	3317	3604	3670	3741	4020	4033	4297	4879	4947	4967	5030	5146	5307	5505	5583	5809	6574	6949	7091	7163	7169	7372	7409	7514	7576	7829	8070	8085	8684
1426	1427	1428	1429	1430	1431	1432	1433	1434	2046	2221	2461	2517	2882	3019	3081	3115	3464	3498	3551	3903	3971	4192	4200	4448	4461	4698	4705	4908	4966	5059	5089	5205	5407	5421	5432	5547	5549	5741	5970	6255	6624	6639	7800	8134	8170	8303	8692	8774
1435	1613	1641	1706	1858	1871	2330	2593	2691	3069	3096	3184	3252	3377	3589	3794	4086	5027	5477	5494	6229	6383	6415	7027	7338	7407	7766	7856	8227	8376	8459	8784
1436	1628	1734	1780	1837	1917	2039	2055	2644	2795	2866	3250	3792	3835	4055	4074	4130	4207	4513	4718	5211	5261	5326	5476	5635	5938	6179	6227	6453	6752	7054	7164	7183	7443	7755	8204	8402	8537	8635
1437	1680	1935	2147	2231	2423	3075	3116	3124	3130	3547	3701	3798	3981	4119	4225	4388	4816	5555	6256	6309	6641	6735	6834	6858	7628	7777	7827	8469	8521	8811
1438	1439	1762	2151	2167	2352	2442	2786	2940	3436	3444	3446	4035	4184	4358	5098	5142	5383	6005	6308	6708	6783	7155	7488	7885	8035	8485
1440	1441	1442	1443	1444	1534	1777	1934	2238	2282	2472	2488	2766	2839	2956	3057	3298	3334	3912	4013	4021	4865	5015	5828	6192	6239	6973	6986	7263	7549	7595	7959	8024	8075	8262	8588
1445	1669	1889	1894	1999	2017	2264	2494	2988	3692	3990	4476	4627	4640	4772	5760	6407	6984	7049	7152	7724	8011	8233	8624	8636
1446	1447	1448	1449	1450	1451	1452	1453	1454	1455	1489	1616	1943	1990	2021	2062	2291	2322	2492	2493	2497	2723	2727	2884	2990	3131	3188	4213	4215	4310	5262	5400	5820	6366	6657	6765	6878	7123	7584	7599	7652	7771	8007	8091	8138	8192	8516	8768	8843
1456	1457	1458	1459	1460	1461	1462	1463	1464	1465	1861	1967	2223	2256	2376	2921	3091	3154	3211	4277	4623	4655	5004	5092	5313	5433	5445	5538	5759	5936	6792	6867	6930	7310	7400	7471	7935	7947	7967	8032	8095	8193	8455	8680
1466	1467	1589	1678	1757	1963	2087	2092	2113	2245	2630	3390	3796	4042	4112	4317	4417	4456	4581	4875	5097	5774	5963	6185	6317	6401	6461	6669	6711	6722	6742	6760	6910	7030	7060	7174	7840	8082	8200	8379	8593	8648	8767	8819	8828
1468	1469	1470	1471	1472	1473	1507	1532	1719	1904	2360	2419	2427	2972	3359	3583	3627	3899	4109	4226	4272	4350	4755	4943	5768	5876	5959	6049	6159	6170	6212	6295	6384	6726	6855	8410	8458	8718	8721	8838
1474	2257	2418	2558	2583	3119	3307	3433	3594	3833	4141	4438	4541	4714	4737	5552	6108	6297	6810	7087	7285	7516	7680	7711	8764	8825
1475	1531	1742	2259	2342	2720	2969	3093	3267	3898	4027	4309	4515	4664	4854	4918	5130	5303	5548	5652	5983	5993	6069	6131	6449	6515	7044	7288	7993	8049	8265	8510	8570	8620	8633	8761
