86	1218	1597	2097	2430	2461	2605	3024	3393	3453	3509	3576	3599	3663	4348	4518	4979	5093	5111	5413	5709	5939	6138	6173	6319	6663	6830	7460	7618	8033	8142	8619	8654
1219	2389	2435	2436	2782	2839	2881	3351	3716	3924	4054	4112	4391	4659	4689	4957	5063	5373	5434	5444	5523	5843	5950	5978	6167	6496	7308	7563	7614	7629	7663	7739	7790	8188	8223	8426
211	308	383	496	644	707	744	1038	1220	1769	1773	1914	2248	2590	2712	2785	2794	2919	2941	2970	3152	3372	3683	3962	4448	4532	4618	4772	5001	5054	5090	5149	5574	5670	6037	6136	6446	6750	6988	7128	7181	7336	8199	8236	8332	8542	8553	8647	8693
40	259	1084	1092	1341	1543	1704	1811	1867	2087	3179	3632	4094	4155	4393	4492	4541	4544	4590	4771	4829	5100	5270	5511	6002	6390	6609	7141	7218	7286	7337	7530	7851	8419	8433
0	1759	1887	1974	2199	2593	2632	2761	3008	3479	3498	3565	4540	4613	4680	4697	4791	4816	5006	5008	5252	6176	6399	6764	6792	7326	7737	7749	7951	7959	8029	8590	8606	8794
2	1778	2198	2230	2393	2570	2857	2894	3078	3103	3301	3366	3542	3702	4442	4501	4574	5234	5247	5551	5596	5691	5766	5977	6042	6222	6827	6927	7494	7858	7968	8081	8673	8682	8726	8814	8844
15	679	887	1143	1153	1162	1171	1380	1392	1446	1456	1631	1883	2059	2115	2542	2667	2796	3266	3501	3610	3741	3849	4494	4538	4635	4835	4856	4907	5061	5091	5230	5713	5804	6084	6220	6254	6571	6618	6693	6766	7415	7553	7891	8202
16	359	433	680	888	961	962	963	964	991	1144	1154	1163	1172	1371	1381	1389	1393	1447	1457	1533	1810	2355	2620	2823	2872	2937	2942	3193	3637	3641	3726	3823	3939	4312	4439	4458	4669	4726	4815	4821	4882	4968	5385	5452	5889	5901	5944	6417	6711	7634	7794	7966	7994	8114	8454	8732	8743
17	360	434	681	889	1145	1155	1164	1173	1372	1382	1394	1448	1458	1632	1670	1816	2080	2433	2922	2934	2973	3144	3342	3689	3921	3940	4044	4253	4455	4474	4602	4651	4723	4756	4887	5010	5641	5971	6041	6275	6291	6426	6675	6757	6775	7080	7444	7699	7800	8377	8472	8578	8766
18	361	435	682	890	1146	1156	1165	1174	1383	1395	1449	1459	1599	2245	2631	3117	3212	3487	3585	3693	4625	4789	5220	5327	5734	5962	5991	7171	7679	8066	8291	8411	8545	8584
19	683	1147	1157	1166	1175	1384	1396	1450	1460	1549	1579	1728	1900	2328	2487	2681	3037	3161	3491	3635	3708	3938	4164	4290	4451	4516	4927	5188	5258	5397	5808	5917	5924	5970	6296	6340	7088	7110	7247	7529	7775	8104	8583
20	684	891	1148	1158	1167	1176	1385	1397	1451	1461	1857	2014	2024	2055	2434	2876	3084	3149	3320	3412	3830	4351	4488	4665	4809	4875	4925	5481	5746	5777	5815	5952	6147	6444	6654	6836	6990	7273	7289	7301	7318	7456	7902	7958	8097	8214	8479	8517	8595	8687	8832
892	2022	2072	2105	2169	2531	2725	2826	2995	3087	3239	3318	3734	3762	3777	3865	3999	4271	5255	5426	6139	6258	6278	6661	6728	7027	7148	7260	7412	7556	7656	8136	8208	8602
362	436	675	893	1004	1005	1006	1373	1500	1821	2021	2117	2307	2518	3082	3612	3617	3742	3817	3891	3904	3948	4234	4498	4604	5017	5067	5198	5527	5714	5964	6146	6365	6632	6702	6826	6969	7013	7625	8126	8345	8646	8749	8820
894	1541	2036	2287	2543	2883	3071	3163	3383	3746	3778	4073	4160	4321	4559	5074	5642	5736	5974	6013	6113	6250	6345	6383	6408	6582	6612	6739	6885	7137	7217	7249	7306	7388	7441	7976	8071	8091	8154	8244	8280	8306
363	437	895	1374	1530	1730	2019	2166	2378	2511	2601	2655	2907	3014	3146	3470	3476	3592	3594	4416	4512	4564	4639	4666	4686	4716	4886	4922	5160	6288	6436	6692	6742	7134	7381	7435	7458	7547	7673	7832	7913	8469	8663
212	468	874	966	1012	1390	1409	1574	1749	1986	2176	2315	2683	2768	2915	3395	3527	3633	3696	3787	4131	4367	4504	4551	4783	4940	5029	5064	5181	6283	6386	6457	6586	6652	6848	6901	6944	7096	7197	7284	7539	7755	7883	8018	8215	8224	8248	8354	8429
9	875	1410	1516	1573	1994	2001	2423	2669	2682	2755	2940	3007	3030	3133	3234	3767	3772	3941	4360	4392	4478	4943	5805	6175	6238	6360	6635	6849	7077	7090	7353	7956	8356	8408	8456	8615	8740
1436	1748	1956	2262	2338	2363	2499	2856	3089	3136	3446	3538	3568	3770	3806	3923	4003	4098	4629	4961	4997	5047	5194	5482	5559	5595	5671	5863	5907	6006	6505	6583	6899	7095	7123	7768	7825	8764
87	1221	1768	2050	2687	2793	3313	3629	3658	3807	3859	4198	5532	5546	5798	5857	5969	5993	6673	6840	7024	7049	7364	7688	7908	8311	8380	8389	8643	8655	8824	8836
775	858	863	1103	1524	1566	2119	2292	2352	2382	2841	3019	3192	3251	3571	3735	3788	3828	3953	4032	4137	4319	4365	5124	5450	5940	6163	6473	6822	6874	7045	7225	7557	7682	7835	7892	7914	8049	8410	8447	8594	8672
776	859	864	1104	1575	1752	2300	2331	2887	3058	3091	3407	3699	4011	4133	4310	4322	4383	4633	5442	5462	5603	5622	5689	5744	5837	6125	6434	6862	6985	7038	7104	7276	7328	7596	7748	8618
441	1481	1503	1686	1955	2094	2192	2194	2216	2360	2422	2513	2525	2661	3213	3512	3725	3739	3759	3798	3871	3930	4172	4220	4245	4263	4423	4565	5002	5055	5239	5243	5341	5347	5383	5427	5548	6252	6492	6925	7055	7236	7689	7889	7899	8041	8220	8342	8384	8466	8537
88	1222	1529	1536	2040	2200	2413	2446	2807	2819	3154	3451	3508	3534	3536	3659	4213	4493	4814	5180	5191	5229	5754	6300	6317	6407	6557	6559	7016	7059	7196	7362	7376	7382	7455	7710	8129	8321	8382	8520
89	1223	1621	2334	2449	2456	2597	2760	3045	3414	3672	3965	4144	4153	4226	4276	4330	4472	4522	5009	5321	5537	5567	5694	6108	6377	6575	6669	6748	6850	6920	7005	7365	7425	7606	7610	7861	8235	8366	8401	8789
25	67	190	205	262	348	349	364	451	472	497	530	534	538	556	560	580	595	614	868	869	870	876	1007	1023	1177	1190	1346	1368	1437	1468	1474	1689	1697	1842	1905	1952	2320	2451	2961	3289	3810	4067	4477	4990	5121	5156	5429	5885	5942	6198	6356	6358	6610	6668	6896	7470	7483	7540	7567	7639	7690	8024	8325	8529	8765
26	68	191	206	365	452	539	561	581	596	615	877	1178	1191	1347	1469	1650	1681	2122	2402	2464	2702	3047	3408	3518	3619	3764	4514	4733	4952	5630	5676	5724	5825	5839	5943	6271	6318	6664	6877	7131	7182	7619	7915	7935
27	69	192	207	366	453	540	562	582	597	616	878	1179	1192	1348	1470	1587	2234	2240	2280	2483	2889	3183	3493	3690	3736	4104	4533	4599	4657	5056	5731	5919	5957	6627	6904	7138	7272	7702	7758	7834	8623	8730	8762
28	70	193	208	367	454	541	563	583	598	617	879	1180	1193	1349	1471	1803	1835	1979	2650	2729	2993	3260	3308	3365	3405	3730	3754	4134	4305	4679	4763	5018	5152	5165	5297	5331	5355	5621	5626	6140	6341	6530	6568	6824	7167	7252	7266	7554	7628	7979	8161	8289	8573	8620	8660	8675	8830
29	71	194	209	368	455	542	564	584	599	618	880	1181	1194	1350	1472	1795	2128	2289	2385	2675	2727	3092	3858	3889	4035	4071	4111	4906	4949	5083	5304	5343	5361	5594	5782	5809	6050	6488	6512	6604	6643	7684	8082	8685
30	72	195	210	369	456	543	565	585	600	619	881	1182	1195	1351	1473	1633	1869	1987	2167	2404	2536	2623	2678	2772	2989	3080	3552	3578	3626	3687	3704	3852	3914	4446	5214	5433	5937	6083	6529	6611	6616	6718	7288	7401	7585	7888	8019	8407	8837	8841
31	73	196	370	457	544	566	586	601	620	1767	1916	2634	2698	3452	4204	4967	5244	5378	5526	6202	6210	6404	6617	6685	7101	7478	7488	7492	7534	7636	7674	7803	7819	7877	7942
32	74	197	371	458	545	567	587	602	621	1598	1832	1844	1853	2459	3271	3533	4205	4357	4413	4553	4863	5296	5650	5692	5703	5799	6187	6844	7010	7107	7127	7214	7331	7367	7398	7638	7678	7791	8137	8147	8169
33	75	198	372	459	546	568	588	603	622	1639	1718	1725	1841	2800	2814	2871	3009	3292	3296	3307	3419	3555	3613	3709	3779	3901	3929	4069	4176	4349	4376	4624	4831	4850	5313	6030	6285	6320	6545	6558	6740	6889	7037	7293	7788	7813	7857	7946	8459	8633
34	76	199	373	460	547	569	589	604	623	1526	1784	2005	2142	2180	2242	2243	2519	2691	3090	3135	3167	4200	4209	4390	4417	4440	4614	5208	5390	5909	5985	6031	6089	6227	6270	6391	6422	6456	6541	6567	6780	7015	7102	7224	7248	7387	7391	7848	8121	8151	8254	8752
35	77	200	374	461	548	570	590	605	624	1495	1560	1622	1678	1772	1967	1968	2344	3055	3068	3220	3462	3557	4146	4475	4701	4751	4804	4910	5369	5388	6023	6190	6245	6598	6841	6888	7000	7157	7342	7709	7782	7873	7886	7932	8358	8383	8398	8445
36	78	201	375	462	549	571	591	606	625	1552	1978	2324	2558	2665	2776	3506	4076	4206	4371	4436	4543	5150	5271	5473	5608	5618	5643	5682	5765	6054	6085	6453	6731	7020	7960	8004	8684	8826
37	79	202	376	463	550	572	592	607	626	1724	2041	2291	2414	2905	2971	3169	3202	3485	3541	3781	3822	3854	3937	4085	4219	4260	4403	5096	5508	5549	5753	6267	6372	6517	6606	6864	7191	7439	7542	7769	7866	8032	8359	8453	8688	8849
38	80	203	377	464	551	573	593	608	627	1517	2124	2348	2438	2495	2504	2577	2777	3229	3494	3597	3642	3751	3946	4010	4332	4616	4865	5053	5184	5269	5279	5419	5443	5900	5933	6292	6339	6600	7987	8376	8813
81	465	609	1661	1716	2129	2750	3298	3727	3869	3956	3990	4019	4064	4353	4424	4471	4593	4795	5104	5221	5253	5420	5773	6015	6022	6186	6199	6385	6416	6432	6948	7321	7363	7579	7738	7780	7993	8042	8100	8134	8295	8329	8379	8699	8723
90	1224	2272	2752	3141	3297	3650	3655	4279	4429	4431	4722	4944	5598	5742	5783	5811	5998	6406	6657	6659	6753	7159	7265	7661	7909	8057	8103	8229	8257	8353	8484	8533	8707	8845
91	1225	1915	1950	1995	2183	2981	3406	3624	3712	4313	4337	4658	4660	4800	5155	5179	6059	6156	6194	6428	6762	6951	7113	7281	7332	7785	7893	8589
213	309	384	498	645	708	745	1039	1226	1611	1847	1977	2016	2559	2591	2726	2789	3335	3377	3563	3583	3960	5012	5070	5097	5267	5403	5417	6213	6594	6908	7031	7035	7767	7949	8186	8216	8437	8614
92	1227	1477	1751	1896	1954	2104	2766	2854	3005	3026	3185	3200	3262	3579	3600	3653	3826	3893	4179	4191	4981	5023	5287	5326	5483	5615	5658	5705	5854	5883	5936	5961	6102	6132	6211	6429	6679	6887	7244	7358	7409	7574	7654	8083	8473	8603	8703	8738
93	809	826	1200	1228	1743	2222	2426	3003	3224	3371	3457	3475	3530	3587	3647	4055	4211	4388	4521	4713	4729	4823	5103	5146	5209	5463	5568	5757	5928	6093	6509	6662	6694	6763	6773	6786	7009	7103	8120	8465
94	1229	1846	1941	2051	2293	2784	2809	2917	3070	3214	3892	4004	4106	4325	4715	4918	5031	5164	5190	5524	5776	5800	6860	6906	7667	7806	7918	8062	8294	8312	8365	8462	8501	8631
82	469	499	531	535	552	557	574	610	1105	1671	1899	1944	2015	2290	2757	2825	2840	2860	2882	2893	3034	3121	3410	3478	3640	3761	3833	3932	4040	4252	4447	4470	5076	5136	5544	5751	5840	6665	7051	7485	7741	7824	7854	7895	8010	8148	8322
83	470	575	611	1106	1802	2345	2696	2898	3029	3039	3248	3254	3328	3593	3681	3698	3971	4386	4438	4506	4833	4974	5438	5522	5572	5657	5711	5716	5759	6239	6268	6724	6962	7122	7309	7734	7931	8098	8349	8622	8649	8760	8802
84	471	576	612	1608	2111	2351	2627	2648	2933	3190	3562	3977	4672	4752	4923	5309	5310	5312	5344	5870	5877	5934	6061	6464	6626	7657	7716	7724	7939	8402
64	344	428	777	860	865	896	1107	1737	2185	2314	2400	3437	4084	4121	4503	4793	4950	4963	5007	5392	5440	5528	5668	5841	5965	6687	6754	6914	7036	7319	7383	7693	7845	8063	8087	8396	8700	8847
95	500	532	536	553	558	577	967	1558	1583	1742	1855	2004	2270	2368	2455	2684	2686	3035	3145	3502	3881	4331	4583	4761	4901	5201	5217	5422	5509	5743	5832	6017	6078	6182	6326	6676	7092	7651	7774	8140	8251	8509
96	968	1024	1510	1519	1618	1801	1928	1990	2066	2502	2638	3443	3618	3789	4081	4328	4500	4537	4591	4640	5071	5612	5797	6010	6180	6231	6415	6438	6995	7601	7882	8131	8178	8185	8415	8521	8604	8686
97	969	1843	2235	2488	2770	2832	2843	3306	3510	3954	4114	4284	4558	4606	4818	4899	4978	5582	5822	5987	6034	6380	6793	6805	6936	7631	7708	7713	7869	8357	8552	8706	8768
98	970	1561	1638	1933	2275	2602	2868	3062	3073	3160	3434	4049	4058	4195	4343	4397	5081	5557	5590	5905	6080	6229	6776	7023	7025	7060	7464	7747	8052	8135	8153	8177	8228	8333	8340	8434	8516	8658
971	2120	2155	2585	2592	2737	2779	2795	3038	3275	3675	4123	4139	4970	5187	5625	6109	6490	6550	7151	7163	7220	7392	7427	7695	7723	8109	8160	8175	8427
473	972	1353	1719	2758	2781	3187	3700	3847	3886	3928	4013	4151	4644	4834	5282	5295	5529	5785	5910	5988	6508	6869	6998	7558	7680	7731	7898	7912	7938	8031	8138	8184	8200	8299	8307	8610	8626
1354	1506	1557	1593	1658	1923	2125	2226	2526	2824	2827	2980	3384	3845	3944	3994	4127	4230	4773	4903	5158	5884	6000	6185	6273	6441	6690	6952	6999	7227	7241	7395	7535	7633	7711	7837	8174	8286	8413	8510	8669
973	1355	1590	1709	1711	1850	2281	2578	2706	2715	2836	3100	3757	3821	3884	3949	4046	4110	4128	4174	4242	4649	4778	4849	5168	5286	5586	5639	5935	6130	6153	6327	6475	7143	7166	7543	7617	8439	8468
974	1356	1589	1836	1859	1901	2651	2960	3703	3825	4031	4156	4177	5087	5376	6111	6607	6625	6767	6858	6942	7334	7384	7516	7642	7692	7766	7991	8094
975	1357	1640	1643	1696	1735	1931	2035	2159	2491	2810	2875	3206	3282	3912	3968	4150	4183	4216	4362	4462	4615	4781	4879	5318	5323	5728	5767	5862	5904	6012	6141	6172	6281	6337	6350	6820	6898	6966	6980	6984	7034	7074	7407	7487	7729	7816	7945	7963	8065	8099	8442	8507	8807
10	882	1411	1482	1739	2409	2705	3099	3389	4581	4611	4853	4946	5041	5092	5094	5212	5285	5325	5351	5423	5651	5708	5916	6256	6697	6967	7329	7565	7609	7645	7728	7733	7771	7805	8375	8476	8572	8616	8804	8829
11	883	1412	2261	2564	2963	2976	3267	4026	4041	4323	4496	4535	4884	4916	4976	5219	5224	5500	5570	5948	6051	6221	6353	6658	6706	7100	7109	7431	7607	7865	7903	8150	8315	8339	8722	8850
12	884	1413	1669	2206	2812	3064	3295	3455	3545	4402	4449	4480	4630	5140	5470	5520	5530	5721	5740	6230	6993	7097	7133	7153	7290	7368	7627	7823	8194	8763
13	885	1414	1687	1791	1807	1872	2029	2318	2833	2852	3153	3374	3483	3805	3942	4014	4130	4344	4396	4490	4653	4687	4890	4956	4972	5026	5028	5126	5128	5366	5536	5696	5946	6274	6315	6328	6615	6879	7142	7175	7545	7597	7754	7928	7971	8117	8404	8487	8744
14	886	1415	1545	1822	1874	2205	2284	2646	2783	2944	3586	3989	4190	4534	4539	4842	4939	5004	5634	5810	5813	5852	5878	6064	6344	6459	6462	6469	6470	6584	6915	7082	7210	7215	7229	7240	7457	7509	7517	7531	7641	7698	7881	8003	8372	8676	8712	8755
65	345	347	429	674	778	861	866	897	1108	1375	1435	1755	1925	2556	2671	3140	3222	3327	3376	3461	3519	3895	4063	4664	4977	5305	5382	5579	5920	6057	6124	6411	6413	6486	6712	6819	7117	7330	7646	7846	8233	8543
214	310	385	501	646	709	746	1040	1230	1794	2895	3021	3186	3343	3564	3809	3925	3936	4173	4373	4699	5086	5468	5543	5547	5564	5653	5847	6233	6395	6519	6842	6880	7012	7174	7371	7449	7587	7726	7735	7989	8021	8055	8176	8217	8253	8263	8613
215	311	386	502	647	710	747	1041	1231	1693	1777	1942	1989	2387	2396	2545	2594	2713	2803	3369	3670	4057	5693	6388	6636	6686	6759	7152	7269	7564	7797	8158	8168	8292	8449	8664	8795
99	533	537	554	559	578	693	781	1232	1401	1673	1765	2151	2364	2386	2467	2534	2849	2998	3023	3256	3265	3315	3390	3771	4017	4078	4379	4461	4546	4556	4915	4954	4959	4975	4996	5453	5493	5835	5898	5999	6165	6650	6736	6833	6883	6917	6932	7184	7203	7486	7694	7721	7937	8046	8519	8561	8562
100	694	782	1233	1402	1627	1808	1999	2177	2184	2460	2754	2780	2864	2879	3188	3225	3269	3803	3887	4009	4170	4232	4307	4419	4479	4483	4577	4596	4622	4631	4714	4734	4797	4877	5035	5186	5352	5412	5587	5741	6142	6439	6497	6526	6527	6723	6760	6881	7053	7112	7257	7369	7373	7397	7510	7714	7722	7838	7970	8245	8400	8588	8759
101	695	737	1196	1198	1234	1403	1659	1815	1948	2610	3211	3246	3426	4103	4221	4626	4742	4928	5242	5730	6009	6086	6119	6614	6732	6894	7313	7378	7438	7497	8143	8360	8713	8757
102	701	810	1201	1235	1494	1912	2223	2569	2636	2663	2719	2775	3105	3218	3302	3566	3569	3591	3664	4024	4241	4407	4422	4592	4787	4888	4909	5302	5502	5637	5790	5812	6025	6116	6461	6795	6845	6893	7087	7156	7304	8320	8736	8810
103	296	696	783	800	811	1072	1202	1236	1404	1609	1703	1936	2026	2437	2512	2977	3331	3429	4023	4092	4140	4175	4859	5495	5690	5846	6049	6052	6149	6183	6518	6542	6703	6949	7061	7086	7389	7652	7844	7927	8403	8531
104	1237	1776	1906	2266	2614	2625	2659	2697	2847	2866	2932	3033	3111	3319	3713	3915	4136	4374	4698	4864	5033	5079	5320	5475	5735	5755	5794	6195	6242	6307	6308	6361	6410	6531	6839	7339	7501	7604	7799	7887	8079	8313	8854
105	738	780	784	812	1203	1238	1518	1605	1676	1727	2010	2079	2390	2394	2489	2611	2734	3063	3120	3300	3842	3897	3958	3986	4287	4389	4982	5014	5558	5821	5979	6352	6498	6576	6772	6913	7350	7573	7635	8149	8252	8566	8790
106	277	739	1239	2156	2362	2469	2480	2516	3015	3041	3354	3855	4077	4382	5605	5873	5874	6077	6201	6301	6338	6476	6783	6954	7056	7146	7234	7251	7356	7393	7428	7446	7450	7900	8043	8336	8451	8793
107	1240	1476	1655	1672	1786	2539	2966	3268	3480	4034	4229	4395	4617	4693	4811	5098	5311	5611	5614	5802	5895	6027	6560	6856	6866	7001	7295	7527	7551	7727	7730	7776	7985	8077	8182	8441	8494	8627
108	697	785	1241	1405	1606	1679	1717	2232	2244	3044	3176	3464	3674	3782	3963	4288	4412	4920	5142	5328	5375	5401	5665	5853	5858	6166	6206	6234	6237	6295	7144	7264	7302	7612	7624	7863	8047	8110	8511	8596	8677	8778	8853
109	740	1242	1504	1817	1981	2175	2188	2196	2301	2481	2640	2880	2902	3051	3166	3231	3467	3540	3711	3867	3922	3984	4239	4301	4434	4580	4676	4721	4737	4969	5414	5489	5510	5584	6038	6264	6266	6313	6396	6660	6709	6814	7325	7400	7447	7839	7975	8044	8089	8155	8239	8512	8721
110	1243	2106	2286	2309	2322	2501	2721	2740	3081	3398	3445	3957	3988	4584	4876	5058	5227	5466	5613	5701	5789	5864	5953	6097	7132	7346	7432	7904	8107	8587	8679
111	1244	1812	2853	2918	3077	3174	3860	4125	4690	4874	5261	5775	5914	6520	6852	6976	7070	7099	7310	7312	7670	7765	8009	8093	8191	8450	8761	8840
112	1245	1501	1726	1929	2325	2358	2370	2443	2535	2861	2862	3676	3792	5273	5437	5542	6293	6306	6427	6543	6722	7032	7073	7105	7595	7611	7941	8234	8481	8530	8563	8656	8748
113	1246	1511	1551	1674	1702	2145	2332	2732	2822	3228	3835	4042	4228	4333	4366	4510	4636	4700	4832	4900	4955	5062	5080	5210	5245	5601	5779	6091	6445	6480	7385	7546	7957	8014	8524	8745	8751	8787
114	1073	1247	1452	1555	1662	1946	2405	2798	3002	3310	3905	4148	4168	4250	4847	5068	5418	5488	5750	5814	6400	6448	6875	7054	7064	7316	7322	7347	7590	8086	8133	8266	8395	8495	8576	8608	8632
115	264	1248	1498	1532	1577	1615	1856	2043	2044	2143	2319	2350	2444	2700	2720	3181	3217	3388	3678	3992	4314	4452	4845	5005	5125	5204	5268	5784	5926	6063	6120	6215	6333	6634	6747	7538	7577	8538
116	1249	1563	1745	1909	2126	2127	2447	2583	2649	2699	3380	3602	3646	4074	4087	4610	4638	4648	5113	5300	5314	5770	5818	6368	6730	7327	7386	7664	7885	7998	8088	8369	8756	8815
117	1250	1480	1865	1907	1921	2384	2633	2846	2863	2873	4285	4627	4711	4753	4808	4820	5272	5674	5786	6382	6472	6569	6794	7200	7465	7578	7685	8290	8518	8621	8852
118	813	1204	1251	1712	1734	1877	2227	2397	2492	2595	2600	3083	3147	3441	3596	4091	4278	4292	4485	4720	4840	4855	4998	5167	5455	5828	5893	6121	6131	6189	6251	6298	6945	7030	7094	7297	7370	7451	8346	8435	8792
47	63	119	278	432	827	829	1134	1252	1352	1528	1692	2025	2202	2260	2359	2529	2560	2711	3106	3139	3164	3287	3314	3590	3774	3808	4282	4355	4369	4883	5289	5298	5660	5681	5931	6223	6348	6401	6574	6943	6947	7194	7198	7275	7279	7292	7414	7736	7801	7868	8013	8287	8689	8716
24	120	257	260	300	302	307	676	677	1011	1253	1636	1761	1938	1958	2118	2203	2313	2439	2562	2624	2685	2897	2990	3115	3125	3358	4100	4147	4182	4249	5021	5226	5409	5464	5476	5659	5719	5817	6591	6698	6832	6933	6970	7245	7506	7537	7677	8020	8054	8118	8352
121	1254	1542	1789	1892	2031	2069	2271	2514	2551	3074	3616	3907	4652	4889	5196	5421	5617	5729	6244	6357	6394	6467	6548	7046	7361	7568	7896	8036	8206	8209	8225	8565	8729
122	1255	1610	1616	1756	1781	2399	2660	2920	3001	3012	3049	3189	3215	3347	3630	3636	3651	3719	4065	4212	4508	4598	4646	5022	5127	5263	5292	5727	5792	5894	6075	6158	6363	6863	7091	7228	7499	7521	7525	7965	8338	8575
123	1256	1478	1688	1798	1880	1904	1970	2076	2096	2269	2463	2588	2645	2938	3050	3053	3178	3560	3595	3604	3793	3918	3987	4145	4289	4408	4589	4609	4645	5145	5183	5235	5379	5384	5525	5647	5996	6103	6171	6705	7004	7040	7515	7526	7853	8490	8534	8593	8681
124	1257	1534	1845	1848	1849	2490	2598	2695	2850	2874	3112	3257	3422	3447	3554	3982	4061	4563	4642	4798	5353	5407	5503	5635	5679	5890	5980	6886	6972	7505	7632	7964	8026	8806
125	186	299	741	993	999	1074	1258	1416	1656	1762	2555	2568	2837	2939	3142	3330	3488	3522	3544	3561	3731	3804	3872	3983	4857	4995	5329	5411	6197	6248	6276	6330	6499	6536	6573	6843	7057	7084	7416	7671	8261	8444	8569	8642	8809	8819	8822
126	1259	1523	1604	1691	2008	2052	2062	2071	2100	2150	2250	2557	2628	3059	3332	3460	3756	3819	3870	4048	4317	4378	4464	4681	4830	4892	5154	5249	5250	5499	5535	5733	6028	6257	6321	6423	6463	6484	6555	6670	6809	6964	8017	8072	8246	8285	8641	8719
127	1260	1527	1837	2064	2157	2252	2276	2548	2804	2951	3477	3875	4022	4083	4502	4780	5138	5945	6284	6389	6539	7125	7262	7380	7474	7833	7967	8267	8302	8488	8640	8758	8788	8823
128	1261	2218	2361	2552	2730	2747	2802	2930	3281	3396	3409	3906	3911	4262	4327	4415	4634	4696	5015	5458	5531	5631	6362	6678	6699	6882	6965	7071	7111	7118	7359	7588	8192	8227	8351	8698	8754
258	301	830	1090	1098	1100	1513	2013	2153	2724	2986	3096	3165	3920	4012	4188	4197	4530	4964	5036	6008	6624	6725	8095	8480	8513	8560	8746
129	1262	1546	1966	2067	2095	2164	2224	2458	2468	2584	2612	2716	2983	3118	4255	4867	4912	4914	5291	5764	5801	6161	6314	6371	6621	6633	6788	6897	7069	7147	7160	7777	7906	7943	8035	8301	8785
130	1263	1479	1567	1635	1652	1996	2743	2817	2913	3025	3299	3312	3428	4107	4167	4326	4668	4812	4851	4962	5448	5486	5640	5780	6170	6334	6479	6745	6837	7022	7180	7186	7209	7222	7315	7978	8001	8190	8221	8443	8634	8816
131	1264	1868	1919	2023	2077	2093	2138	2366	2421	2821	2911	3010	3972	4053	4120	4481	4549	4868	5307	5317	5410	5432	5449	5576	5720	6831	7149	7199	7206	7582	7871	7926	7988	8068	8180	8231	8424	8493	8742	8783
132	1265	1502	1554	1793	2190	2207	2267	2582	2657	2831	2992	3204	3417	3732	3899	4030	4093	4306	4318	4372	4433	4560	4709	4741	4999	5131	5393	5592	5763	5849	6890	7188	7261	7344	7352	7469	7473	7599	7602	8105	8189	8277	8599	8665
133	831	1266	1962	2141	2354	2377	2411	2571	2790	2877	3157	3411	3439	3499	3715	3955	4050	4099	4149	5192	5290	5322	5377	5655	5758	5882	6228	6246	6599	6656	6666	6785	6912	6930	7139	7258	7294	7569	7745	8025	8728
814	828	1205	1600	1641	1779	1814	1840	2053	2622	2670	2701	3285	3317	3379	3605	3857	4075	4303	4872	5182	5365	5745	5915	6016	6018	6593	6872	7042	7192	7463	7581	7821	7841	8196	8523	8540
134	263	431	503	853	854	855	856	857	965	1025	1267	1799	1894	2274	2367	2509	2550	2653	3079	3093	3243	3516	3791	3799	3801	4129	4275	4730	5046	6392	6458	6474	6605	6708	6771	6799	6870	7075	7239	7402	7476	7503	7696	7732	7867	8012
135	1268	1538	1720	1740	1988	2033	2092	2214	2306	2507	2736	2797	2896	3403	3432	3639	3740	4256	4520	4674	4774	5166	5233	5439	5519	5620	5663	5856	5887	6126	6710	7193	7418	7584	7786	7911	8000	8275	8355	8635	8680
136	187	1000	1089	1183	1269	1601	1654	1959	2091	2173	2195	2204	2295	2316	2505	2723	3558	3864	3980	3996	4021	4038	4113	4272	4757	4917	5051	5073	5151	5197	5619	6203	6323	6768	7079	7484	7704	7719	7752	7850	8048	8060	8556
137	188	994	995	1001	1071	1184	1188	1270	1369	1424	1729	1983	2121	2247	2771	2778	2928	3017	3236	3323	3472	3537	3695	3722	3749	3820	3961	4158	4632	4824	5102	5137	5316	5406	5960	6062	6316	6324	6540	6577	7008	7263	7807	8279	8662
138	189	357	992	996	997	998	1002	1013	1152	1271	1370	1425	1630	1864	2103	2135	3182	3614	3685	3840	3917	4685	4692	4770	4803	4846	5027	5172	5336	5774	5972	6294	6369	6815	8298	8388	8505	8781
41	139	279	504	1085	1093	1272	1342	1379	1483	1940	2078	2432	2442	2589	2689	3066	3654	3880	4060	4178	4196	4203	4525	4708	4794	4866	4973	5013	5052	5130	5240	5264	5284	5335	5566	5762	6021	7518	7559	7691	7705	7826	8016	8328	8464	8645	8718
140	265	1003	1273	1367	1684	1839	2006	2154	2208	2403	2484	3758	3876	4235	4466	4655	4841	4860	5278	5629	5897	6055	6090	6240	6449	6468	6534	7041	7067	7256	7280	7498	7743	7814	8040	8127	8314	8470	8670	8770
141	1274	1550	1629	1663	1666	1819	1826	1951	2068	2329	2549	2676	3413	3584	3978	4159	4233	4579	4746	5048	5200	5472	5562	6226	6450	6791	6928	6981	7145	7158	7183	7285	7340	7348	7472	7922	8367	8691
142	1275	1522	1596	1732	1763	1961	2101	2160	2171	2265	2486	2958	3098	3207	3352	3368	3468	3570	3611	3802	3844	3898	3974	4499	4505	5446	6157	6420	6510	6533	6645	6729	6810	6934	6977	6991	7076	7408	7751	7781	7810	8327	8455	8546
143	1276	1509	1972	2694	2965	3137	3138	3223	3278	3440	3548	3607	3916	4043	4163	4217	4335	4550	4694	4792	4828	5110	5129	5294	5826	5859	5902	5997	6036	6071	6092	6144	6207	6208	6289	7420	7552	7572	7972	7981	8262	8558	8638	8731
144	1277	1831	1870	1991	2288	2599	3263	3359	4018	4097	4316	4338	4548	4588	4637	4869	4966	5345	5394	5441	5580	5664	5683	5838	5949	5981	6137	6181	6412	6921	7232	7235	7343	7990	8011	8316	8431	8463	8715	8848
145	1278	1873	2027	2039	2060	2065	2144	2163	2236	2572	3067	3128	3336	3521	3815	3973	4102	4210	4223	4281	4409	4482	4552	4896	4936	5248	5266	5833	5912	6373	6442	6471	6909	6997	7354	7405	7419	7500	8108
839	1750	1830	2049	2086	2635	2718	2815	2835	3018	3056	3644	3706	3811	4359	4430	4740	4777	4988	5467	5540	5706	5722	5760	5923	5959	6076	6751	6800	6857	6950	6953	7089	7176	7212	7482	7511	7744	7944	8240	8385	8733
840	1591	2172	2213	2311	2692	2943	3114	3436	3549	3766	3776	3851	4036	4524	4620	4677	5176	5803	5844	5866	5888	5963	6048	6154	6160	6212	6653	6680	6803	6956	7298	7434	7701	7875	8187	8259
442	1824	2369	2929	3032	3386	3773	4005	4059	4141	4547	4683	4878	5277	5389	5517	6184	6262	6265	6370	6384	6525	6554	6596	7028	7213	7589	7626	7715	8039	8156	8173	8317	8324	8406	8549
443	1508	1512	1537	1612	2596	2899	2910	3158	3209	3283	3701	3995	4515	4545	4893	4953	5060	5161	5274	6106	6145	6376	6502	6504	7106	7233	7466	7536	7795	8709	8784
444	1623	1653	1863	2009	2012	2197	2496	2769	2791	2926	2946	2947	2953	3013	3102	3514	3669	3879	3913	4315	4398	4425	4782	5169	5552	5876	6032	6117	6191	6511	6774	7575	7901	8130	8527	8605
445	2146	2788	3097	3242	3290	3294	3338	3812	3900	4045	4536	4595	4894	4989	5072	5215	5578	5868	6068	6378	6481	6491	6513	6553	6620	6790	8123	8165	8211	8739
446	1562	1581	1602	1642	2273	2497	2603	2664	2820	2844	3784	4248	4297	4420	4562	4817	5162	5265	5398	5496	5956	6336	6578	6808	6855	6876	6987	7375	7445	7753	7779	8050	8076	8477	8485	8544	8580	8772
146	1279	1695	1969	2061	2470	2586	2731	2851	3043	4109	4118	4582	5228	5338	5367	5573	5697	5892	6225	6269	6562	6859	6979	6986	7050	7237	7424	7514	7533	8337	8387	8497	8577	8720
147	1280	1539	2544	2656	2680	3040	3337	3381	3450	3694	3894	4029	4135	4247	4334	4435	4453	4678	4719	4984	5069	5095	5396	5550	5636	5726	5823	6151	6312	6347	6374	6421	6639	6782	6994	7120	7204	7495	7784	7804	7811	7812	7924	8090	8146	8282
48	166	216	387	475	629	841	976	1281	1564	1565	1714	1731	1787	1882	1949	2099	2237	2472	2818	2848	3060	3168	3253	3364	3657	3753	3843	4062	4304	4555	4600	4904	5178	5213	5479	5654	5666	6430	6715	6971	7165	7170	7303	7345	8159	8281	8381	8436	8625	8629
217	312	388	505	648	711	748	842	1042	1282	1701	2201	2618	2722	2945	2969	3109	3219	3252	3259	3556	4311	4837	5025	5065	5134	5480	5860	6004	6152	6335	6381	6424	6507	6592	6681	6996	7377	7561	7720	7822	7969	8015	8218	8370	8420	8550	8741
148	815	1206	1283	1568	1595	1664	1668	1698	1960	2107	2228	2256	2278	2356	2371	2415	2428	2440	2466	2503	2554	2561	2767	2878	3227	3367	3473	3581	3620	3667	3863	4162	5402	6069	6082	6112	6564	6684	6721	6946	7006	7299	7396	7479	7986	8438	8574
218	313	389	506	649	712	749	1043	1284	1736	1858	1918	1965	2321	2398	2407	2473	2576	2829	2974	3718	4101	4405	4414	4469	4623	4844	5563	5624	5656	5737	5831	5881	6079	6524	6695	6902	7002	7254	7357	7481	7707	7977	8073	8085	8145	8162	8440	8489	8591	8611
49	167	219	390	476	630	843	977	1285	1594	1746	1800	2191	2212	2255	2305	2376	2395	2774	3334	3415	3575	3724	3908	4166	4267	4443	4554	5207	5340	5360	5534	5684	5718	5983	6726	6847	6854	6931	7161	8111	8341	8452	8532
21	378	438	685	898	1149	1159	1168	1185	1376	1386	1398	1453	1462	1520	1625	1754	2165	2349	2520	2828	3710	3866	4124	4189	4895	4908	5045	5123	6236	6784	6982	7443	7622	7789	7923	8008	8308	8364	8422	8457	8551
220	314	391	507	650	713	750	1044	1286	1634	1660	1875	2647	2735	2786	2787	3085	3454	3471	3951	3979	4258	4444	5088	5241	5276	5569	5830	5855	5951	6073	6099	6299	6359	6674	6755	6756	6895	7230	7662	8193	8288	8586	8692	8825	8835	8839
50	168	221	392	477	631	978	1287	1738	2347	2406	2431	2608	3162	3191	3195	3261	3505	3733	3796	3800	3873	4277	4406	4507	4511	4662	4881	4902	5346	5725	6325	6552	6631	7660	7827	8309	8330	8496	8668	8717	8725
39	85	204	379	466	555	579	594	613	628	1721	1945	2365	2391	2617	2753	2892	2988	3086	3205	3291	3385	3723	3888	3890	4090	4169	4528	4641	4992	5195	5315	5342	5387	5593	5680	5875	6192	6209	6272	6343	6865	6968	7169	7219	7221	8564	8773
149	1288	1559	1614	2088	2869	3288	3392	3495	4801	4930	5171	5202	5339	5506	5589	5929	6219	6287	6649	6727	7129	7379	7566	7676	7756	7843	7876	8096	8219	8547	8554	8637	8776	8827	8851
150	508	1289	1644	1758	2048	2475	2515	2641	2830	3159	3431	3486	3520	3529	3786	3966	4039	4066	4122	4295	4650	4898	5099	5238	5436	5732	5771	6026	6088	6286	6585	6640	6733	6939	7068	7155	7268	7324	7454	7759	7761	7829	7919	8112	8195	8207	8769
509	2038	2215	2546	2739	2816	2906	3303	3387	3539	3785	3896	4231	4273	4298	4576	4608	4745	4873	5332	5445	5673	5911	6114	6402	6619	6922	7048	7179	7467	7468	8132	8141	8515	8659	8666	8771
22	380	439	686	899	1150	1160	1169	1186	1377	1387	1399	1454	1463	1535	1651	1932	1975	2037	2566	2890	3016	3036	3151	3309	3353	3598	3903	4207	4428	4445	4486	4571	4586	4597	4663	4790	5057	5078	5189	5203	5688	5827	5967	6072	6232	6924	7154	7177	7211	7422	7798	8310	8539	8799	8812	8838
844	1657	1775	1876	2181	2217	2221	2353	2392	2493	2756	3357	3543	3836	3882	3931	4161	4199	4437	4573	4911	5359	5435	5491	5504	5747	6364	6419	7026	7338	7522	7555	7644	7681	7849	8144	8247	8821
151	1290	1548	2136	2452	2674	2870	2957	3000	3094	3148	3273	3438	3463	3546	3615	3750	3783	3848	3943	3975	3976	4224	4463	4931	4934	5032	5141	5299	5447	5474	5571	5645	5704	5791	5913	6005	6105	6200	6217	6247	6303	6454	6974	7242	7351	7796	8264	8624	8727
222	315	393	510	651	714	751	1045	1291	2114	2149	2264	2532	2704	2834	3255	3293	3418	3551	3688	4002	4342	4400	4603	4861	4947	5283	5845	6094	6129	6366	7021	7417	7773	7831	7884	8368	8418	8514	8833
152	1292	1489	1645	1973	2219	2401	2506	2521	2616	2838	2886	2924	3108	3232	3511	3829	4358	4929	5333	5354	5356	6067	6143	6425	6551	6556	6637	6807	6959	7039	7187	7404	7647	7916	8181	8392	8811
42	223	316	394	447	652	715	752	940	1026	1046	1068	1086	1094	1217	1293	1343	1677	1690	2380	2547	2613	3127	3270	3621	3927	4704	4764	5237	5246	5533	5947	6214	6689	6838	6861	6919	6960	6973	7195	7490	7649	7955	8348
43	224	317	395	448	653	716	753	941	1027	1047	1069	1087	1095	1294	1344	1607	1680	1828	2131	2241	2312	2909	3132	3264	3399	3837	4237	4484	4619	4759	4825	5084	5236	5348	5349	6040	6205	6494	7512	7613	7763	8006	8243	8612	8651
44	225	318	396	449	654	717	754	942	1028	1048	1070	1088	1096	1295	1345	1515	1893	1924	1985	2563	2575	2630	2662	2672	2741	2964	2967	3240	3249	3360	3504	4218	4280	4380	4468	4557	4743	5112	5364	5404	5512	5538	6118	6431	6561	6677	6778	7410	7580	7605	7653	7718	8270	8683
280	287	350	382	474	478	786	793	801	816	872	902	913	922	931	943	952	1014	1029	1075	1111	1120	1127	1135	1207	1417	1426	1707	1805	1913	2330	2416	2500	2921	2954	2956	3020	3797	3877	3934	4001	4294	4375	4385	4527	4738	4871	4880	4945	5038	5254	5554	5633	5675	5927	6506	6566	7085	7205	7238	7406	7440	7461	7772	7809	7820	7982
51	169	226	397	479	632	979	1296	1706	1884	2081	2152	2211	2748	3065	3373	3606	3747	3841	4015	4027	4047	4181	4185	4225	4766	4885	5193	5769	6905	7374	7411	7426	7817	8119	8256	8373	8541	8607	8779
281	288	351	787	794	802	817	903	914	923	932	944	953	1015	1030	1076	1112	1121	1128	1136	1208	1418	1427	1484	2186	2310	2375	2383	2927	3057	4171	4300	4542	4568	4628	4960	5143	5275	5324	5585	5669	6058	6100	6179	6704	6781	7920	7983	8022
52	170	227	282	289	352	398	480	633	788	795	803	818	904	915	924	933	945	954	980	1016	1031	1077	1113	1122	1129	1137	1209	1297	1419	1428	1486	1547	1998	2282	2524	2533	2644	2845	3011	3110	3465	3625	4320	4346	4612	4754	4933	4980	5016	5456	5652	5872	6035	6087	6812	7185	7189	7307	7615	7703	7874	7936	8007	8695	8697
53	171	228	283	290	353	399	481	634	789	796	804	819	905	916	925	934	946	955	981	1017	1032	1078	1114	1123	1130	1138	1210	1298	1420	1429	1496	1764	2047	2379	2538	2900	2916	2925	3069	3134	3728	4070	4157	4517	4572	4750	5101	5199	5756	5842	5922	6123	6717	6719	6828	7066	7961	8393	8557
54	172	229	400	482	635	982	1299	1485	1708	2283	3622	3673	3748	3768	3769	3985	4028	4056	4108	4265	4441	4760	4813	4852	5490	5498	5661	6066	6255	6433	6608	6700	6761	6806	6903	7017	7140	7190	7413	7643	8164	8409	8417	8446
3	55	173	230	284	291	354	401	467	643	790	797	805	820	871	906	911	917	926	935	947	956	983	1018	1033	1079	1115	1124	1131	1139	1211	1300	1421	1430	1445	1475	1570	1705	1897	1935	1953	2123	2239	2326	3241	3324	3355	3397	3645	3744	3775	4254	4274	4459	4739	4913	5066	6260	6443	6451	7390	7598	7683	7856	7890	7948	8051	8390	8674
56	174	231	402	483	636	984	1301	1525	1544	1586	1637	2089	2374	2517	3027	3458	3532	3627	3816	4186	4243	4404	4769	5144	5232	5319	5515	5583	5644	5778	5850	6043	6164	6177	6332	6595	6735	6983	7452	7508	8106	8414	8508	8582
285	292	355	791	798	806	821	907	918	927	936	948	957	1019	1034	1080	1116	1125	1132	1140	1212	1422	1431	1488	1592	1917	2070	2084	2148	2425	2454	2936	3052	3321	3416	3515	3856	4270	4399	4682	4749	5135	5484	5485	5662	5677	5918	5954	6053	6096	6691	7162	7372	7448	7666	7717	8657	8711
286	293	356	792	799	807	822	908	919	928	937	949	958	1020	1035	1081	1117	1126	1133	1141	1213	1423	1432	1617	1866	2002	2277	2336	2337	2372	2420	2728	2801	3048	3237	3714	3919	4251	4364	4495	4684	4805	5223	5628	6074	6127	6282	6500	6811	6958	7277	7687	8213	8478	8661	8737
4	57	175	232	294	403	484	637	909	912	920	929	938	950	959	985	1021	1036	1082	1097	1118	1142	1302	1433	1648	1825	1926	2168	2302	2891	3113	3221	3404	3420	3794	4339	4567	4727	4926	5159	5415	5871	6011	6243	6331	6435	6537	6801	6802	7078	7150	7333	7630	8786
58	176	233	404	485	638	845	986	1303	1885	2132	2523	2619	2626	2744	3123	3245	3286	3435	3580	3662	3909	4126	4647	4826	5020	5044	5139	5301	5308	5518	5597	5906	6148	6355	6495	6516	6579	6955	7591	8201	8293	8460	8535	8571
59	177	234	405	486	639	846	987	1304	1540	2110	2419	2865	2923	2968	3072	3171	3177	3423	3459	3790	4088	4152	4513	4822	5399	5505	5623	5638	5646	5781	5787	5807	5861	5921	5986	6122	6134	6155	6263	6460	6688	7496	7586	7620	7792	7910	7940	7950	7952	8059	8536	8609	8705
60	178	235	406	487	640	847	988	1305	1771	2046	2054	2140	2296	2615	2642	2707	2855	3130	4096	4352	4454	4667	4836	5109	5416	5513	5710	6159	6174	6487	6589	6734	7043	7178	7259	7270	7459	7549	7600	7815	7860	8272	8579	8630	8724
61	179	236	407	488	641	848	989	1306	1649	1934	1971	2108	2161	2417	2581	2587	2733	2997	2999	3280	3528	4117	4119	4691	4765	5122	5372	5465	5494	6046	6329	6466	6522	7271	7314	7462	7477	8232	8430	8461	8597	8750
5	1571	1582	1861	1927	2030	2102	2410	2462	2494	2668	2867	2884	3126	3661	3813	4079	4296	4329	4788	5106	5147	5648	5749	6478	6744	6746	6871	7116	7201	7403	7562	7669	7757	8167	8343	8405	8503
6	45	297	305	678	1091	1189	1358	1438	1466	1619	1646	1741	1838	1851	2717	2742	2745	3235	3430	3885	4340	4497	4707	4965	5003	5011	5175	5451	5545	5607	5788	6279	6629	6716	6749	6818	6823	7007	7164	7282	7349	7436	8226	8238	8570	8834	8843
7	298	1439	1467	1490	1580	1766	1852	2298	2323	2527	2537	2621	2637	2759	2914	3042	3322	3350	3448	3531	3691	3969	4037	4192	5218	5231	5293	5521	5899	5958	6047	6104	6196	6290	6603	6978	6989	7502	7519	7762	7793	8394	8425	8486	8617
8	46	306	1339	1340	1391	1514	1788	2187	2412	2950	3850	4184	4193	4293	4387	4810	5400	5477	5695	5793	6128	6375	6549	6580	6622	6647	6667	6787	7014	7062	7207	7246	7305	7421	7583	7880	8157	8265	8296	8639
1	1584	2137	2972	3156	3361	3394	3442	3648	3697	3814	3874	3878	4194	4238	4268	4491	4688	4758	5260	5386	5497	5702	5975	6204	6280	6720	7119	7394	7665	7746	7836	8027	8092	8139	8528	8734
153	261	303	1099	1499	1783	1937	1982	2003	2294	2335	2885	2994	3170	3496	3760	3818	3834	3861	4214	4529	4802	5119	5256	5257	5565	5609	5699	5700	6135	6218	6310	6477	6528	7126	7541	7594	7640	7897	8585	8652
849	1572	1628	1722	1930	1993	2007	2057	2130	2233	2254	2573	2643	2710	2979	3180	3333	3391	3425	3993	4291	4450	4796	4991	5105	5350	5454	5712	5715	5723	6033	6162	6322	7287	7453	7570	7802	7862	8284	8592	8831
181	237	319	408	511	655	688	702	718	755	1049	1307	1362	1440	2056	2189	2246	2553	2639	2708	3194	3311	3729	3827	4007	4016	4116	4240	4299	4509	4843	4935	5288	5487	5561	6024	6304	6532	6601	7003	7044	7114	7115	7593	7725	7750	7808	7852	7870	8005	8350	8648
238	320	409	512	656	719	756	1050	1308	1757	1860	2011	2074	2109	2253	2474	2567	2679	3272	3316	3326	3574	3755	3824	4020	4261	4324	4747	4862	4932	5330	5357	5469	5555	5955	5989	6014	6070	6249	6414	6563	6671	6701	6738	6758	7108	7560	7842	7925	7953	8166	8179	8203	8568
182	239	266	321	338	410	513	657	689	698	703	720	742	757	832	1008	1051	1101	1309	1363	1406	1878	2346	2482	2975	3122	3279	3362	3382	3535	3643	3707	3910	3981	3998	4025	4569	4712	4951	5082	5516	5968	6081	6241	6651	6867	6878	6900	6935	6975	7172	7216	7480	7668	7675	7907	8499	8818
183	240	267	322	339	411	514	658	690	704	721	758	1052	1310	1364	1578	1713	1747	2297	2528	2606	2654	3054	3216	3684	3743	4246	4363	4566	4924	5177	5262	5334	6060	6101	6261	6440	6884	6892	7323	7429	7513	7847	8074	8115	8122	8335	8803
241	323	412	515	659	722	759	1053	1311	1441	1790	1823	1834	1943	2098	2182	2485	2658	2765	2991	3061	3173	3233	3997	4236	4476	4776	4807	5157	5206	5303	5374	5405	5588	5836	6044	6110	6168	6309	7058	7168	8070	8331	8347	8506	8600	8678	8714
184	242	268	324	340	413	516	660	691	699	705	723	760	1054	1312	1365	1407	1797	1813	1903	1908	2028	2231	2912	2949	2955	3095	3129	3421	3427	3959	4006	4142	4283	4561	4654	5049	5114	5174	5632	5649	5761	5930	6007	6597	6682	6683	6829	6923	7253	7475	7576	7764	8030	8034	8067	8170	8241	8242	8498
185	243	269	325	414	517	661	692	700	706	724	743	761	1055	1102	1313	1366	1408	1694	1902	2090	2139	2257	2317	2445	2629	2673	3346	3400	3705	3947	4105	4718	5000	5116	5170	5425	5604	5687	5752	5984	6098	6277	6302	6544	6798	6916	6929	7243	7523	7571	7648	7894	7947	8255	8274	8467	8598	8628
244	270	326	415	518	662	725	762	833	1009	1056	1314	1603	1753	2147	2268	2424	2427	3203	3964	4725	4786	4993	5115	5908	5932	6918	7083	7130	7255	7650	7655	7712	7830	7996	8163	8273	8653	8747	8797
245	327	416	519	663	726	763	834	1057	1315	1487	1715	2113	2340	2448	2746	3474	3526	3567	3665	4080	4143	4578	4673	4706	5153	5205	5370	5556	5982	6019	6602	6628	6789	6926	7872	7917	8056	8204	8300	8491	8842
246	271	328	341	417	520	664	727	764	1058	1316	1723	1891	2000	2017	2075	2763	2858	3028	3344	3500	3680	4222	4702	4762	4806	4971	5211	5225	5599	5600	5602	5606	5678	5896	6253	6521	6523	6590	6804	7592	7672	7878	8045	8058	8197	8250	8303	8667
247	329	418	521	665	728	765	1059	1317	1620	1879	1939	2112	2134	2193	2238	2251	2357	2418	2714	3022	3046	3258	3345	3481	3484	4208	4356	4384	4460	4671	4827	4891	5363	5368	5371	5380	5428	6403	6646	6648	6825	7124	7223	7700	8084	8260	8334	8555	8704
248	330	419	522	666	729	766	1060	1318	1492	1553	2045	2225	2304	2373	2450	3004	3210	3525	3559	3763	3970	3991	4302	4473	4705	4744	4985	4987	5148	5431	6056	6095	6349	6707	6834	7267	7489	7493	8152	8671
249	272	331	342	420	523	667	730	767	835	1010	1061	1319	1685	1898	1976	2333	2813	2888	3131	3226	3370	3378	3482	4187	4264	4585	4643	5118	5259	5457	5492	5627	5707	5796	6259	6367	6418	6514	6816	6817	6868	7291	7930	8102	8205	8212	8416	8636	8753	8767	8777	8796
154	1320	1556	1624	1820	1890	1963	1964	1984	2042	2162	2174	2249	2279	2498	3444	3507	3523	3628	3795	4266	4309	4457	5132	5471	5541	5667	5795	6188	6452	6482	6623	6644	6672	7018	7081	7471	7504	8061	8064	8361	8690	8701	8735
1109	1505	1785	1833	1888	2116	2258	2299	2327	2471	2805	2931	3124	3150	3238	3363	3603	3631	4257	4426	4575	5039	5120	5539	5886	6115	6169	6398	6655	6992	7283	7355	7603	7621	7770	7962	7992	8113	8421	8775	8808	8828	8846
155	836	1321	1647	2690	3276	3524	3649	3933	3935	3952	3967	4201	4308	4381	4401	4432	4465	4785	5280	5941	6713	6714	6770	7011	7072	7296	7360	7437	7520	8069	8222	8344	8475	8502
156	823	1214	1322	1854	2457	2508	2908	2987	3589	3686	3839	4341	4377	4819	4905	5034	5089	5507	5560	5816	5819	5865	6297	6737	6851	7226	7320	7697	8038	8101	8276	8278	8323	8708
157	1323	1626	1667	1733	1947	1957	2540	2565	2806	2903	2935	2959	3199	3208	3329	3950	4115	4354	4570	4621	5738	6193	6546	6741	7019	7274	7278	8448
158	295	808	824	910	921	930	939	951	960	1022	1037	1083	1119	1215	1324	1434	1699	1710	1829	1871	2018	2020	2478	2522	2607	2764	2978	3104	3198	3244	3402	4132	4180	4227	4286	4695	4779	5501	5820	5992	6045	6409	6538	6613	6641	6911	7658	7706	7742	7859	7879	8183	8458
250	273	332	358	421	489	493	524	668	731	768	1062	1325	1359	1442	2085	2580	2762	2952	3513	3601	3656	3671	3677	3679	4244	4347	4531	4710	4839	4919	4921	4941	5107	5459	5575	5717	5976	5995	6020	6493	6835	7311	7905	7984	8028	8078	8305	8371	8548
251	274	333	422	490	494	525	669	732	769	850	1063	1326	1360	1443	1774	1796	1992	2133	2477	2541	2652	2792	3356	3720	3737	4082	4336	4394	4427	4735	5042	5059	5395	5460	5610	6216	6387	6696	7029	7135	7173	7929	8172	8249	8650	8817
252	275	304	334	423	491	495	526	670	733	770	851	873	1064	1327	1361	1444	1792	2083	2229	2259	2703	3107	3172	3197	3250	3608	3623	3721	3883	4607	4767	5133	5362	5408	5461	5553	5591	5829	6393	6572	6638	6937	7121	8210	8391	8423	8567	8710	8791
23	381	440	687	900	1151	1161	1170	1187	1378	1388	1400	1455	1464	1491	1862	2579	2808	3339	3340	3348	3666	3717	3846	4421	4601	4854	5040	5050	6483	6485	6489	6570	6588	6743	6813	6963	7098	7335	7366	7507	7954	8125	8702	8798
159	1328	1588	1613	1886	2158	2210	2429	2984	2985	3247	4052	4202	5358	5430	6437	6455	6501	6940	7052	7231	7300	7855	7864	8526	8800
253	335	424	527	671	734	771	1065	1329	1665	1780	1922	2178	2220	2677	2749	3088	3175	3304	3466	3497	3745	3765	4361	4489	4858	4937	5075	5085	5381	5698	5891	5903	6001	6039	6405	6503	6515	6797	6891	7063	7208	7491	7524	7659	7934	7999	8128	8271	8319	8399	8471	8482	8500
160	837	1330	1497	1700	1881	1997	2308	2773	2904	2982	3031	3116	3143	3277	3284	3853	4008	4068	4086	4138	4215	4519	4670	4703	4838	4938	5030	5173	5306	5851	5867	5990	6305	6346	6961	7433	7974	8304	8374	8428	8504
450	1493	1531	2339	2604	2666	2688	3503	3517	3550	3572	3638	3692	4418	4661	4986	5108	5251	5391	5672	5806	6133	6642	6853	6873	6910	7047	7065	7093	7250	7528	7828	8268	8283	8801
161	774	1331	1818	2342	2441	2465	2693	2901	3305	3424	3609	4259	4368	4467	4799	4958	5686	5739	5824	5834	5848	6178	7532	7686	7840	8378	8483	8492	8601
66	346	430	779	862	867	901	1110	1920	2063	2209	2303	2341	2381	2510	3433	3682	4000	4269	4345	4717	4768	5117	5216	5768	5925	6351	6779	7202	7341	7783	7921	8023	8237	8297	8318	8474	8522	8782
254	336	425	528	672	735	772	1066	1332	1521	1809	2388	2479	2574	2709	2842	3119	3341	3489	3573	3588	3634	3752	4072	4411	4523	4755	5077	5772	5880	6397	6565	6796	6821	6957	7136	7608	7973	8696	8805	8855
162	1333	1507	1576	1585	1675	1770	1782	1806	1827	1889	1980	2799	3006	3075	3155	3375	3553	3780	3832	3838	3945	4587	4736	4870	5222	5581	5616	6447	6535	7442	7623	7787	7980	7997	8269	8326	8363	8412	8559	8780
62	180	255	426	492	642	852	990	1334	1569	1760	2073	2179	2263	2751	2811	3325	3349	3492	4033	4095	4165	4456	4487	4724	4748	4942	5037	5281	5424	5478	5966	6354	6547	6938	7637	7760	8075	8362	8694
163	1197	1199	1335	1465	1683	1744	1895	1910	2453	2530	2738	2996	3201	3831	3926	4154	4594	4605	4728	4775	4983	5024	5514	5685	5869	5879	6003	6065	6150	6311	6630	7033	7423	7430	7544	7548	7616	7933	8002	8080	8116	8525	8644	8774
256	276	337	343	427	529	673	736	773	1067	1336	1911	2034	2285	2408	2948	2962	3076	3274	3456	3577	3582	3652	3660	4051	4675	5163	5185	5577	5748	6107	6235	6342	6465	6587	6752	6765	6777	6846	7550	7740	8053	8386	8397
164	825	838	1216	1337	1682	2058	2082	3401	3490	3547	3738	3862	3902	4350	4526	4731	4732	4784	4848	4948	4994	5043	5337	5938	5973	5994	6379	6907	6941	7317	7778	8124	8171	8432	8581
165	1338	1804	2032	2170	2343	2476	2609	2859	3101	3184	3196	3230	3449	3469	3668	3868	4089	4370	4410	4656	4897	5019	6029	6224	6581	6769	7399	7818	7995	8037	8198	8230	8258
