1457	1716
3215	3257
2526	3572
73	206	780	792	1055	1309	1682	2894
743	1759	1951	2222
266	301	353	566	568	625	672	691	698	728	927	985	1023	1025	1035	1074	1144	1154	1276	1306	1322	1328	1378	2277
2030	3675
139	167	186	310	363	477	485	588	628	661	767	858	929	968	1047	1138	1296	1601	1635	1683	1724	1867	1892	2654	2975
453	1772
432	712	2348
1711	1756	1808
1773	3813
981	1036	3567
2195	2232
3211	3508
675	2007
24	50	77	140	213	276	311	364	417	518	547	615	647	686	754	944	1063	1107	1359	1381	1406	1430	1497	1529	1684	1707	1725	1790	1816	1843
212	1916
514	3397
10	857	1042	1159	1280	1351	3026	3114	3745
242	1197	1436	3752
2229	2539
3038	3571
1366	1747	1805	3338	3345
1717	3126	3237
1308	2581
88	245	559	1043
2399	3244	3422
1192	1421	1713	2086	2401
2410	2639	2958
83	204	248	543	606	706	813	859	1209	1446	1458	1476	1489	1562	1588	1675	2371	2970
25	78	141	214	277	312	365	418	481	519	548	616	648	662	687	755	945	1019	1053	1064	1067	1108	1202	1290	1295	1360	1382	1407	1431	1498	1518	1530	1685	1714	1726	1817	1844	1863
605	3411	3661
2161	3528
2170	3133
87	414	1003	1889	2665
2168	2345	3426	3563
627	697	989	1149	1251	1499	1893	2967
999	3559
15	86	1798	1834	1874	3236
392	449	597	646	726	855	1020	1590	1597	1628	1811	2832	2932	3783	3819
26	116	341	464	573	865	881	1087	1121	1168	1393	1663	1822	1848	2289	2663	3331
393	507	623	753	770	827	878	1486	1598	1812	1873	1917	3155
0	1954
2425	2530	3582
1086	1297	2424
362	658	1809	2125	3009	3832
89	560	1044	3221
142	168	187	313	486	930	1048	1298	1602	1636	1686	1727	3078
366	2899
455	1774	2008	2419	2595
249	1210
957	1860	2121
797	2169
2290	2640
1993	2039	2096	2273
1332	1484	1490	1926	3584
1157	1890	2501	2632	3681
39	58	184	333	395	412	607	636	681	721	739	828	1119	1269	1384	1477	1491	1531	1622	1653	1659	1661	1785	1876	1894	2987
219	241	243	952	1203	1273	1433	1558	1574	2960	2985	3371	3723
80	207	1056	1084	1146	1285	3369	3687
2613	3384	3552	3561
2500	2792	2900	3400	3547	3600
2304	3498
433	713
138	182	215	220	423	641	680	814	864	982	988	998	1014	1151	1204	1211	1212	1357	1589	1626	1787	3029
1	1813	2990
456	744	1760	1775
90	561	1045	3091
104	839	963	1231	1391	1485	2073	2633	3057
244	2164	2182
60	302	484	964	1037	1232	1281	1329	1392	1488	1806	2466
1910	3442	3605
13	1425	2431	2508
1434	2442
11	613	635	660	893	1027	1160	1793	2352
1181	2133	3213	3453	3614
2933	3256
61	2018	2991	3001
208	781
789	2220	2370	3212
2561	2797	3028
1712	1757	1802	2575
143	278	314	367	419	549	617	649	688	756	946	1109	1361	1408	1500	1532	1687	1728	1845	2806	2918	3313
570	699	1038	1330	1333
1201	2173	3079	3255
129	1189	2209	2577	3551
260	1015	1426
2	2103
1973	3635	3766
1069	3069	3431
267	303	567	569	594	599	626	642	673	692	696	700	729	928	986	1024	1026	1039	1075	1145	1155	1277	1307	1323	1331	1369	1379	2495	3097
1459	2669
2104	2942
1769	3146
2542	3529
2226	2361	2364	2944
2455	2652
2569	3046	3166
144	169	188	272	279	315	368	396	404	487	532	601	663	693	778	801	829	895	901	911	931	969	990	1049	1245	1278	1282	1338	1501	1520	1603	1637	1688	1729	1835	1895	1918	2278
97	145	162	170	189	262	280	316	369	488	589	609	650	682	802	835	932	970	1193	1261	1270	1502	1521	1604	1638	1689	1730	1864	1896	3465
1158	1891
3	562
2054	2637
2198	2666
2158	3656
146	317	370	405	422	953	960	1002	1166	1194	1283	1373	1559	1690	1731	1883	2333	3524
1968	2698	3260
2315	2605	3594
67	2223	2856	3631
200	899	916	1080	1152	1213	1314	1479	1624	2429	2776	3576
237	525	527	785	791	1450	2272
130	528	776	1320	1415	2653
2146	3150	3181
1291	3641
85	526	679	786	1544	2153	3624	3833
2548	2974
2433	3688
2405	3778
147	171	190	318	371	397	489	602	694	912	933	971	1050	1246	1503	1605	1639	1691	1732	1836	1897	2154
450	3698
1599	3000	3430
714	3340
701	715
115	815	1112	2233	2659	3628
2549	2564	3194
538	1575	1878	2037	2239	3781
457	1776	2939
2505	3494
2757	3798
2594	2844	3709	3784
1972	3231
2049	3391
840	1678	2338	3471
1941	3199
2888	3786	3801
148	172	191	319	372	490	934	972	1299	1606	1640	1692	1733	1898	3072
98	163	173	192	273	491	935	1422	1504	1607	1641	1748	1899	2579
539	1576
2215	3250
149	281	320	373	420	550	618	651	689	757	947	1065	1110	1362	1409	1505	1533	1693	1734	1846	2221
2491	2917
91	246	563	987
183	1460	1546	3735
540	629	1259	1374	2948
758	768	994	1099	1113	1139	1247	1340	1410	1447	1469	2252
638	1315	1480	1788	1949	3080
51	238	269	282	298	307	620	736	918	924	1071	1114	1135	1186	1241	1591	1884	1911	2977
231	1718	2115	3483
2340	2691
430	841	966	1133	1293	1303	1799	1810	3795
1567	2217	2961
250	425	440	460	759	816	1341	1470	2541
2151	3196
1761	2787
1334	3251
150	164	174	193	283	321	374	406	478	492	520	551	590	630	652	803	860	902	936	948	973	991	1134	1244	1254	1411	1423	1506	1522	1534	1608	1642	1694	1735	1749	1865	1868	1900
458	745	1762	1777
541	3615	3842
1070	1516	3554
2785	3156
99	263	836	1262	1265	2190	2464	2763	3499
40	2012	2708	3460
1456	2545	2682
2368	3387	3439
41	2414
415	1437	3019	3178
506	3716
27	117	253	342	409	465	499	574	866	882	1028	1122	1169	1394	1580	1823	1849
711	817	1214	1881	1935	3546
45	52	227	233	284	336	509	552	585	653	664	903	949	1205	1256	1453	1466	1507	1523	1535	1541	1577	1750	1800	1837	1879	1885	2387
74	209	793	1057	1237	1438	1464	1820	1870	3067
1061	2914	3138	3830	3839
2238	3657
1986	2357
2329	2726	2751	2872
434	716
435	717
94	151	285	322	338	375	398	436	533	536	544	553	591	654	665	707	722	760	804	830	861	896	904	921	974	992	1100	1248	1279	1412	1492	1508	1524	1536	1563	1609	1643	1695	1736	1801	1901	1919
252	900	1163	1190	2385
110	1547	1618	1720	2114	3351	3835
671	1006	2318
1326	2520	2826	3517
1292	3163
107	2271	3287	3322
676	3266
28	118	254	343	410	466	500	512	575	867	883	1029	1088	1123	1170	1395	1581	1632	1664	1824	1850	3548
2023	3452	3568
53	152	165	175	194	323	376	407	479	493	521	805	937	975	1424	1509	1525	1610	1644	1696	1737	1751	1902	1966
1548	1578	3283	3520
202	917	1081	1153	1215	1316	1625	2723	3706
3173	3475
131	777	1416	1784
2843	3142	3374	3539
111	357	1317	1461	1481	1549	2604
4	2090	2879	3053
959	1161	1862	2721	2875
355	394	451	727	1105	1814	2688
2058	2674	3715
79	153	216	286	324	377	421	482	522	554	619	655	690	761	950	961	1054	1066	1111	1206	1339	1363	1383	1413	1432	1510	1519	1537	1697	1708	1738	1791	1818	1847	2034	2822
5	3217
2459	2833
154	176	195	235	325	378	399	494	603	695	831	905	913	938	976	1051	1249	1511	1611	1645	1698	1739	1838	1903	2162
8	108	524	783	1418	1442	1445	1922	3071	3168
95	155	326	339	379	400	437	545	592	708	723	762	832	862	906	922	977	983	1512	1526	1564	1612	1646	1699	1740	2212	2342
2514	2625	3642
156	177	196	327	380	495	631	939	978	1300	1448	1595	1613	1647	1700	1741	1904
2313	2733
1198	3579
2268	2801
2181	3277	3580
2689	3790
1164	3016
2498	3218
2087	2490	3332
2427	2586	3238	3366
1991	3299
230	800	1199	2941
3492	3564
2082	2700	3538
2316	2439	3750
1946	3708
2240	2753
1286	1465	3342
54	239	270	287	299	408	542	621	737	798	919	925	1072	1115	1136	1187	1242	1592	1886	1912	1920	3202
529	3479
112	995	1619	1721
55	308	808	954	1183	1233	1260	1375	1550	1560	1579	1679	2971	3506
105	354	1118
2458	3734
16	46	228	510	586	955	984	1207	1257	1301	1451	1454	1467	1527	1542	1561	1839
100	157	166	178	328	381	993	1648	1701	1742	1905	2808
3634	3711
2635	2768	3463
101	158	179	197	264	274	329	382	496	837	907	940	979	1235	1263	1266	1312	1614	1649	1702	1743
92	564	1046
2006	2281	3234
383	941	1101
441	452	508	879	915	1342
2251	2560	3451
2197	2693
3036	3732
718	2750	3068	3099
1427	1960	3164
2163	2483
2789	3288	3454	3794
59	185	401	413	534	608	637	683	724	740	833	1120	1156	1250	1258	1271	1294	1385	1493	1538	1623	1654	1660	1662	1786	1877	1906	2020	2031
334	1150
2450	2543	2681
3047	3757
3370	3464
733	1370	1821	2849
93	247	565	2256
106	251	818	1482	2305	2761	3127	3286	3308
2715	3003	3680
288	340	402	438	546	555	656	709	763	834	908	923	1513	1565	1615	1650	1703
1141	3319
1350	2048
790	1325
439	1191	1483	1545	1804
29	119	467	1089	1171	1274	1396	1633	2775
1001	2624	3809
17	483	807	842	956	962	965	1068	1709	1792
75	1676	2078	2912	3086	3590
2407	3780
103	205	530	645	877	897	1013	1289	1311	1380	1566	1587	1655	2834
515	1184	3224	3834
730	3169
1371	2480
9	47	56	96	229	234	289	337	511	556	571	587	657	666	806	819	951	1208	1452	1455	1468	1514	1528	1539	1752	1840	1880	1887	2523
2131	2159
719	2622	2973
2805	2890
159	180	198	330	384	480	497	517	537	593	610	632	667	769	863	909	942	980	1102	1140	1234	1255	1302	1414	1449	1515	1596	1616	1651	1680	1704	1715	1744	1866	1869	1907	2070
2183	2509	3484	3797
70	2330
221	268	639	3774
57	240	271	300	309	622	738	799	920	926	1052	1073	1116	1137	1188	1195	1243	1593	1888	1913	1921	2325
2047	2568
222	771	3609
71	2690
1230	1979	2810
2140	2636
113	290	996	1471	1620	1722	2765	3473
6	3219
2184	3095
2132	3227	3697
598	856	1021	1629	2203	3543	3597	3759
12	232	297	356	669	710	752	779	880	1106	1143	1167	1268	1327	1376	1487	1600	1681	1719	1770	1819	1945
30	114	120	203	236	255	344	411	468	501	513	572	576	668	868	884	997	1030	1090	1124	1172	1185	1275	1397	1551	1582	1621	1634	1656	1665	1723	1825	1851	1929	2468
102	160	181	199	265	275	331	385	498	684	838	910	943	1196	1236	1264	1267	1272	1313	1617	1652	1705	1745	1908	3294
1753	2453	3175	3209
809	2449	2462	3591
256	502	1031	1583	2571
2303	3089
257	503	1032	1584	2211	3179
3429	3710
2032	3461
223	611	2344	3814
1763	2963
1764	2553	2782	2800	3110
1766	2886	2965
1767	2200	3672
2218	2224	2270	3616	3648
18	258	504	843	1033	1585	1780	2566
19	844	2454
746	1778	2061
747	1779	2814	3603
1419	1771	1915	2286	2583	2902
2134	3701	3820
1216	1343	1472	1478	1992	2725	2859	3204
1443	2411	3593
2642	3800
224	612	3223	3382
1354	2584	3246	3262	3653
1082	1967	2288
1007	2306
1768	3729
1358	3398
720	2835	3477
1517	2756
291	702	2152
7	3040
1936	1962	3822
65	2175	2862
2647	3449
2474	2524	3048	3121	3456
2308	2310	2327	3281	3713
1386	1568	3435
76	210	361	782	794	1058
2920	3743
72	2035	2979
2683	3740
1969	3276	3748
2396	2499
161	332	386	1706	1746	1909	2234	2671	3717
2136	2909	3810
1117	2926
3321	3592
2502	3174
1387	2014	2567	2823
640	1022	1677
1594	2467
1428	2432	2513	3330
304	3148
2324	3753
3061	3415
2053	3367	3574
1005	1353	2253
1540	2112	2589
810	3076	3192
1958	2727
1494	2443	2471	2478	3445
772	3660
894	3334
3085	3214	3779
2355	2919
2945	3005
1016	1783	3270
416	731	1807	2557	3556
1335	2937
403	685	1388	2301	2363
389	2025	3012
1367	2546
1103	1344	2724	3692
1552	2720
2248	2957	3550
2382	2436	2742
2091	2673
292	748	2795	3324
1352	1570	2404	3115
784	3764
3045	3557	3608
643	3252
732	1571	2695	3191
1796	1956	2641
2051	2403	2758
2064	3128	3802
2610	3402
2057	3462
644	2773	2955	3058
2351	3124	3587	3777
1284	2254
1554	1944
2836	3762
2704	2734	2898	3542	3808
1372	3419
2124	2359	3176
749	2231	2574
1004	2864	3137
1496	2107	3102
2046	2786
2878	3136	3655
741	2938
2485	3738
3075	3225	3689
84	2840	3446
2825	2891	3253	3459
211	795	1060	1238	1287	1440	1871	3130
3626	3805
2141	3621
2346	3768
1797	2100	2537	3637
1040	1572	2235
2650	3651
3140	3507
2516	3355
1337	3356
2193	2619	3103
742	2910	3233	3566	3684
3187	3404	3665
2393	2444
2074	2951
734	1861	2302	3035
2699	3082
225	2118	2799	2905
1009	1942	2123	2660	3714
2518	3501
811	1882	2122	2572
1165	2884	3596	3721
1555	2686
1010	2265	3160
788	3197
2267	2943	3444	3652
1970	3667
796	1239	1441	1872	2954	3659
2848	3309	3379
2258	3132
2829	3744
633	2109	3083	3581	3767
2083	2562
2176	2511
2588	3633
2337	2477
2435	2716	3364
659	2040
1875	2718
1981	3690
3123	3165
3220	3773
3298	3703
2130	2646	3662
1994	2244
2648	2752	3437
2237	3726
2062	2749
2578	3505
2024	3478
305	703	3235
2430	3683
1217	1318	1984	2728	3106
2336	2623	2869
2147	3326	3618
2307	3346
2645	3436	3595
3352	3405	3699
2621	2993
2275	3749
2627	2923	3792
1932	3511
3512	3513	3639
2949	3247	3372
2702	3373
1573	2365	3500
674	1076	1218
1219	2105
704	1077	1220	1627	2712	3796
63	2472	3030	3607
296	614	1976	2558	2846	2897	3458
358	1305	1321	1674	2113	3301
390	2528	3769
1985	2206	2295	3417	3828
2522	2580	2794
2362	2969	3093
2274	2784	3070
2735	3502
2446	3337
2015	2066	2922	3350
3242	3741
2069	3109
2353	3575
2080	2150	2525	2983	3611
2375	2952	3570
1953	2420	2618	3519	3722
3014	3432
3279	3293
2213	3724
1988	2255
2321	2551
2493	3090
3521	3623
1927	2052	2280	2677	3195
3119	3470
431	535	845	967	1012	1304	1710	2684	3353
2097	2616
735	3118
1925	3806
48	1017	1221	1364	1754	1803	1841
49	1018	1222	1365	1755	1842	3112
2085	2791
3011	3120	3495
1288	2421	2680	3421
2381	2437	3658
2696	2842
1980	3817
426	820	1310	2887	2916
1959	2374
2531	2667	3042	3230	3362
2372	3812
2349	2981
3059	3315	3696
2503	3392	3516
3280	3782
2600	3535
2201	3418
1965	2098	2964	3482	3826
2807	3210
2598	3292
2380	3754
2745	3386
1950	3314
2670	2741	3034
14	1948	2259
20	259	505	846	1034	1586	1781
812	1930	2029	3525	3650
31	121	345	469	516	577	869	885	1091	1125	1173	1398	1666	1826	1852
32	122	346	470	578	725	870	886	1078	1092	1126	1174	1399	1667	1827	1853	3824
33	123	347	471	579	871	887	1079	1093	1127	1175	1400	1668	1828	1854	2893	3409
42	2863
43	2088	2510
427	442	461	764	821	1345	1473	1924	2398	2740	3531
428	443	462	822	1346	1474
444	823	2300	2781	3673
445	824
446	825	1963	2010	2609	3013
429	447	463	765	826	1347	1475	2475
3358	3755
1200	1253	2314	2892
2199	3772
1389	2005	3161
1390	3545	3799
335	1914	3527
2705	2881
2139	3807
3555	3731
898	2236
2143	2246	2488	2972
2028	2802
1223	1319	2535	3401
3403	3544
2219	2400
132	2447	2847	2934
2461	2956
2413	2656	2921	3325
2225	3101	3486
2392	2651	3240
3318	3836
226	3629
2081	2850	3395
2853	3638
2770	2871
66	1943
2889	3610
2678	3719
2095	2737
1417	3312	3320
2672	3677
1938	3485
2617	3455
2026	2694
3158	3583
2376	2978
2585	3022
2243	2809	3682
2406	2861	2896
2165	3222
2247	3803
2540	3023
2534	2827
2732	2788	2874
2901	2997
2373	2597	3737
3302	3785
1940	2755	3004
2106	2596
2630	2817
595	2668
2110	3295
2841	3606
2655	3630
2394	3032	3198
3296	3588
3420	3496
958	2160
2481	3015
2068	2880
1324	2599	2867	3736
81	1147
82	1148
1142	1240
766	1348	1937	2685	2857	3113
1349	2207	2492
773	1952	3297	3441
774	2094	3333
775	3226	3271
3487	3586
914	1974	3203	3335	3775
677	1556	2895
678	1557
21	847	2638
22	848	1543	1782	3139
23	849	2044	3602
34	124	348	472	580	872	888	1094	1128	1176	1401	1657	1669	1829	1855	1947	2527
35	125	349	473	581	873	889	1095	1129	1177	1402	1670	1830	1856
36	126	350	474	582	874	890	1096	1130	1178	1403	1671	1831	1857
37	127	351	475	583	875	891	1097	1131	1179	1404	1672	1832	1858
38	128	352	476	584	876	892	1098	1132	1180	1405	1673	1833	1859	3840
1011	2402
217	293	557	2227	3239
218	294	558	2137	3742
133	2607	2925	3117	3399
136	2412
137	2283	2820	3746
1083	1224	2911
1225	3182	3838
1226	2343
1228	3518
1229	2041	2946
2563	2927	3541
2347	2445	3476	3577
1955	3647
2565	3044
2764	3010	3167
1356	2746
424	448	624	1420	1444
64	2294	2868
3184	3533
2854	3007
2108	2128
2241	3674	3739
2966	3094
2852	3062	3503
2519	3526
2644	3092	3670
2570	3037
2590	2736
2292	2828	3549
3056	3558
3065	3368
2188	2242	2451	2521
2517	3827
2631	2908	3245
2296	2377
2075	3206	3668
2812	3336
2738	2883	3357
2067	2332	3300
2179	3278
2494	2628	3793
2180	3443
2388	3416
2383	3553
2793	3747
2156	2798	3816
2838	3264
2335	2487	3269
3573	3811
3328	3791
2129	2489	2582	3232
2986	3081	3135	3678
1658	2322	3152
2323	2470	3147
3514	3685
2003	2778	3285	3348
2287	2484	2664	3254
1982	2013	2127
2760	2876	3263
2615	2620	2657	3727
3107	3188
2204	2865
3265	3423
2002	3020
2448	2947	3758
2959	3172
1997	3018	3686
2386	2422	3027	3170
2260	3704
2249	3725	3760
1928	3185
3307	3488
1996	3031	3354
2145	2601	3601	3620
2185	2796	3705
2515	2994	3700
2116	2354	2649
2334	2992
2824	3390
2033	3385	3510	3843
2009	3562
2001	2016
2285	3613
2497	3427
1104	3823
2117	2276	3267
2389	2928	3789
2536	3457
1462	2591	3141
1463	2328
2434	2907	3134
3339	3837
3241	3414	3669
2358	2866
2710	2729	3467
2279	2576	2877	2903
3177	3733
2065	2982
3157	3831
2662	3730
2036	2142	2930	3131
1931	2319
2043	3327	3540
3088	3424
2998	3363
2366	2754	3347	3413
3002	3006	3394
2555	3691
2428	3818
2311	2463	2988
2390	3841
2626	3788
2022	2465
2089	2177	2264	3378	3636
3050	3627
2367	3468
2360	3718
2149	3695
3145	3272
2837	3317
2438	3560
2092	2950	3189	3585
2744	3532
2101	2192	3787
2099	3104
2144	3522	3815
3407	3433	3720
2138	2748
2995	3361
1989	3100
2189	2210	3410
3129	3438	3504
2759	3149
2845	3275	3341	3761
2783	2858
1041	3273
851	2299	3329	3756
852	2202	3183
854	2504	3537
2479	3565
2924	3200
