0	1	3144
1951	3184	3201	3351
2	3	4	5	6	7	2169	3449	3683
8	3302
9	2376	2853	3454	3663
10	2852	2930	3613
11	3145	3703
12	2556	2680
13	14
15	16	3068	3112	3153	3357
17	18	19	20	21	22	23	2890	3217
24	25	3588
26	27	28	29	30	31	32	33	34	35	36	37	38	1998	2808	3809
39	2122	2843	3461
40	41	42	43	44	2710	3052	3568
45	46	47	48	49	3207	3596
50	51	52	53	54	55	56	57	2226	2446	2524	2950	3100
58	59	2341	2473	2568	2577
1931	2314	2396	2645	3037	3510	3546	3566	3640	3708	3817
60	61	62	63	64	2009	2143	2241	2250	2284	2970
65	66	2795	2865
2761	2851	3104
67	68	69	70	71	72	3562
73	74	75	76	1968	2605	2704	3396
77	78	79	1985	2321	2598
80	81	82	2415	2628
83	84	2049	3366	3696
85	2238	2521	3462
86	2207	2274	3390
2664	3533
87	2030	2080	2361	2770
88	89	90	91	92	93	2033	2804	3455	3681
94	95	2000	2144	2917	3444
2070	2128	2684	2878
96	2139	2459
97	98	99	100	101	102	2266	3404	3820
103	2293	3417
2206	3403	3521
104	105	106	2004	2082	2312	2612	3173	3234
2600	2671
107	108	109	2924	3778
110	111	112	113	114	2202	2633	2641	3115	3709	3740
115	2298
116	117	118	119	120	121	122	123	124	125	126	127	128	1987	2007	2222	2227	2344	2609	3055	3523	3531	3547	3583
2601	2741	2805	3520
2373	2405	2672	2705	2802	3595
129	130	131	132	133	134	135	136	137	3192	3725	3741
138	2295	2411	3171
139	140	141	142	143	144	145	146	147	148	149	150	151	152	153	154	155	156	157	158	159	160	161	2301	3283	3371
162	163	164	165	166	2606
167	168	169	170	171	172	173	174	175	176	177	178	179	180	181
2378	2535
182	3307
1967	2110
183	2585	2997	3191	3666	3779
2749	2876
184	185	2240	3648
186	187	188	189	190	191	192	193	194	195	196	197	198	199
200	201	202	203	3710
204	205	2424
206	207	208	209	210	211	2069	2872	3093	3473	3680
212	2677	3196	3724
213	214	215	216	217	218	2501	2623
219	220	221	2572	3342	3353
222	1939	2148
2041	2925	3247	3539
223	224	225	226	2157	2661	2723
227	228	229	2508	3833
230	2395	3642
231	232	3079	3177	3344	3392	3728
233	234	3451	3581
2181	2883	3306	3572
235	236	1936	2569	2574	3071	3080
237	2331
238	239	240	2256	3224
241	3654
242	243	2013	2739
2083	2216	2809	3067
245	246	247	2663	2975	3299	3695
248	249	250	251	2090	2100	3099
252	3036
253	254	255	256	257	258	259	3046	3369	3406
260	261	2050	2093	3303
262	263	264	265	1966	2043	3813
266	267	2866	2952	2959	2967
268	2151	3149
269	270	271	2541
1941	2175	2729	2825	3148	3350
272	273	274	275	2294	2708	2909	3691
276	277	278	279	280	281	282	283	284	285	286	287	288	289	290	291	292	293	294	295	2277	2561
296	1975	3181	3229	3470	3512
297	3007	3430	3540
298	299	300	2958
301	302	303	304	305	2308	2326	3142	3574	3593
306	2467	3053
307	308	309	3018	3081	3810
310	311	312	313	314	315	316	317	318	319	320	321	322	323	324	325	326	327	328	329	330	331	332	2053	2530	2547	2571
333	2315	3137	3480
334	335	2823
2067	2774	3023	3712
2058	3490	3702
336	337	1999	3597
338	339	340	2213	2503	2873	3040
341	342	343	344	345	346	347	348	349	350	351	352	2813	2895	3236	3486	3656	3836
353	354	2101	2977	3416
355	356	3657
2416	2562	2869	3076	3368
357	2060	2123	2648	3132
358	359	2038	2195	2653	3495
360	361	2258	3038	3204	3232
2141	2196	2469	2984	3491	3649
362	2470	2474	3337
363	364	365	366	367	368	369	370	371	372	373	374	375	376	377	378	379	380	381	382	383	384	385	386	2021	2068	2334	2356	2370	2439	2726
387	388	389	390	391	3143
392	393	394	3429
395	396	397	398	399	400	401	402	403	2348
2495	2769
404	405	406	407	408	2173	3050	3494	3586
409	410	411	2372
412	413	2742	2877
414	415	416	3078	3134	3378
417	418	419	420	421	2717	2757	3432
422	2519	2794	2829	3058	3420
423	424	3348
425	426	427	428	429	2272	2637	2995	3729
430	431	2938	3042	3183	3377
432	433	434	435	2168	2626	2630	2845
436	437	438
439	3665
440	441	442	443	444	445	446	447	448	2191	2682
3559	3800
449	450	451	452	2713	3590
453	454	455	456	457	458	459	1959	2251	2788	3441	3481
1927	3070	3318
460	461	462	463	3501
464	465	466	467	468	469	470	471	472	473	474	475	476	2734	2874	3716
477	478	479	480	2355	3251
481	482	483	3317
484	2271	3764
485	486	487	488	489	490	491	492	493	494	495	496	497	498	2525	3428	3612
2160	2425	2679
2094	2220	3502	3634
499	500	501	502	503	504	505	2934	3436	3645
506	2665	3187
507	508	2910	2980	3063	3376
509	510	511	3074
2475	3305	3750
512	513	2366	2747	3647
1954	2096	2167	2651	3256	3269	3338	3354
514	515	516	3762
517	2721	3587
518	519	520	521	522	2283	3106	3138	3548
523	2045	2707	2868	3297
2488	2593	3245
524	2666	3292
525	526	2215	2908	2922	3287
527	528	529	1981	2647
2457	2696
530	2142	2246	2273
531	3075	3522
532	533	534	535	2401	3072
536	537	2406	3717
538	539	540	541	542	2233	2452	2667	2767
2777	3214	3257	3622
543	544	545	546	3826
547	548	549	550	551	552	553	554	555	556	557	558	2364	3333
559	560	561	562	563	564	565	3418	3776
2159	2443	2449	3175
566	567	2765	3028
568	569
570	1943	2288	2603	2953
571	1961	2129	2500	2689
572	3678
573	574	575	576	577	578	579	580	581	582	583	584	3077
585	586	587	2433	2775	2859
588	589	590	591	592	593	2480	3347	3575
2760	3736
2212	2302	2483	2817
594	595	596	2397	2437	3017	3118	3164	3200
597	598	2799	3082	3619	3644
599	600	2354	2926
601	602	603	2189	2819	3151
604	605	2146	2170	3313	3387	3427	3672
606	607	608	3117
609	610	1977	3031	3242	3675	3816
611	612	2345	2675	3326
613	2239	2248	3270	3585	3632	3783
3062	3628
614	2834	2985	3349
615	616	617	618	619	2390	2990	3015	3624	3799
620	621	622	2421	2557	2590	2929
623	624
625	626	2247	2305	3284
628	629	630	631	632	1996	2098	2398	3222
2380	3004	3069	3706
633	634	2904	3295
635	2185	2257	2842	3395	3784	3790
2553	3443
636	637	2841
638	2291	3024	3713
639	640	3655
2035	3314	3608
641	2379	2822
642	643	2646	2848	3822
644	2029	2342
645	2863	3127	3808
646	2504	3209
647	648	649	650	651	652	653	654	655	656	657	2399	3178
658	659	3044	3206
660	2537	2724	3534	3651	3662
661	662	663	664	665	666	667	668	2358	2649	3606
669	2582	3660
670	2375	3603
2278	2427	2632	3163
671	2894	3109	3409
672	673	2360	2957	3564	3694
674	2131	3456
2502	3286
675	676	2203	3271	3599
2073	3730
677	678	2607	3327	3792
679	1989	3059	3360	3682
680	3189	3746
3126	3188
681	682	683	684	685
686	687	688	689	690	2318	3006	3054	3227	3484
691	692	2162	2276	2620
693	694	695	2330	3156	3380
2983	3829
696	3066	3733
2789	2961	3210	3508
697	2114	3228	3268	3288	3555
698	699	700	701	702	703	704	705	2428	3231	3237
706	707	708	709
710	2346
711	2265
712	713	714	715	716	717	718	719	720	2714	3048
2476	2578	2897	3087	3464
721	722	723	724	2074	2260	2810	2860	3133
2527	2778	3576
725	2610
726	727	2228
728	729	730	731	732	2199	3136	3421
733	734	735	2297	2870	3005	3226	3405	3667
2949	3815
736	737	738	2668
739	740	2969	3504
741	742	2694	3147
2536	2818	2832	2965	3824
743	744	745	746	747	748	749	750	751	2485
752	2782	3065
753	2304	2328	2642	2709	3507
754	755	756	757	758	759	760	761	762	763	764	765	766	2075	2147	2430	2758	3811
767	768	769	2223	3341
770	1965	2654	2989	3233	3425
2036	2510
771	772	773	774	775	2340	2674
776	777	2133	2230	2971	3258
778	2078	2150	3445	3469	3471	3759
779	2249	2531
780	781	782	2193	3388
783	784	2363	3336
785	786	787	788	2673	3253
2463	2636
789	790	3600
791	2267	3389	3633	3773
792	793	794	795	796	2505	2737	3751	3757	3801
797	798	799	1928	2763	3514
800	2472	2738	3190
801	802	803	804	805	806	1986	1992	2858	2913	3239
807	2262	3565
808	809	810	811	812	2532	3198
813	814	815	816	817	818	819	820	821	822	823	824	825	826	2289	2850	3446	3570
827	3294	3554
828	829	830	831	832	833	834	2797	3205	3252	3459
835	836	837	838	2921
1995	2711	3781
839	2061	2529	3795
840	3423	3526	3831
841	842	843	844	845	846	847	848	849	850	851	852	853	854	2085	3146
855	856	2542
857	2884	2911	3240	3592	3636
858	859	860	861	862	863	2520	2756	2936
864	3293
2134	3155	3845
865	866	867	868	869	870	871	872	873	874	875	876	2862	3398
877	2489
878	879	880	3064	3735
881	882	883	884	885	886	887	888	889	890	891	892	3478
893	894	2402	2417	2627	3823
895	896	2377	2584	2833	3408	3563	3763
2447	2471	2764	2780	2839	3361
897	898	2857	3701
899	900	3267
901	902	903	904	905	906	907	908	909	910	3485
911	912	913	914	2044	2560	3415	3786	3835
2750	2982	3272	3723
915	3304
2003	2621
916	917	1948	2442	3027	3527	3577
918	919	920	2172	2385	3241
2121	3627
921	922	923	2448	3325
924	925	926	1983	2062	2319	2722
927	928	2528	2915	3261
2454	3518
929	930	931	932	933	934	935	936	937	938	939	940	941	942	943	3273	3298
944	945	946	947	948	949	950	951	2487	3322	3721
1957	2743
952	953	954	955	956	2103	2670	3012
957	958	2186	2389	3000	3359	3830
959	3578
960	961	962	1990	3476
2023	2059	2263	2867	3073	3166	3719
963	964	3128
965	2183	2549	2613	2814	3016	3414
966	967	2028	2104	3365	3379	3755
968	969	970	971	972	973	974	975	976	977	978	979	980
981	982	2264	2426
1969	2718	3340
983	984	2179	2218	2221	2347	3372	3384
985	986	987	1958	2076	2208	2565	3199	3279
988	2359	3193	3399
989	990	991	992	993	2188	2838	3535	3625
994	995	996	997	3162	3812
998	1988	2066	2731	3289
999	1000	1001	1953	3487
1002	2479	2570	2762	3186
1003	2386	2596	3246
1004	2184
2011	2349	3328
1005	2286	2974	3569
1006	2309	3124	3264	3814
1007	1008	1009	1010	1011	1952	2736	3687
1012	2493	3219	3291
1013	3182	3474	3638
1014	2224	2353	3319	3448
2481	3614	3841
1015	1016	1017	1018	2187
1019	2125	2748	3688
1020	1021	1022	2025	2234	2745
1023	1024	2031	2171	2697	2793	3626
1025	1026	2127	2652
1027	1942	2136	2204	2691	3737
1028	1029	1030	1031	1032	1033	1034	2352	2434	2916	3098	3536
1035	1036	1037	1038	1039	1040	1041	1933	2871	3355	3789
1042	2303
1043	1044	1045	1046	1963	2655	2951	3374	3673
1047	1048	1049	1050	1051	3174
1052	2132	3150
1053	1054	2210	2296	2351	2640
1055	1056	1057	1058	1059	1060	2992	3381
1061	1062	2323	2435	3437	3768
1063	1064	1065	1066	2065	2792
1067	1068	2920	3140	3282
1069	1070	2154	2431	2589	2847
1071	1072	1073	2072	2660	2939	3021	3230
1074	1075	2165	3085	3343	3797
1076	1077	1078	1079	1993	2051	2891
1080	1081	1082	1083	2290	2594	3818
1084	2905
1085	1086	2012	3180	3791
2275	2456	3641
2678	3460	3567	3707	3769	3821	3838
1982	2242	2436	2491	2514	2902	3329	3602
1087	1088	1089	1090	1091	1092	1093	1094	1095	1096	1097	1098	2152	2306	2350	2658	2979	3051	3465
1099	1100	1101	1102	1103	1104	2551	3492
2099	2886	3582	3765
1105	1106	2461	3383
1107	1108	1109	1110	1111	2137	3458
1112	1113	1114	1115	1116	1117	3111	3157
1118	2928	2976	3102
1119	1120	1923	2513	2624
1121	1122	1123	1124	1125	1126	1127	1128	1129	1130	1131	1132	2693	2963	3001	3753
1133	1134	2106	2453
1135	1136	1137
2071	2299	2622	3216
1138	1139	1140
1141	1142
2458	2545
2217	2768	3686
1143	1925	3467
1144	1145	2744	3084	3653
1146	1147	1148
1149	2393	2899	2956	3280
1150	2517	3524
1151	2158	2280	2337	2803
1152	1153	3739	3796
1154	1155	2015	2639	2779	3556
1156	1946	2145	3158
1157	1158	2064	2161	3161	3310
2017	2091	3676	3711	3732
1159	2005	2332	3584
3105	3698
1160	2816	3419
1161	1930	2087	2102	3591
1162	1163	1164	1165	2182	2382	2595
1166	2338
1167	2270	2579	3493	3840
1168	1169	1170	1171	1172	1173	1174	1175	1176	1177	1178	1179	1180	3033	3119	3179	3652
1181	1182	1183	1184	1185	2095	2194	2755	2835	3424	3727
1186	1187	1188	3315
1189	2855	3503
1190	1191	2836
1192	1193	1194	1195	1196	2408
1197	1198	1199	1200	3601	3803
1201	2759	3169
1202	1203	1204	1205	1206	1207	1208	2935	3125
1209	1210	1211	1938
1212	1213	1214	1215	1216	1217	1218	1219	1220	1221	1222	1223	1224	1225	1226	1227	1228	1229	2906	3362
1230	3049
2555	2781	2968	3505
1231	1232	2552	2932	2988	3747
1233	1234	2311
2892	3168	3332	3726
1235	1236	3057
2054	2616
1237	1238	1239	1240	2327
1241	1242	1243	2155	2608	2900	3060
1244	2625	3334	3579	3637
1245	1246	1247	1248	1249	1250	2115
1251	2111	3500
1252	1253	1926
2018	3412
1254	1255	2588	3026	3397	3837
1256	1257	2455	3029	3775	3825
1258	1970
1259	1260	2611	3095	3097	3466
2604	2881
1261	1262	1263	1264	2300	2715	2918	3047
1265	1266	1267	2981	3400
2687	3528	3537	3743
1268	2993
1269	1270	1271	1272	2404	2550
1273	2371	2806	3321
1274	1275	1934	2034	2650	2771	3194	3479
1276	1277	2387	2592	3530	3658
1278	1279	2516
1280	1281	2214	3285
3463	3788
1282	1950	3482	3557
1283	1997	2681	2783	3278	3309
1947	2629	2706	2987	3014	3090	3832
1284	3549
1285	1286	1287	1288	2039	2105	3621
2024	2153	3103	3488
1289	3346
1290	3172	3631
1291	1292	2815
1293	2339	3116
1294	2163	2255	2368
1295	2333	3447	3529
1296	1297	1298	1299	1300	1301	1302	3705
1303	1304	1929	2546	3623
1305	2522
1306	1307	1974	2409	3339	3780
1308	2410	2468	2518	3176
2657	3020	3025	3221
1309	1310	2559	3715
1311	2539	3770
1312	1313	2575	3594	3749	3752
1314	1315	1316	1317	1318	1319	3700	3834
2177	3413
1320	2573	2941
1321	2108	2317
2787	2901	3754
1322	1323	1324	2176	3301	3330
1325	3034	3358
1326	1973	2130	2685	3010	3129	3839
1328	1329	1330	1331	2735	3141
1332	1333	1334	1335	1336	1337	2486	3639
1338	2112	2118	3250	3407
1339	2931	3532
1340	1341	1342	1343	1344	1345	1346	1347	1348	1349	3774	3806
1350	2006	2740
2533	2914	3335	3519
1351	1352
1353	1955	3393
1354	1355	1356
1357	1358	2846	2898
1359	1360	1361	1362	1363	2232	3121	3254	3664
1364	1365	2088
1366	1367	1368	2423	2702	3086	3496	3794
1369	1370	1371	1372	3690
1991	3296
1373	1374	1375	2002	2494
2019	2322	2400	3165	3311
2683	2700
1376	1377	2022	2198	2285	3410	3516
1378	1379	2063	3041	3122	3259	3422
2014	2149	2826	3019	3411	3844
1380	2229	2716
3367	3386	3552
1381	1382	1383	2192	2392
1384	1385	1386	1387	1388	1389	1390	2190	2602
1391	1392	2244	2478	2688	3281	3685
1393	1394	1395	1396	1397	1398	1399	1400	1401	1402	1403	1404	1405	2140	3468	3611
1406	1407	1408	1409	1410	1411	1412	1413	1414	2394	2824	3159	3260	3573
2864	2933	3561
1415	1416	1417	2313	2464
2027	2316
1418	1419	1420	2092	2460	3195
1421	1422	1423	1424	3170	3316	3620
1425	1426	2324	2644	2954	3320	3477	3618	3745
1427	1428	1429	2055	2279	2923
2615	2634	3515
1430	1431	1432	2209	3185	3787
1433	2807	3039	3385	3438
1434	1435	2407	2784
1436	1437	1438	1439	1440	1441	3211
1442	1979	2511	2617
1443	1444	2026	2986
1445	2837
1446	1447	1448	1449	2329	2785	3202
1450	2320	3744
1451	1452	3777
1453	1454	1455	2084	2512	3101	3312	3629	3679
1456	2343	2597	3243
1457	1458	1459	1460	1461	1462	1463	2412	2885	2919
1464	1465	2972	3123	3598
1466	1467	1468	2384	2880	3088	3135
1469	1470	1471	1472	1473	1474	1475	2966	3013	3635	3734
2812	2849	3402	3615
1476	1477	1478	2010	2243	2948
1479	1480	1481	1482	1483
1484	1485	2414	2586
3589	3692
1486	2225	3756
2498	2581	2754	2882	3276	3509	3646	3671
1487	2418
1488	1978	2492	2497	2942
1489	1490	1491	1492	1493	1494	1495	1496	2245	2591	3560
2032	2116	3391
2219	2962	3802
1497	1498	1499	1500	1501	1502	1503	1504	1505	1506	1507	1508	1509	1510	1511	1512	1513	1514	1515	3083
1516	1517	2440	2662	2903	3035	3300	3331	3571
1518	1519	2482	2576	2728	3426	3843
1520	1521	1522	1523	1524	1525	1526	1527	1528	3364	3720
2827	2856	2955
1529	1530	1531	1532	1533	1534	1535	1536	1537	1538	1539	1540	3356
1541	1542	1543	1924	2861
1544	2200	2462	3160	3434
1545	2907	3290	3401	3738	3767
1546	1547	1548	1549	1550	1551	1552	1553	1554	1555	1556	1557	2008	3154	3731
1558	1559	1560	1561	2310
1562	1563	1564	1565
1566	2444	2558	2791	3263	3277
2016	2047	2281	2365	2631	2659	2821	3452
2690	3108	3152	3167
1567	1568	1569	1570	1571	1572	1573	1994	2978
1574	1575	1576	1577	1578	1579
1580	1581	1582	1583	1584	1585	1586	2336	2720	3674
1587	2730	3382	3558
1588	1589	2840
1590	1591	1592	1593	1594	2089	2544
1595	1596	3661
1597	1598	1599	1600
1601	1602	1603	1604	1605	1606	1607	1608	1609	1610	1611	1612	1613	1614	1615	1616	1617	2048	2599	2912	3275
1618	1619	1620	1621	3689
2374	2534	3541
1622	1623	2419	3235	3394	3511
1624	1625	3002	3091	3630
1626	1627	1944	2719	3440	3607
1628	1629	1630	1631	2109	2445	3043	3225	3370
1632	1633	1634	1935	2057	2701	3011
1635	1636	1637	1638	1639	1640	1641	1642	1643	1644	1645	1646	1647	1648	1649	1650	1651	1652	1980	2335	2438	2583	3699
1653	1654	2564	2698	2712	2879
1655	2292	2800
1656	1657	3218
1658	2120	2699	2844	3061
1659	1660	2991
2429	3045	3605	3771
1661	1662	2450	2695
1663	1664	1665	1666	1667	1668	1669	1670	1671	1672	1673	2944
2135	2580	2776	2937
1674	2830	3693
1675	2201	2496	2946
1676	2138	2367	2506	3550
1677	2325	3375
1678	1679	1680	2676
1681	1956	2042	2113	3697
1683	1684	1685	1686	1687	1688	1689	1690	1691	1692	1693	1694	1695	1696	1697	1698	1699	1700	1701	1702	1703	1704	1705	1706
1707	1708	1709	1710	3203	3323	3472	3489
1711	1712	3262
2381	2733
1976	2477
1713	1714	1715	2269	3213	3238
1716	1717	1718	1719	2484	2727	2943	3542
1720	1721	1722	1723	2540
1724	1725	1726	1727	1728	1729	1730	1731	1732	1733	1734	1735	1736	1737	1738	1739	1740	1741	1742	1743	1744	1745	1746
1747	2692
1748	1749	1750	1751	1752	1753	3782
1754	1755
1756	1757	3544
1758	2875
1759	1760	1761	1762	1763	1764	1765	1766	1767	1768	2097	2287	3669
1769	2020	2887
1770	3130
1771	1932	2254	2282	2432
2945	3525	3551	3609	3610	3704
2117	2554	2725	3266	3517	3538
1772	1773	1774	1775	1776	1777	1778	1779	2056	3274	3352
1780	1781	1782	2766	3215
1783	2156	3497
1784	2164	2441	3096	3742
1785	1786	2772	2796	3545
1787	2235	2996	3139	3506
1789	3089	3798
2669	3030
2786	3842
2403	3758
1790	1791	1792	1962	2174	2307
1793	2259	2369	2451	2811	3056
1794	1795	1796	1797	2635	2790
1798	1799	1800	1801	2465	2752	3659
1802	1803	2178	2643	3107	3265	3805
1804	2509	2686
2773	3804
1805	1806	1807	2566	2619	3643	3819
1808	1809	1960	2236	2656
1810	2124	2567	3220	3684	3766
1811	1812	1813	1814	1815	2940	3009	3248	3580
1816	1817	1818	2889	3345
1819	1972	2523
3616	3722
1964	2422	2753	2999	3435	3439	3543
1820	1821	2854	3453
1822	1823	1824	1825	1826	1827	1828	1829	1830	1831	1832	1833	2077	2391	3120	3244
1834	1835	1836	1837	1838	1839	1840	1841	1842	1937	2261
2548	2563	2614	3324	3772
1843	1844	1845	1846	1847	2420	2927
1848	1849	1850	1851	1852	1853	1854	1855	1856	1857	1858	1859	2119	2964	3604	3793
2893	3032	3197	3828
1984	2001	2998
1860	1861	2994
1862	3223
1863	1864	1865	1866	3748	3807
1867	1868	1869	3022	3212	3308
1971	3433	3457
1870	1871	1872	2252	2888	3110	3450	3761
1873	2746	3094	3208	3670
1874	3499
1875	2801	3363
1876	1877	2079	2126	2253	2413	3255
1878	1879	1880	2831
2751	3092
1881	2798	3650
1882	2499
1883	1884	1885	1886	1887	1888	2205	2268	2587
1889	2086	2231	2466	3131
1890	1891	3617
1892	1893	1894	1895	1896	1897	1898	1899	1900	1901	1902	1903	1904	1905	1906	1907	1908	1909
1910	2820	3513	3760
1911	1912	1913	3714
1914	2507	3483	3668	3718
1915	2638	3677
2081	2197	2703	2896	3114	3785
1916	2490	2538
2040	3442
1917	3498	3553
1918	1919	2618	2973
1920	1921
1922	2107
