0	226	227	275	319	401	450	478	509
1	2	111	246	293	320	425	455	505
3	119	280	345	459
4	143	355	373	508
5	133	140	187	229	268	343	446	481
6	7	8	9	10	11	12	13	14	95	225
15	16	94	173	263	349	372	395	460	479
17	184	205	247	312	350	376	415	434	525	535
18	137	145	172	180	191	299	348	367	369	468	506
19	100	181	201	234	243	292	313	405	474	491	520
20	188	283	510	516	529	533	534
21	155	203	288	318	352	407	437	517
22	123	255	282	402	413	416	487
23	106	189	328	340	381	449	480	486	503
24	99	105	208	323	418	498
25	121	197	209	286	390	440	445
26	148	239	448	461	469	527	532
27	142	156	287	316	354	362	377	393	438	483	537
28	29	30	31	32	33	127	212	219	295	303	331	363	512	539
34	35	136	149	274	464	470
36	115	221	232	254	347	351	359	426	433	442	444	482
37	92	96	103	160	195	284	311	341	374
38	224	290	309	327	388	399	507
39	101	135	249	458	531
40	122	139	161	190	242	244	289	305	346	387	404	454	514
41	116	233	251	409	419
42	43	44	45	46	93	178	231	237	261	294	511	518
47	48	49	50	120	152	196	228	230	439	447	456	492	499
51	113	169	194	300	366	408	430	471	472	524
52	98	151	163	182	183	199	424	431	490
53	125	157	166	296	412	423	452
54	132	162	174	176	210	216	291	368	380	523
55	131	159	193	204	266	332	333	392	394
56	124	192	198	308	315	391	398	443
57	241	270	272	297	322	338	358	400	403	411	473
58	59	117	147	177	213	253	457	522
60	223	235	248	257	267	304	329	538
61	62	185	285	429	493	513	521
63	107	164	202	334	382	476	501
64	108	130	146	171	271	281	306	353	463	477	530
65	217	279	314	428	432	485	494	528
66	112	158	258	330	339	389	417
67	104	211	252	262	277	301	324	371	397	489	495
68	69	70	71	72	73	74	138	175	321	337	364	420	427	515
75	76	91	97	110	126	129	167	186	220	236	336	384	385	465
77	118	344	360	488	497	504	519
78	79	153	179	250	278	302	536
80	102	150	207	276	365	379	396	436	475
81	128	165	214	240	245	259	269	386	435	441	467
82	109	114	134	144	264	273	357	370	421	500
83	84	168	238	265	307	317	325	375	410	422	451	526
85	86	90	206	256	260	310	326	342	361	484	496
87	88	141	154	200	356	414	502
89	170	215	218	222	298	335	378	383	406	453	462	466
