6	93	109	135	159	174	184	230	252	268	287	304	352	449	532
1	3	15	27	34	40	42	56	58	61	65	75	78	83	85	87	127	162	166	203	218	224	225	269	343	364	367	419	509	538
16	43	76	84	88	114	177	202	212	214	272	332	340	396	415	428	461	482	505	507	515
44	95	111	116	146	160	215	232	245	249	273	278	329	366	377	389	474	523	533
45	110	120	158	169	190	200	227	248	280	324	353	386	392	429	451	458
46	99	128	138	151	201	204	251	285	309	375	380	384	407	411	436	455	456	488	500	512	514	530
5	24	47	80	82	186	195	258	265	267	301	318	383	408	424	434	443	487	528
89	131	161	185	216	256	264	274	283	293	334	381	390	442	448	481	524	531
4	35	38	48	51	63	64	66	104	123	126	175	181	193	209	219	239	291	400	401	406	435	516	519
37	49	67	97	241	246	247	257	263	295	313	335	369	404	483	503	534
2	20	50	54	59	60	62	77	79	86	142	150	155	172	182	187	221	226	355	410	445	466	467	489	501
25	41	91	115	119	122	141	144	191	250	262	284	308	310	317	333	337	350	399	475	518
52	53	106	139	148	167	179	198	229	253	286	347	357	363	379	402	414	438	484	485	508
7	28	36	68	94	96	130	157	170	194	231	234	244	314	345	393	409	416	439	465	490	498
8	29	69	152	153	306	307	342	348	371	373	378	405	421	430	457	469	529
9	30	70	108	118	154	178	238	243	259	277	279	311	395	423	431	454	471	486	492	522
0	81	140	199	205	206	211	228	242	358	433	452	463	537
10	71	90	92	132	147	183	196	236	305	319	339	432	440	441	444	468	473	521	539
11	100	217	302	315	316	359	360	397	403	420	425	476	479	496	510	511	525
12	31	72	117	145	176	192	271	275	289	327	328	330	344	370	372	382	394	413	493	502	520
13	32	73	101	103	105	129	134	156	164	168	197	240	261	298	300	338	351	412	506	517
14	33	74	107	113	124	136	188	189	213	220	222	223	237	270	276	288	296	312	323	325	388	417	459	478	491	527
17	21	22	26	57	143	165	171	173	208	292	299	303	341	346	362	368	470
18	23	55	102	125	163	210	233	260	281	282	290	297	331	336	356	398	446	447	460	497
39	98	112	133	149	180	255	294	320	321	349	354	361	365	374	391	418	422	426	450	453	472	494	504	513	535	536
19	121	137	207	235	254	266	322	326	376	385	387	427	437	462	464	477	480	495	499	526
