776	1249	1422	1520	2244	3003	3028	3106	3339	3486	3540	4637	6961	8033	8757
180	1749	1860	2083	3733	4559	5589	6594	7595	7942	8173	8698
2193	2565	3904	7250	7702	8051
5226	5382	7863
1334	5296	7424	7896
229	6496	6572	6586	7025	7408	9186
52	144	279	305	313	949	1182	1350	1414	1590	1655	2422	2517	2850	3535	3576	3905	3993	4064	4249	4752	4841	5474	8667	8944
5760	7166	8162	8401	9640
4112	9009
849	1983	4599	5659	6004	6044	6318	8630	9661	9736
3402	7555	7628	8889
426	955	5580	6546	6629	7104	7294	8966	9529
5113	6799	8084
1644	3403	5704	7041	7152	7529	7567	9022
4486	5349	5939
181	3734	4494	5027	7053	7397	7788	9188
2528	5771
6465	6596	7083	7617
1235	1826	5023	8039	8736	9421
7904	9011	9636
3065	6770	6905	7387	9869
2320	2586	3190	3735	5069	5518	7406
6778	6986
4422	6741	9519	9897
5287	6122	6451	7490
4791	7172	9074	9866
3731	7323	7846	8096	8727
5911	6416	8541	9394
1325	1611	7118
922	2023	6601	6926	9096	9354	9679	9686
3703	3880	3898	6310	6569	7432	8886	9805
2208	4022	6576	6749	9668
5812	7086	8349	8616
4434	5271	7903	8305	9050	9371	9778	9854
6045	7366	8017	9794
218	439	665	950	1286	1605	1999	2713	2813	3340	3452	3820	4881	5804	8285	9654	9837
182	7770	8313
35	73	123	219	777	801	923	980	1205	1274	1508	2387	2785	3029	3107	3453	4259	4389	4400	4480	4532	4585	4681	4722	4844	5055	6627	9179
5072	6738	9791	9908	9999
5421	5977	8003	9984
8575	8644	8689
3736	5058	8013
1669	1833	2063	2145	2202	2312	2439	4006	4483	4485	5750	7965
6550	6763	8152
5551	6068	8529	8595	9251	9459
3191	8504
8553	9092
6303	8991
5717	7073	7290
894	5253	7576	9039
5513	6443	6939	6979	7034	7616	8184	8705
3072	5445	6425	7430	8977
5312	5485	9363
131	1498	2786	3326	8047
2561	3073	3312	4706	5550	5856	8570	9099
924	2024	4674	5427	6029	8044	8778	9177	9787
625	6169	8717
2742	5552	5688	5991	7016
3521	5004	7049	8450	8753	8793
91	3968	4618	4927	5863	7280	7565	8067	9743
1102	4133	5650	5908	8049	9687
1646	2814	2932	9139	9912
5803	5859	7979	8456	8517	9223
772	1215	3129	3149	4429	6769	7092	8264	9353
4603	4751	5649	9027	9950
5002	5489	5512	7618	8057
5038	5818	7296
1041	7757	9490
8346	9141
5172	5808	5963	6553	7447	7887
688	1885	2061	2658	2986	3722	6191	6376	6756	8646	9414
6275	7431	8384	9299
2284	5041	5940	7728	7776
6365	6688	8476
1195	2493	2614	2981	5866	7857
6974	7329	9145
832	5813	5996	6839	9544
5899	6943	7544
6276	9399
7837	8365	8443	9289	9691
2510	4509	5848	6280	6516
5532	6274	7583
393	5206	6266	8199	8331
6020	6746	7115	8643	9278	9750
66	79	342	354	631	637	712	1488	1992	2077	2863	3159	3245	3473	3501	3694	4207	4363	4714	4763	6924	6955	8853
833	3371	5347	5568	5807	7319	9311
1750	3247	4495	5549	5634	7263	7285	8857	9824
566	3619	4710	8397
5024	5720	6792	9205	9993
315	3118	6067	8186	9148
65	458	583	910	1203	2514	2629	2691	3730	4060	4803	5060
9065	9485	9865
5200	5811	8147
5971	5986	8448	8699	8833	9626	9938
316	834	9287	9885
394	1459	2464	5143	6740
5871	5938	6605	9576
1751	2587	3737	8548	9176
5422	6130
6040	7411	7631	8192
5960	6661	7221	7805	8685	9024	9237	9653
17	691	1932	2172	2203	4404	5400	7036	7248	7254	8715
1752	3738	4023	5902	6851	7649	7782	8042	8808	9948
92	2084	4619	5146	7174	7671
3739	3950	6820	7307	7854	7936	8890	9212	9379	9486
739	1977	4784	6172	6621	6791	9258
5099	5239	5560	5607	5870	6729	7040	8148
6999	8075	8352	9959
6156	7523	8086
1301	6744	7976	9711
5591	6767	8560	9952
5441	6226
1984	4701	6783
516	3248	5054	7891	9225	9965
2173	3449	3502	4077	6323	8037
7928	8203	8783
2321	3249	5091	7720	8986	9201
1629	4310	4729	6017	6341	6350
596	5635	8743
5759	6317	6859	7457	7541
178	647	981	1030	3056	3119	3637	4078	4200	4837	5355	8635	8638
1504	1691	2451	3566	4901	7399	7980	8034	9080	9632
93	395	1084	3887	5344	6954	7060	7808	7871	8405	8497
5097	6322	7318
2085	4560	5244	5398
2025	6498	8296
1696	3298	4069	6285	6359	9543
5446	5614	9321
280	4279	9390	9405
1612	2370	5237	6726	9167	9699
5993	6289	6320	6901	7111	8167
3192	3740	4707	5136	6702	9202
38	716	789	822	956	2737	3698	4169	7006	8330	9964
5905	7687
638	805	831	1443	2443	2529	2659	2678	2797	2952	3494	3556	3943	4541	7373	7685	9763
5277	5901	6933
1753	1861	2086	4620
7260	9207
5620	7297	9106	9799
158	2679	4542	6861	7872
6369	9364	9466	9762	9914
1754	2588	3250	4992	6041	6707	9680
124	140	440	666	823	907	1106	1173	1241	1303	1378	1388	1881	2047	2402	2423	2631	2743	2841	3030	3243	3415	4106	4423	4887
39	125	220	273	335	379	415	441	560	575	667	726	814	824	850	982	1157	1210	1250	1527	1542	1730	1893	2057	2067	2245	2295	2383	2424	2618	2918	2990	3031	3066	3095	3154	3454	3458	3477	3487	3541	3620	3810	4062	4291	4297	4340	4368	4424	4576	4617	4767	4846	4910	4952	5404	6302	7450
2075	4716	5109	6786	7959
2004	5449	7123
5399	6179	6185	8649	9595
6655	8032	8484
94	571	1485	5566
80	317	416	925	983	1857	2815	3160	3341	4192	9609
3425	4208	6090	6706	7128	8535
8359	9168	9726
4435	7028	7367	7718	7763	8980
5933	7350	7531
7070	9347	9352
7585	9381
926	6372	7116	8326	9095
6828	8252	8813
5174	5767	7489	8287	9025
6142	7320	8439	8505
184	3193	3251	3741	5289	6697	6890	6998	8367	9949	9990
996	3252	8788	9818
597	997	1755	3253	7811	9706
154	442	497	540	569	740	815	886	1264	1567	1580	1622	1685	1697	1731	1958	2005	2159	2200	2286	2371	2632	2729	2870	3150	3155	3363	3416	3464	3557	3645	3811	3821	3919	4135	4141	4195	4228	4233	4311	4315	4601	4835	5199	6615	9105	9429	9506
7419	8632
7139	8586
6464	7496	8622	9877
2562	4496	4694	6014	6458	6623	7162	9484
7022	7630
576	668	778	784	791	795	1287	1420	1606	1673	1894	2384	2633	2759	3032	3488	4089	4346	4454	4550	4555	4682	7926
36	380	396	417	443	527	1206	1251	1389	1477	1509	1543	1847	1978	1981	2000	2017	2048	2068	2246	2388	2714	2845	2991	3108	3194	3459	3489	3621	3822	4155	4193	4201	4222	4358	4683	4733	4815	4848	6811	7830	7966	8741	9524	9606
5335	6304	7098	7125
1756	4497	6888	7416
2026	2041	3016	3844	5490
5305	5924
6038	8217	8832
3561	5495	7725	8515
6664	7905	9260	9282
185	1757	2322	3742	4498	6654	7218	7940
5964	6222	8970
1758	6923	9526
4319	4981	8195	9479
5517	6539	6638	9100	9928
126	444	839	1207	1288	1326	1500	2160	2204	2440	2530	3445	3711	4425	4684	4704	6501	9883
343	1031	1377	4765	7377
1591	2617	2851	3078	7185	7729	8249	8542	9293
5581	6059	7217	8311	9112	9155
5406	9164
7229	7275	7897	8679	8772
6271	7234
5660	8339	8533
4153	6025	6910	8216
5508	5743
3743	8257	8965	9901
549	695	1140	1959	2078	2660	3723	4125	4591	4918	4990	5208	5407	5932	7039	8019	8134
498	970	1386	1743	4663	5738
445	598	669	1759	2058	2087	3513	3638	3969	4162	4223	4260	7443	7735	8728	8865
1760	3195	5042	5179	8704	8999	9067	9557	9637	9761
5085	5466	5564	7056	8427
1211	3808	8868	9193
2259	2531	3953	5321	6214	7114	9541
6573	6782	7175
1918	3099	8958	9235	9732
95	2088	6810	7759	8303	8480
5033	7977	8024	8098	8629	9073	9296	9409	9467
3254	5304	5482	6198	6254	7426
1761	3744	4462	7159	7222	8534
5825	8414
1581	3017	5011	5829	7259	9852
96	2089	2589	4928	5721	5912	6074	6837	7557
5150	6485	8265	9032
5397	7470	7929	8492	9183	9255
9677	9851
7353	9535
11	6531	7521
6812	9488
1528	4385	6149	8324
6442	8997	9436
5337	8796	8914	9564
5162	9542
227	431	1714	1942	2881	3845	3849	5646	6671	8141	9678	9775
0	18	132	166	897	1043	1489	1623	1933	1962	2174	3389	5029	5377	5505	9199
4929	8289	9596
2566	6834	7899	9197	9602
5015	7158	7368	7733	8984
5135	7038	8941
2281	6101	6471	9703
159	221	230	244	253	550	639	806	1054	1236	1365	1452	1499	1630	1970	2265	2382	2389	2444	2487	2661	2680	2696	2704	2914	2962	3069	3079	3313	3426	3571	3716	3982	4256	4301	4305	4325	4711	4985	5729	9066	9457	9814
525	599	1429	1913	2497	2771	2897	3331	4209	4320	5152	6078	6720
5926	9161	9682	9713
4229	5077	5594	6196	6930
8681	9796
7812	9336	9915
473	659	1114	1379	1927	2282	2403	2634	2697	3923	4302	4312	4316	4410	4449	4893	5586	7597
5352	8702	9768	9900
8988	9820
998	1762	6141	7024	7345	9809
260	281	875	1449	2550	3342	4160	4727	7947	8442
1944	2009	6984	7282	7336	7919	9431
2635	3495	5872	7614	7939	8948
692	999	1934	2175	2205	4000	4144	4300	9758
6233	7181
1710	3133	5203	8465	8579	9972
186	318	465	551	1127	1711	2266	2662	3130	3173	3304	3656	3701	3717	4295	4715	4902	4914	5330	7400
6916	8046	8478
282	3120	4086	4203	8097	8101	8603
927	1390	3047	4702	5067	7831	8004	8290
2076	5324	6124	8910	9566
957	1613	2681	5311	6228	6282	6473	9283
23	53	261	314	427	480	764	876	1056	1183	1226	1592	2551	3577	3607	3836	3906	4042	4250	4336	6111	6294	8732
6155	7956	8605	9271	9483	9868
5661	9140
127	369	418	446	491	558	648	779	812	825	908	928	984	1066	1174	1242	1265	1289	1698	1745	2146	2247	2390	2404	2425	2636	2755	2804	2933	3025	3161	3362	3386	3417	3639	3672	4551	4689	4811	5323	6587	7177	7723	8371	9166	9755
5096	5481	5522
6159	6793
5920	6337	7667
1539	1550	8574	9756
2090	9907
929	5189	6899	7299	8381
5722	8175	9874
5599	6647	7914
74	397	985	2731	2816	6374	9157
3618	4409	5177	6487	6517	8725
1862	2091	2209	5896	8582
6012	6780
6333	9264
24	231	398	633	706	1317	1342	1368	1532	1729	1956	1975	2034	2476	2498	2521	2525	2567	2682	2705	3004	3184	3314	3427	3646	3875	3983	4808	4974	6092	6678	8576	8611	9718
1985	2898	2971	6537	7584	8734	9469	9879
6306	6809	8940
5119	5456	7195
3954	4136	5588	5713	6057	8767	9042	9319
4912	7417
6002	7677	9158	9342	9528
552	2532	7773	8122	8404	8760	9128	9646
553	4839	4991	5362	5752
3745	4024	5846	8827
1763	2210	2323	2590	6379	6973	7130
6742	6989	8043	8755
8233	9838
5567	6491	6639	7135	7794
6100	6512	6752	6946	9453
187	2092	2591	3255	4025	4238	4930	5683	5698
2480	4884	9670
718	906	2757	4829	5710	6653	8453	8555
2037	4179	8332
1156	1998	2479	4149	4167	5102	6295	8108	9380
696	4879	6388	6680	6833	7072
5428	5844	6835	7686	9947
1	898	1360	1624	1886	1935	3390	4557	5888	7112
2189	3048	3668	4379	4874
2488	2683	6356	8928	9169
623	1391	1725	1738	2027	2515	2626	2735	2756	2899	3530	3622	4124	4567	4673	4691	6643	6747	7661
3256	3746	8235	8283
133	1000	1304	2900	3196	3925	4561	4621	4754	5281	5455	6583	7014	7151	8035	8437	8798
188	1764	2324	2592	4499	5151	5241	6230	7344	8228	8552
5805	6358	6876	9416
7272	8825	9088	9413
134	381	399	600	826	1175	1252	1369	1392	1460	1765	2093	2864	3049	3257	3640	3747	4321	5250	7775
1766	2325	3305	6184	6418	8900	9512
5384	5690	6718
2211	3748	5423	6357	6503	7676	8613
6987	9194
6152	6342	6832	6980	7228	8768
5524	6960	8627
6094	6559
7752	9555	9567
7838	9280
2269	2901	4198	4968	8503
5949	6493	8412
173	3704	9303
2270	3134	7078	8011	8110	9945
232	3955
1190	4281	5623	8150	9308
2902	5320	8974	9659
224	1444	2363	2903	3299	4772	5577	6962
225	1490	1945	1971	2010	2445	2472	2663	2706	3174	3234	3428	3889	3940	3984	4276	4975	7097	7921
4517	5254	5308	5468	6659	7717	9234
89	377	976	1055	2292	4539	4853	6522	7310	7503	7721	7814	8460	9098	9842
5129	6788	7510	7963
1767	3749	5890	6641	6922	7076	7306
6125	6625	7915	9130	9516
8306	8766
4014	5444	6340	7107	9523	9590	9815
4121	5196	9224	9828
25	554	707	1001	1871	2326	2364	2568	3496	3719	3964	4598	4812	7027
1067	1176	1305	1370	1430	2887	3050	3567	4097	5361	5968	8271	9608	9979
6008	7279	8023	8209	9151	9240
5183	5995	6789	9515	9753
5	544	851	1068	2558	2736	3295	3414	3531	3695	4867	7403	7847	8193	8244	8495	9254
713	6252	7142	8841	9124
2212	4500	5835	6332	6532	7193
5450	5583	6208	6798	8499	9004	9664
6364	8746	9236
2285	9731
4061	4487	4735
3750	7007	7606	8562	8652	9987
1768	3258	9325
852	930	1069	3812	5681	5988	9920
1732	2194	4313	7119	7889	9741
365	632	640	749	1128	1306	1335	1555	1576	1960	2664	3100	3831	3890	3944	3985	4510	4651	4762	4924	5764	8106	8272	9034	9649	9970
1582	2176	4607	4736	9721
4970	7610	9149
1129	3175	3891	5141	6079	6099	9266
6633	6997	9847
756	4115	4657	7634	8976
7906	8430
5903	6725	9629
6449	6453	9292	9811
189	1863	1872	2213	3970	4176	7156	8726
2094	3259	4522	6385	7707	7779	8206
3850	6414	8790
1769	3306	5707	8518
4145	4523	6112	6902	7308	7708
5316	7066	7579	8701
1070	6264	7587	8692
5840	7088	8081	8118	9187	9267	9613
5409	8807	8957
5997	6129	6389	8493	9076
2260	8723	9533	9844
97	190	3751
4374	5187	5966	6972	7662	8761	9592
6873	9816
715	1262	1740	2188	4265	8583
160	1823	2499	2888	7612	7922	8527
6091	6413	7488	8116
283	492	5538	7751	8282
4659	7407	7513	9456
98	4931	5118	5992	9935
3014	5017	5982	6311	6336
1090	3573	3597	4087
3677	6375	7435	8954	8985
8068	8158	8416	8885	9368	9889	9929
6813	7460	8531	9329	9628
7184	7456	9635
2095	2214	2327	3197	5547	7148	7178	9514
128	366	796	1119	1510	1739	2038	2147	3109	3542	3851	4185	4739	5974	8135
3260	5137	6197	7198	7569	7625	8795
5762	7057	7305	7750
7201	7619	7774
5173	7934
6607	9835
67	254	1650	1924	2398	2485	2577	3135	3601	3612	4403	8915
1726	1993	3101	4493	6199	7109	9494
1411	1910	2836	3429	4997	6265	6893	7762	8845	8969	9825
191	3261	5463	8350
5267	5340	6670	6903	7444	7825	8240	9250
8567	9843
192	4622	4792	8418	8870	9286
6273	8819	9963
5962	6727	7786
1848	2418	3852	3920	4983	5354	8927	9246
3176	6187	6457	7370	7656
4413	6194	6367	7548	7991	8112
6001	6049	6870
5509	9229
5084	8806
1733	4224	5780	7683	8756	9163
5543	5777
5094	5326	6898	8626
419	1393	1921	3343	3543	3823	9274	9916
1925	4687	6394	6548	7165	7499	9361
730	2019	4923	5631	6932	8337
2215	4932
1593	3080	7202	9241
5539	7652
1652	5611	7030	7607
141	731	840	1036	1130	1237	1445	1556	1746	1824	2020	2365	2452	2473	2665	2709	2753	2904	2963	2972	2980	3051	3752	3840	3924	4098	4474	4491	4511	4652	4773	4779	4859	9397	9492
26	54	481	758	765	1044	1057	1227	1415	1594	1656	2852	2997	3344	4072	4091	4877	7682	9307
546	4317	4512	5014	5838	7624	7639	8487	9648
447	1521	2148	2248	2391	2637	2760	2817	2896	3033	3345	3460	3824	4032	4194	4227	4347	4816	5487	5753	8126	8815
5486	7423	9534
6796	6934
8	319	367	382	400	816	887	931	958	1021	1071	1085	1145	1212	1253	1266	1275	1394	1423	1431	1461	1511	1522	1568	1603	1679	1734	1834	2001	2049	2249	2296	2405	2744	2761	3162	3322	3409	3478	3533	3623	3825	4018	4146	4210	4695	4758	6033	6900	6981
5910	7316	9026
7451	8322	8975
7675	9062	9751
797	1103	1282	1395	1462	1607	1979	2392	2715	2818	4357	4481	4640	4669	5824	6363	7361	9620
1290	4215	5768	6235	8546
4720	5724	7328	7427	8009
5530	5815	7281	7504	8159
1197	2934	6371	6435	8266	8968
241	517	853	959	1072	2919	3044	4177	4257	4267	5529	6315	7664	7841
5797	8329	8618	8773
1318	2853	3081	5494	5565	7964	9425
6807	7313	7803
19	51	161	547	572	634	773	790	811	1131	1153	1238	1919	1936	1946	1972	2133	2483	2489	2522	2612	2616	2666	2766	2838	2911	2959	3235	3724	4269	4543	4575	4595	4721	4805	4828	4833	4851	5122	6882	7888	9588
6084	6818	7913	8196
5814	6362	7483	8072	9880
660	3002	3102	7302
6574	7604	7701	8188	9153
1225	4184	4750	7412	9366	9708
99	1002	1770	4501	4793	6490	8752
40	55	262	683	1351	3608
903	1721	1835	2261	5461	5483	5504	8615	9522
1396	1836	2745	3947	4073	4220	6480	8444
344	5576	6147	8048	8695
3753	5403	5748	5800	8712	9550	9617	9735
7949	9977
3971	4562	7473	8978
2149	5999	6624	8572	8797
1686	8251
284	432	4960	5774	6542	8994	9581
3853	5351	5438	5769	8231	9190	9551	9898
5826	6258	7396	8707	9547
1954	3262	5112	5157	5894	7113	7793
2746	2979	6229	6879	8143
1631	2837	5259	7644
5749	8281	8526
5145	7255	7690
2375	6211	6515	7010	7545	7564	9604
193	1003	1771	3754	4623	4993	7559	9367
3755	4436	4994	5654	6760	7206	7380	8205
345	785	1566	1651	1994	2486	3136	3832	4411	5799	6433	8979	9218	9701
5363	5510	7527	7636	8160	9471
5606	6942	8614	8677	9091
1191	3092	3933	6711
346	649	960	5629	6262	6331	7485	9044
4150	5198	5217	5329	6221	7058	9681
1120	1239	1327	1747	2161	2372	2711	2787	3372	3585	3647	3892	3994	4868	6541	6849
5170	7893	9090
2328	5098	6083	6693	7087	7551	8903	9312	9652
285	433	1540	3846	3854	5801	5969	9094	9896
2610	9134
81	135	835	854	1463	1583	1674	1735	1928	2036	2072	2301	2426	2638	2716	2747	2819	2956	2992	3034	3163	3316	3479	3586	3813	4292	4299	4306	4855	4863	8488	8953
56	650	741	932	986	1073	1432	1491	2241	2865	2889	3121	3418	3544	3712	3916	4156	4189	4322	7002	7697	9752
356	420	651	670	1254	1291	1535	1680	1699	1736	2050	2069	2073	2619	2717	2993	3241	3405	3465	3587	3826	3868	4171	4186	4577	4660	4820	6355	8745	9323
82	448	780	798	1115	1220	1267	1397	1416	1424	1569	1675	1681	1837	1851	1855	2070	2297	2385	2671	2754	2765	2805	2820	3335	3419	3455	3624	3681	3827	4107	4293	4521	4533	4579	4634	4740	4894	5107	5139	5462	5893	6024	6604	7581	8103	9000	9052
3720	7765	8256	8711	8802	9172
6	499	626	4467	9909
194	1772	4624	4794	6031	6241	7986	9277	9507	9694
5190	5553	6175	9053
585	589	817	855	919	1074	1464	1577	1666	2080	2136	2578	2674	2698	2772	2821	2882	3404	4011	4216	4549	6713	9853
2329	3263	3756	5007	5927	7211	7465	7596
3522	5010	6660	7303	8315	8779
7469	7507
6847	9450	9855
5830	8654
37	75	129	249	274	577	951	987	1107	1398	1512	1544	1608	1641	1676	1700	1895	2002	2250	2762	2780	2987	3067	3093	3164	3346	3461	3545	3948	4093	4095	4108	4393	4398	4849	6963	8357	8866
1634	3713	7768	8528	8740
5012	7459	7900	8995	9104
16	162	401	624	708	774	1727	1957	1973	2035	2366	2490	2569	2684	3330	3391	3691	4172	4191	4406	4578	4671	4693	4787	4998	5582	6279	7562
7912	8132	8419
1158	6361	7780
195	2096	3757	7821	7920
493	1198	1263	1850	2377	2935	3064	4432	5353	6712
303	1139	5648	6368	8867	9382
6114	8564
1037	2936	5628	5781	7117
671	988	1399	2890	2937	3264	3307	6174	7623	8486	9310
1645	4019	5497	5929	7571	8221	8451	9189
601	2097	4524	4933	6794	8151	8859	9061	9427
357	545	578	652	818	888	1159	1208	1213	1255	1268	1276	1292	1400	1478	1513	1536	1545	1570	1609	1682	1715	1929	2051	2071	2074	2251	2302	2386	2406	2639	2700	2822	2871	3165	3347	3406	3466	3507	3588	3869	4055	4586	4759	4954	6993	9806
8026	8268	9160	9418	9771
6931	7004	9272	9327
6397	7421
1712	5292
5101	7357	9607
371	770	1654	2579	5387	8633
1647	2667	5873	9930	9956
4934	5676	6754	7910	7933	8421	9658	9988
6157	6166	7364	8247	8323	8780
1887	9513
145	709	750	1336	1667	2081	2491	2533	2710	2839	3430	3721	4127	4137	5081	6347	8136	8360
7800	9697	9946
5467	5503	9798
5415	5860	6701	6907	8237	9273
5211	5227	6103	6618	7122	9790
6395	7476	8398
4869	7467	9504
6351	7592
3018	6165
5501	6223	8182
5858	9861
5763	6071	6206	7381	8229	8694	9893
1004	2216	6292	8123	8242
2923	3103	5678
245	376	459	584	793	848	911	1204	1482	1976	2059	2692	3300	3941	4094	4372	4407	8893	9115
1192	5074	5242	7486	8378	8424	9913
8467	9744
20	167	602	1045	1492	1937	1963	2177	2206	2317	3392	3893	4037	5712	5786	7335	9083
905	971	2738	4373	6417	7188	8027	8338
6257	7769	9476
3613	5849	6992	8176
5499	6085
5068	5937	6652	6802	7352	8647
5500	7441	8155	9263
5317	5934	7080	7823
5314	6026	7517	8006
5368	8650	8671
402	933	3005
263	5379	7286
494	555	641	807	1277	1557	1635	1722	1986	2367	2453	2500	2563	2593	2712	2905	2938	3198	3301	3308	3635	3725	3899	3951	4079	4090	4166	4239	4547	4748	4856	6438	6555	7868	9562
2399	3956	5035	5418	7225	9021	9696
1773	5732	7389	8054	8211
2481	6263	6681	7659	8750
2184	5915	5922	7236	8557
836	1058	1193	7183	7395
7844	9313
130	250	383	561	579	672	727	781	869	1108	1371	1401	1433	1465	1546	1896	2252	2393	2427	2823	2891	3035	3096	3110	3166	3317	3348	3480	4039	4277	4303	4394	4670	4723	4825	4882	4964	5686	8993	9702
5343	5827	6256	6991	7376	8168
661	6858	8388	8501	9819
1283	1982	2620	2718	3006	3349	4033	4540	4864	5125	6178	6190	6391	6940	8288
5687	7338	8403	8871
5572	6407	9881
7764	9449
5847	9023
5852	7975	9372
6687	7758	7967	9593	9700
5432	5645	6043	6046	8070	9244
2217	4463	8982
5140	6781	9398
1947	5116	8809
4653	6352	7792	9249
5778	7754	9829
5632	6611	6690	6848	6970	7062	9958
6684	7351	8490	8800
7493	9268
653	1614	2373	9630
403	1774	3758	5104	5822	6048	7850	8452	9435
3867	5298	5979	8716	9639
27	146	482	1184	1450	2518	2552	2854	3350	3578	3609	3907	4353	4860	5435	5739	8074	9317
6636	7502	7575	8519
5637	6635	6919	8336	9114
100	3900	4935	5181	6042	8509	9298	9345	9997
155	2701	3546	4433	9301	9584
1059	4755	5885	8558
7558	8181
196	2330	2594	7326	7869	9257
5245	7969	9036
370	889	934	989	1243	1256	1293	1483	1486	1551	1617	1882	2042	2044	2162	2305	2407	2417	2428	2719	2806	3026	3244	3323	3547	3625	3881	4057	4139	4261	4381	4455	4459	4489	4713	4724	6366	6844	7706
449	654	813	990	1294	1618	1852	1883	1897	2298	2640	2720	3324	3351	3420	3548	3641	3673	4004	4099	4262	4582	4741	6423	7240	7375	8500
5651	6314	7560	8765
5214	7530	9565
2271	2999	4904	5309	8169	9315
450	3514	8937	9586
5642	5958	8708	9181
5030	5408	6676	8623
3265	6489	6776	9309
4100	6896	8540	8691	8872	9760
2782	4005	5092	8908	8950
6846	8425
1417	3052	5425	6462	7953	8348	8353	8882
697	8428	9383
1775	3759	7042	9463
320	1328	4513	4870	4961	5090	5132	6949
4165	7013	7140	7147	9384
5625	7244
5559	5711	5936	6019	7892	9462
735	4788	5164	5984	7836	9764
197	2098	3760	4625	8259	9063
5595	8898
1987	2874	4717	4786	6245	7194	8119	8394
4126	6831	7907	8458
5928	6000	6281	6547	6868	9705
2699	3387	9204
477	1473	4982	5457	6597
6614	6806
21	136	168	1493	1938	1964	3230	3894	4001	4251	4468	5073	8325	9211
5389	5706	8372	8462	9846
246	286	3847	3855	6116	6982	8187	8763
1776	2218	3972	5299	7849	9389
1777	2099	2331	3761	4525	8892
5169	9008	9358
5325	6617	6878	7394	8050
573	3088	7463	8791	9968
2374	3497	5765	6801	7955	8422	9159
7241	9012	9047
7264	8328
5327	7748	8598	9171	9180	9644	9955
7192	7428	7954
321	347	655	742	2627	4921	5282	8473	8834	9411
157	255	642	2465	2630	3602	4847	5178	6976	8673
222	374	404	466	518	603	743	856	902	1038	1060	1121	1146	1199	1221	1269	1295	1311	1329	1337	1421	1457	1480	1571	1584	1884	2045	2163	2376	2429	2478	2545	2570	2641	2758	2824	2939	2945	2960	3053	3070	3111	3137	3178	3199	3373	3421	3438	3467	3515	3549	3558	3649	3705	3726	3945	4045	4122	4170	4285	4556	6669	6708	7439
3667	5083	6843	7462	7608	7749	8238	8943	8956
496	5064	7550	8624
8608	9259
2219	2595	5087	5545	5562	6967	7324	7429	7605	8090	8571	9962
3200	3973	4936	5161	9054
57	264	287	766	877	1185	1228	1319	1352	1362	1595	1627	2672	2855	3352	3837	3995	4043	4092	4161	4415	4587	4861	5108	8008	8385	8525
101	1873	3201	3762	5201	6378	7810	9505
5103	8005	8236	8619	9406	9540
5718	5775	6656	7108	8297	9046	9101	9882
5638	6250	7650	8513	8911	9833
6705	7274	7679
2137	5128	6590	7835	8069
3353	3626	4677	5297	6571	6925	7874
6585	7669	8059
233	1141	3917	4654	8588
1888	2523	2953	3236	3727	3895	3986	4544	4806	4834
1615	5470	6716	6889	7645
2028	9695
247	1363	2029	2043	6877	9480
4857	5411	6599	8660
775	1061	1446	1558	3835	5283	7937	8040	8174	8930	9922
6983	7524	8107
288	3856	8942	9297
1474	5371	5612	9742
3763	4046	6430	9401
102	2332	5142	7722	7753	8227	8243	9238	9836
556	1626	2571	4840	6911	8137	8770	9306	9334	9583
5346	7001	9434
857	935	5185	5574	7673
6050	8606	9693
5417	8275	8951
5300	5685	5833	6863	8563	9905	9927
2221	2596	4937	7096	7141	7384	9392	9509
4854	5448	7084	9475
5075	5657	5740	8653	8721	9931
1778	5791	8301	8769
4437	4526	4938	7301	9845
4615	6971	7371
41	961	4234	5273	6842	9720
9	42	384	673	1086	1222	1372	1425	1434	1466	1514	1547	1572	1898	2039	2306	2381	2408	2430	2621	2721	2763	2770	2825	2856	3007	3036	3318	3336	3354	3422	3490	3627	3957	4063	4271	4307	4552	4885	5388	5836	7164	7404	7856	8514
306	2064	5590	7271	7418	7745	7817	8219	9569	9574
6060	7911	9007
808	4391	5218
174	4248	5557	6093
2293	3302	6268	7283	8263	8826
467	858	1353	3657	4915	5573	6721	7526
28	234	322	340	405	451	472	604	645	719	751	1147	1177	1180	1216	1494	2360	2409	2446	2501	2534	2572	2597	2675	2773	2883	3202	3364	3393	3397	3410	3550	3598	3650	3718	3728	3857	3876	4119	4128	4205	4367	4648	4680	4771	5973	7220	9651	9899
460	4245	5013	5600	6429	9647
1779	2222	6826	7442	7691	7796	9766
3523	6324	6456	7640	7704
406	1780	7425	8477
1475	3652	5598	6724	8145	9839
2100	3203	4939	8597	9231
698	3582	3663	9717
1022	1046	1116	1366	1838	2178	2535	2546	2642	2869	2915	2920	3151	3446	3882	5436	6162	6204	9069	9173
8445	9295
841	1481	1670	2179	2313	2536	3019	4244	4456	4609	4641	4842	5506	8161	8522	9265	9496
5570	7586	7982	8447
358	587	1160	1435	1585	1905	2410	2580	3355	3563	3589	4734	4817	9097
936	2021	4117	5434	5883	8130
5526	5897	6990	8990	9178
5891	6478	6850	7238	8142	9631
5726	5943	7755	9863
5167	5906	5956	7045	7438
4211	5684	6148	7251	7464	8787	9051	9281	9740
5959	6146	6386
5641	7129	7337	8683	9412
1320	2030	3504	4225	8687	9709
2957	3532	6446	7137	7611	8754
7468	9346
12	6137	7219	9769
3474	3678	4600	5260	5405	7509	7890
594	2732	3696	5677	7985
7787	8454	9116	9215
7698	8949	9262
6269	7189	8720	9688
6096	8544	9571
2134	3910	5000	5256	6312	7839	8836	9887
289	837	1032	3057	3122	3714	4173	6626
6128	6382	6403	8559
3987	5458	7802	8389
5851	7961
6253	6699	9487
2256	3974	4438	4626
5569	5914	9233
5100	6592	6719	9068
5046	6244	6613
359	799	995	1029	1075	1548	1879	1906	2018	2052	2253	2788	3037	3148	3481	3508	3828	3930	4232	4642	4760	4858	5429	8117
511	605	819	1447	1640	1948	2685	3054	3431	3516	3572	3658	3988	4080	4392	4421	4451	4708	5089	5670	5802
5249	5621	7215	8129
307	1839	1952	2262	4730	4989	5904	7766	8342	8496	9610
304	5511	6160	8254	9118
1412	1533	2564	3764	7145	7199	7405	7633	8645
103	8202
68	142	590	674	937	991	1076	1244	1467	1573	1578	2150	2643	2676	2884	3138	3365	3934	4008	4113	4284	4402	4635	4731	7046	7663	9858
1028	2689	9860
4218	5333	9228
15	143	242	586	859	895	938	1402	1468	1653	1943	2287	2644	3071	3366	3935	4020	4235	4359	4696
606	7155	9269
198	6192	9472
607	1005	4940	6056	6213	6866	7648	9279
2101	4047	6563	9137	9683
3123	3679	4226	5419	5953	7235	7855
1453	2875	3911	5783
13	557	2876	4976	8411	9349	9614
5776	6087	7591	8511
2283	3965	5876	7879	8472
2774	4518	7023	7246	7453	8307
771	2581	6144	7693	8030	8875	9926
348	407	1132	1621	1632	2466	2892	6200	6578	8461
2	693	899	1939	4375	4405	4516	4520	5365	5666	6909	7724	9675
6822	7284	7452	7739	9170	9797
1042	2280	4813	4896	6225	8363	8888
10	29	385	421	452	580	890	939	1023	1077	1257	1296	1403	1426	1523	1610	1683	1701	1840	1856	2053	2254	2299	2411	2722	2807	2826	2893	3112	3319	3423	3468	3628	3918	4034	4081	4101	4196	4282	4460	4488	4638	4643	4725	4732	4768	4821	4843	4845	4850	4865	4895	4984	5639	6261	6455	8393	9953
290	6384	7590	9014	9138
6247	8333
3266	6566	6950	7224
6126	7898	8207	8474
199	2598	3765	4995	5834	6354	7511	9813
3432	5127	8344	8842
5088	5294	6210	6904	7746	7916
5472	6551	8961	9391
3858	4871	6334	8334	8489	9403	9478
5708	6287	7032	7304	8703	9446
200	2333	3204	3267	3309	4439	5126	5313	6177
3015	6995	9214
6133	6284	7008
2164	6383	7771	8609	8917
291	1033	2628	3124	4174	4602	4766	4818	4971
6032	6558	7090	7573	9552
5488	6644	8366
58	69	323	462	468	519	608	656	762	867	896	1096	1122	1330	1380	1914	1922	1995	2138	2151	2288	2378	2412	2467	2599	2645	2702	2730	2781	2798	2827	2988	3058	3125	3139	3320	3407	3503	3706	4012	4102	4154	4290	4472	4568	4613	4661	4697	4780	4986	5703	7943
256	292	469	681	699	752	860	940	962	1123	1148	1245	1270	1307	1354	1367	1381	1454	1561	1671	1716	1741	1827	1915	2361	2775	2842	2872	2885	2949	2955	2964	3020	3205	3327	3367	3383	3439	3642	3659	3921	3936	4123	4206	4369	4395	4426	4514	4753	4756	8114
5147	5156	5168	7859	8241	8502
6482	7689	8789
6968	7471	7924
5919	7266	8056	8848	9591
308	3089	4900	5265	9150
6929	8455
5697	6346	6477	6829	7237	8370	9823
5613	6410	8724	9147	9333
500	1687	2739	5955	6556	6814	8100
235	963	1200	2165	2454	2611	2799	3140	3246	3702	4364	4709	4814	4925	5372	5544	8431
5386	6231	9884
7233	9045	9448
8432	9553
147	265	767	1418	2431	2553	2857	3082	3440	4015	4074	4396	4822	4888	5965	7520	8820
2166	5521	9373
5617	7842	7901	7993	8804	9745	9911
1864	2102	3268	4240	6830
59	148	483	684	878	914	1229	1596	2519	3441	3579	4009	4180	4339	4728	4956	4973	5334	8028	8286	8810
5026	7865
2272	2309	3141	5785	7594
2190	4380	4590
2103	2334	3206	4941	5171	5493	7840	9079	9086
5195	5205	5471	6316	7487
5293	7210	7231	8906
6927	6956
3766	3975	7711	7935	8600
7102	9314
5515	6739	7063	7797
201	3207	3269	4147	4548	6009	7245
251	386	422	827	941	952	1078	1161	1258	1524	2054	2646	2828	2948	3038	3456	3491	3551	3590	3629	3829	4236	4272	4360	4417	8429
30	60	149	484	879	1047	2858	3356	3442	4326	4878	5082	5307	5695	6134
3208	7519	8537
809	2940	5981	6640	9210
1692	2455	4774	5854	8620
5619	6500	8923
700	3045	3664	6892	7270	7908	9623
1006	1781	2104	2335	3209	3270	5608
1782	4465	4781	6479	8578
8697	9549
6773	7790	8805
501	1688	4664	5636	6459	7930
2573	5056
847	1874	2082	2829	2965	3315	3958	4044	4616	4999	6533	7132	8491	9995
5071	6203	6917	8693	8955	9976
2273	8599	9117
4440	6189	7990
6825	7253	7681
104	6880	6936	7601	7807	8121	8545	8814	9660
2789	3614	7525
2492	4655	5820	6207	7186
1783	3210	4241	7637	9782
5093	7277
6345	7997	9563
2600	6251	6634
5131	5376	5492	5954	7232	7501	8662	8887	8962
1784	2336	3767	4502	5165	5268	8860
4665	6154	7996	8538	9077	9324
2924	3615	5602
31	61	309	759	880	915	1419	1597	2554	3536	5975	7133	8543	9040	9939
3732	5272	5694	7461	9152	9985
1469	5867	7003	8824	9827
266	293	768	1186	1657	3610	3908	4016	4327	4337	4397	5175	6406	6748
5537	8149	8799	8931
1505	2191	2456	3179	3332	3568	4743	6860	8591
6171	6277	6928	8731	9131
324	838	992	1586	3152	4515	5138	8449	9966
6027	9113
3768	6015	6662	6689	7292	8208	9944
920	964	8592
1133	3131	6188	8748
7091	9531
842	1124	1661	1841	2537	2916	3021	3883	6058	6651	6710	7917
423	453	528	675	843	1024	1209	1214	1404	1501	1662	1672	1702	1842	2152	3022	3411	3447	3529	3648	3675	4035	4330
2105	2601	3271	5003	5454	6047	6952	8215	8648
1458	5331	7095	8674	9030
1785	5062	5898	7678
3942	8971	9191
349	3153	7651	9793	9936
1786	2106	5270	6448	7127	7654	9242	9548	9803
5987	7278	7312	7806	8198	8916
5153	5234	9982
2107	4996	6535
5630	6338	6817	7085	9538
1787	4942	5477	5855	7989	8532
4527	4943	6186	8822	9937
226	729	2613	4138	7059	7089	8291
6330	6715
1988	2906	7257	7508	9348
6488	7209	8025	8063	8926
5378	5447	6722	7497	8115	9343	9580
1321	2647	4401	4572	6006	7391	8589	8776	8856	8904	9986
5723	6061	7494	8127	8375	9182	9245
5032	6521	7154
4190	5210	5627	5633	5734	6054	7033	8104
3769	5823	5976	6683	7719	8602	9056	9219	9808
294	2941	4608	8041	9439
2167	2859	5944
6474	8830
1620	2274	3687	5370	5747	9275	9335
4441	5269	5276	7925
5757	6305	6439	6499	7269	8095	9779
1261	4289	6248	7516	8434
6460	7293	7327	7867	8156	9458
5319	6836	7340	7732	8862	9470
163	474	502	520	533	574	965	1087	1091	1162	1343	1713	1825	2559	2973	3059	3240	3374	3379	3505	3636	3682	3707	3859	4010	4452	4966	5782	6011	7392	7433	8469	8539	8851	9451
2223	5516	9360
105	2108	4944	5213	6514	7479	7506	9473
2224	5360	6307	6441	6665	8270	8341	8987	9802
5942	6088	6401	7379
5737	5741
5247	5496	6153	9465
6536	7834	9326
5345	7169	7436
7710	8320	8658
6255	7120	9859
1788	3770	6242	7212	8214	9727
6751	7276	9253
1142	3185	3433	3605	3959	3989	4979	6463	8298	8420
4442	5182	6123	6227
43	137	387	408	454	782	861	870	891	1079	1109	1149	1167	1246	1271	1308	1373	1436	1484	1642	1690	1703	1717	1853	2006	2413	2419	2432	2808	2846	3242	3469	3509	3591	3708	3814	3870	3927	3966	4132	4157	4283	4348	4376	4431	4534	4761	4913	5391	5392	8435	8678	8742	8959
5669	7789
7798	8561	9577
378	977	1099	1315	2267	2707	3303	3606	4253	6804	8989
2337	5663	6803	7534	7694	9530	9673
2225	5278	5561	6288	6436	8310	9817	9943
2275	2668	5080
7853	8816	9019	9532
1168	4639	7532	7600	9537
106	3272	3771	5716	5916	5970	6447	9331
44	70	275	336	360	388	562	828	871	942	993	1104	1110	1163	1382	1515	1658	1677	1899	2046	2255	2394	2433	2622	2723	2809	2866	2994	3039	3097	3113	3156	3167	3462	3482	3492	3552	3809	4038	4187	4304	4314	4377	4382	4418	4457	4553	4809	4823	5624
5437	7227	9332	9712
1789	3211	3273	5186	6649	7071	7952	9330
3772	5350	8276	9133
14	478	736	1920	2135	3912	4399	4589	4666	4675	6387	6432	7981	8300
2276	3688	5016	5475	5702	7561	8612	9337	9674
3976	4443	5028
32	150	267	685	1048	1322	1355	2520	2998	3083	3357	3838	3909	4258	4649	6240	6507	6816	8038	8585	8710	8925
5078	6327	7458
236	2925	2982	5401	5909	6110	7103	7948	8253	8905
3212	5197	8998	9455
5527	8064
5930	9357	9783	9973
295	310	372	686	1049	1332	1598	1628	2013	2434	3358	3537	3839	4065	4298	4338	4611	5291	9954
4588	6452	7734	8587
8920	9622	9638
8102	8278	9136	9217
2457	4650	8935	9585	9770
1790	5285	7480	8577	9378	9871
2458	3333	3669	4519	4875	5219	6135	9917
5913	9017
6714	7598	9624
689	1338	5158	6994	7818
3238	7048	7069	9545
107	1007	3213	3310	3977	7885	9362
296	3595	5491	6497
8382	9109	9645
1791	8321	9395	9992
5356	6790	7415
868	3023	3660	6469	7342	8171	9615
6411	6734
2060	2790	3583	4056
8340	9111	9749
1502	1537	1565	4247	4383	4789	4965	6296
2109	3773	6328	7726	8089	8981	9841
1506	1693	2459	2946	3180	3569	3670	7068	7709	7995	8479	8747	9059	9810	9862
297	1344	3090	4040	4109	5381	7190	7983	8840	8909
6730	6827	8680	8877	9127	9961
737	6840	9220
820	966	1345	1875	2022	3084	5715	6938	9305	9933
1164	6326	7566
4286	5192	5416	6259	7346	7741	8316
4573	5520	6476	6657	6821
108	2110	5534	6856	8628	9370	9781
757	2690	6978	7448	8279	9071	9443	9850
3692	4013	5413	7672	8146
45	76	83	276	389	529	802	829	953	994	1105	1297	1405	1854	1907	1930	2007	2435	2582	2623	2764	2867	2907	3040	3068	3094	3168	3493	4103	4158	4188	4341	4361	4535	4554	4685	4726	5473
202	1792	3214	3274	3311	3774	4627	5036
5950	7017
203	1865	2226	4945	6120	6750	8737
2111	9503
3775	6173	7984	9776
2227	6622	7035	7268
409	534	1828	2338	2468	2942	3055	3181	3275	3380	3616	6544	7331	7833	9589
5176	8880
5465	9184
9221	9612
1636	5366	6667	8782	9554
5923	7354	7518	7851	9698
1039	3996	7315	8128	8932
943	2031	6506	6948	8016	8651
434	3860	9707
325	581	792	1100	1562	1704	1829	3368	3434	6637
6018	7247	9060
237	341	410	475	495	503	535	548	609	646	717	844	1150	1169	1217	1298	1309	1312	1339	1383	1437	1559	1663	1940	1996	2055	2314	2414	2477	2538	2555	2648	2686	2748	2776	2830	3142	3369	3398	3450	3470	3524	3599	3861	4082	4088	4178	4214	4263	4270	4412	4592	4628
6005	6606	6732
1793	2228	4946	5875	6525	7482	9365
2112	4444
1259	1525	3830	7289	8896	9388	9867	9924
3776	4026	5115	8194
732	4002	5257	7077	7402	9084
610	3901	5240	5662
5700	7626
1346	4041	4110	6582	7385
6036	6396	6682
6073	9447
5989	7880	9407	9641
1637	3560	4537	5540	6167	8784	9800
3435	4672	6589	6914	7688
1117	1616	2168	6881	9980
720	4668	6560	6672	6951	7121
627	1495	4268	4420	5306	5689	9006	9599
2339	3777	6121	7440
1866	4503	4528	5664	6461
5555	6771	7267
5144	5889	7205	9579	9994
8684	9671	9715
5134	8554
2113	2340	5980	6022
252	368	676	800	954	1284	1516	1549	1604	1900	1931	2395	2624	2791	2831	3041	3114	3215	3483	7495	8719	9108
326	361	411	530	763	803	872	1154	1165	1201	1476	1858	2139	2153	2169	2277	2649	2749	2777	2783	2792	2873	2908	2966	2974	3400	3517	3862	4331	4349	4737	4826	5443	5656	6028	7655
2114	4947	5037	6584	6871	8604
6685	7568	9601
5252	6504	8996	9016	9594
504	2740	5070
62	71	175	268	327	355	390	461	485	505	521	536	541	563	662	721	744	1034	1050	1111	1118	1181	1218	1438	1668	1694	1742	1901	1916	1967	2494	2502	2650	2778	3126	3143	3172	3321	3359	3381	3384	3399	3451	3484	3525	3570	3574	3651	3661	3709	3877	3937	4151	4181	4390	4416	4569	4583	4605	4742	4776	4836	4958	5978	9376
1794	3778	5255	7674	9510
46	328	455	476	522	542	677	728	734	921	967	1134	1202	1224	1260	1299	1455	1519	1587	1643	1664	2008	2379	2400	2539	2574	2651	2800	2947	2975	2995	3043	3060	3144	3216	3325	3375	3385	3436	3526	3683	3710	3863	4058	4075	4116	4118	4175	4350	4473	4476	4633	4658	4700	4738	4907	4987	5079	6239	8417
6580	8014
5048	5395	7972
5603	7684	8551	9568
6072	6393	7261	7466	7500	8055	8139	9940
6564	8082
257	375	944	1080	1152	1187	1230	1695	1705	1953	1968	2040	2397	2503	2575	2843	2847	3046	3085	3177	3296	3506	3518	3611	3654	3929	4070	4114	4219	4328	4718	5375	5941	6405	7414	7747	7932
5542	9597	9991
1008	2341	3217	6953	7067	7295	9774
6519	6777	7075	9351
329	391	486	724	1112	1313	1331	1487	1552	1619	1737	1843	1949	2056	2140	2278	2615	2750	2961	3169	3376	3519	3562	3592	3864	3938	4351	4370	4386	4427	4596	4678	4746	4749	4969	7179	9892
1795	3779	3978	4027	4795	6201	6737	7820	8088
5059	8735	9049	9690
3596	8828	9643
5952	6445	6505	6735	8060
204	611	1867	2342	3276	4504	5615	6444	6855	7358
5318	5336	5675	6373	6520	7239	9001	9285
2868	3865	5596	5653	5668	7341	8639
2495	2840	2926	5440
1796	6409	7360	7577	8230	9872
5605	6609	6964	7349
205	1797	3218	3277
5674	6343	6543	6600	8666
2504	4688	7477	9821
1917	5682	6069	6398	7826	8433	8733
6104	8457
701	3665
2115	4048	6064	6675	9498	9539
1706	1950	2141	2303	2460	2469	2793	2967	3377	3884	4148	4872	6908	7182	7563	9556
4529	4948	6299	6620	6700
6349	6674	7828	9830	9904
5794	6232	7478
1798	7265	7866	9085	9511
612	2116	5725	6895	8672	9603
4	412	862	946	1081	1113	1178	1247	1439	2300	2396	2436	2652	2724	2832	3008	3042	3424	3603	3630	3643	3674	3888	4096	4159	4342	4428	4470	4790	4810	5302	6298	6775	8165
6568	7171	7602
564	1137	1989	2513	2976	4384	4388	4891	4908	7498	9028
7333	7804	7884	9320	9616
5223	7110
5204	7737	8124	8524	9142
1868	2343	8258
5266	6437	6762
5453	5773	7011	8494
7362	8396
2877	5745	7288
5541	5798	6309	7378	9733
1097	7124	7962	8000	9969
2185	4967	5806	5990	7875	8250
1413	8812	9765
968	1799	2229	3780	7971
5274	5644	5810	8400	8415	9495
3684	5845	7791	9923
1665	2310	3117	3689	7197	7635	8361	9123	9525
725	1278	2505	2801	3841	6554	6885	9840
7252	7816	8319
3278	6545	7291
1723	2195	5478	6867	8351
164	912	2943	3231	4378	6013	8506	9441
5149	6887	7422
2230	2344	3781	4049	6163	7161	7298	7334	8498
1859	2784	8665	9464	9942
570	4354	5225	7923
5554	6412	8751	9605
2768	6691	7262	9746
1990	2977	7744	8657	8838
628	972	1092	1387	2294	2741	9002
2231	7727	8934	9154
6467	9834
1440	1724	3815	8111
1138	5166	7051	7539
1534	7339	9737
3279	4530	6183	7632	7761
5022	5839	8020
6131	6518	7692	9444
6616	6686	7665
6108	7000	7009	7647
4644	7615
6912	8345	9656	9934
1098	6646	9270	9738
512	4017	4922	6466
5523	6053	8076	9767
330	1384	1902	3170	4280	5224	7074	7622	8029
298	3009	6886	7902	9185	9941
2415	4698	5597	6434	7556	7666	8573
84	424	531	591	678	1025	1125	1279	1503	2012	2441	2547	2653	2833	2917	3412	4036	4230	4294	4903	5148	5284	7540
430	2447	5154	5339	8640
109	3979	4464	5163	6217	6658	7950	8556	8566	9135
228	248	1541	1718	2142	3848	5796	7552	9408	9723
3219	3280	4028	4563	4949	5535	9894
2461	8094	8368
90	1316	3500	5184	5709	6023	6081	7736	9559
435	1553	4959	5044	5881	8091	8133	8407	9227
258	2583	6883	7386	7860	8022	8963	9570
2198	7144	8373
1800	9424	9502
5585	6107	7680	8189	9055
2669	4414	6475	8177	8223	8317	8762
4129	7533	8706	8785
7398	7878	8696	8983
2359	4892	5935	6400	8179	8380	8464	9804
169	613	1009	1496	4830	7214	9341	9428	9493
1010	4796	5502
506	629	973	6565	8355
2944	4084	5061	6089	6872	9856
110	2345	2602	3782	4797	7176	7249	9895
978	5180	6764	7641
1801	3783	5578	5843	6082	6335	7099	8781	9175	9517
111	2117	2232	3784	5424	8131
7815	9520	9812
5263	6966
1802	2118	3220	4242	5921	5945	6300	6426	8664	9230	9419
2119	3281	3785	5328	6037	6234	7781	8413
2927	2983	6066	6329	7832	7957	9420	9621
5236	7343	7603	9951
614	1803	2120	2346	2603	3786	4798	7180	8354
299	3866	8596	9786
331	2368	4593	4645	4676	4744	5917	8510	9634
1804	5865	5967	8386	8837	9082
7730	9773
2199	2687	3960	6063	6070	7700
2154	2540	3885	5604	6105	6209	6745	6758	9983
8642	8777
5610	5841	6852	7738	9195	9754
3842	6630	8232	9432
5222	5369	5464	5616	5714	6216	8224	8661
2506	2928	3961	5868	6218	7646	8738	8764	9035	9518	9573
5246	5430	7037	7134	7712
6212	6237
206	3787	6815	8475	8967
2121	2347	4050	5947	6052	7356
7484	8601
5251	6421
362	909	1554	1625	1707	1908	2304	2794	3013	3115	3360	3361	3471	3485	3510	3528	3564	3593	3594	3931	3981	4278	4430	4466	4580	4712	5451	5895	9807
6857	6985	7886	9669
7031	7413	8379	8939	9216
156	277	456	532	786	830	873	1088	1170	1248	1272	1427	1497	1529	1719	1748	1903	2155	2307	2420	2470	2584	2654	2673	2725	2795	2834	2894	2950	3293	3337	3472	3631	3655	3816	4237	4318	4343	4461	4873	4876	4886	4919	5155	5414	7657	9058
269	311	760	881	916	1062	1231	1323	1356	1451	1599	2556	3086	3538	3580	3997	4889	4957	5592	5779	7446	8722	8835	9848
207	1876	3952	5290	6511	9876
5120	8426	9261	9967
2122	2233	3282	4051	5338	5946	8376	9724
6422	6472	7845	8463
3788	7005	8387
5019	6136	7105
1347	5558	8058	9404
47	975	5998	6321	6399
112	615	1011	1805	2348	2604	3221	3902	4505	5878	7374	8873	9340
9209	9243	9497
1648	7168	8550
6150	9415
4365	5342	5647	7609
5609	6143	6220	7393	8062
5744	6470	6593	7100	7170
2605	5452	7536	7599	8260
1135	1911	2471	4288	4545	4646	7740	8470
48	5348	6098	8002
1302	7052	8569	8879
2448	3913	5533	5693	6510	7332	7537
8438	9886	9998
5357	6631	9400
5230	7570	8239	8255	8356	9521
6308	8901
5005	7131	7203	9048
5658	8314
2123	2349	6959	7054	8749
2350	3222	3283	4629	7801	8197
151	487	882	917	1188	4066	5460	7330	7714	9849
113	3284	4445	8947
114	1012	1806	2124	3223	3789	4630	5469	7149	7434	8065	9663
7143	9013
6236	7200	8144
5231	5593	6958	9747
5498	5536	8864
152	488	761	883	918	1189	1232	1357	1364	2014	3087	3539	4071	4183	4329	4606	4612	4890	5114	5117	6109	6527	8663	8801	8884	9730	9748
5514	5672	8876
5194	6278	7454	7512	8312	8846
33	170	238	635	733	863	913	979	1013	1051	1143	1361	1889	1965	2180	2912	3232	3896	3962	4604	4831	5789	6492	6524	8669	9029	9572
507	630	7273	9689
171	332	339	616	636	1014	1890	2207	2401	2913	3395	4003	4163	4252	4475	4558	4832	5680	6065	6158	6947	8581	9452
115	3224	3285	4506	5519	5699	7157
470	753	2065	3729	4334	4916	6779	6969	7660	9857
176	1063	1891	2011	2524	2541	2693	2802	3233	3237	3401	3617	3833	3990	4366	4574	4807	4852	4962	4977	6761	8190	8744
3225	5322	5879	7809	9103	9226	9248	9536
2351	9284	9957
2606	3790	6468
3158	3685	6920	7538	8213	8568
663	3388	5051	6151	8686	9888
2482	5264	5790	6534	6591	6937	8441	8818
1951	2474	4482	5733	5735	7475	8369	8383
2257	8302	9734	9785
5095	5766	6632	8099	8508
1166	1638	7613	7643	9102	9339
6272	8844
6132	6610	9213
7382	9033
208	617	2352
974	2954	5110	5652	6977	8676
1196	2929	2984	6785	8897	8960	9440
7999	8073	8847
209	6679	8869
787	5393	5817	7713	8269	8471	9642	9975
6202	6668	8377	9089
1240	4168	5063	5587
5020	6612	7015	7243	7862	9078
5025	5373	5439	9910
72	223	278	373	429	508	523	745	754	845	1314	1517	1563	1684	1744	1830	1909	1997	2015	2143	2170	2289	2380	2462	2708	2726	2803	2835	2930	2989	3145	3182	3338	3408	3559	3600	3634	3662	3791	3946	3963	3992	3998	4067	4202	4212	4323	4745	4953	6731	7163
5842	6007	8547	9667
1807	2234	7778	9110	9129
1588	4254	5065	5556	5918	7081	9499
7213	7437	8295	9064
5426	5884	5931	8327
210	1808	3792	6728
7094	9015	9445	9777
6427	6513	7731	8440	9558
5727	7314	7543	7813	9454	9757
5746	8053	8907	9010	9087
5238	5310	5507	6115	7491	8093	8172	9600	9684
5047	5819	6168	7018	7410	7455	8185	8222	9081
2769	4614	5828	5874	6598
1809	4950	5431	7242	7777	9156
3186	8459	9788
1015	3793	6703	8894	9239
5772	6577	8483	9222	9725	9971
5618	5831	8080	8262
4335	5006	6260	8536	9870
363	567	9386	9461	9560
7365	7931	8918	8952
2196	2968	4199	5358	8157	8843
6874	9018
1600	4204	5106	6502	7772
5066	7848
1689	2695	4345	5691	8718	8803	9132
1810	5188	6677	6808	9489	9501
5484	8512	8817
211	1811	2125	4782	5034	5258	7970	8858
4507	5770	5793	6540	7819
3897	5480	5886	6097	6965	7944	8274	9460	9625
116	2353	3980	4783	8912	8913	9121
1812	3286	6824	8200	8675
117	212	1016	1877	2235	2258	2354	2655	3287	4972	5280	6139	9627
118	213	618	1017	6913	8153	9710
1448	2484	5795	7918	9396
119	3288	6003	7047
7390	8607
3226	5459	6016	6140	7547
5402	7951	8113
2369	2909	4477	6283
3437	6526	6663	8655
5301	8015
5332	6102	6267	7799	7861	8079	9831
5248	8267
5008	5626	7258
1219	3680
63	153	428	489	884	1333	1358	4068	9072
8210	8507	8590	8625
350	5031	5086	6293	7852
85	436	582	1479	1574	1904	2016	2181	2308	2670	3553	3632	3715	3817	4352	4594	4705	4747	4769	4978	5850	6176	6642	7388	7822	8001
2978	4478	8481
6483	6648	6695	6736	7620	7668	7978	9633
3693	6381
5209	7138	7883
6076	6249	8308
120	2126	2236	4446	7150	7230	7514	7783
7372	9728
4899	8246	9903	9919
5696	6145	6486
6193	6325	8021
5671	6884	7064	8335	8786
172	5821	6945
5121	8391	8700	9075
1348	3091	5275	5367	9789	9978
5235	7941	9906
5045	5880	6301
6484	8273
4447	7938
7703	8829	9784
1813	6440
7321	8343
1280	2969	6570	6957	7553	8713
5548	6854	7216	8821	9344
5784	5861	9822
7449	7629
5479	6095	8140	9252	9618
5571	6030	8212	8730	8839
7348	8811
437	2878	4450	4703	4827	7369	7864
710	6561	8580
1814	4951	5216	6127	7146	8516
5742	7909
2355	5525	7474	8399
333	1708	3328	7020	8637	9801
7528	8220
270	490	885	3581	7029	8261	9508
7582	7873	8191
5985	6339	9304
8087	8304	9410	9619
1991	2910	7363
619	1018	2507	2895	8280
5262	6075	8071
6996	8521	8584	8936	9005
6921	8364	8631	9338	9437
1233	1633	1974	2066	2526	2542	3498	4690	4897	4917	7653	9417
77	2003	4866	7153	7554	8347
1281	2511	9996
5887	6552	8436	9206	9739
351	413	969	1035	1340	1470	1831	1926	2079	3012	3104	3127	3818	4152	4632	6538	9422
2237	5133	5761	6588	8358	8739
6717	6759	8012	8878
8523	8992	9402
657	1179	4264	5601
1659	3187	3297	5374	5579	5728	7204	8482	8682
7126	9377	9650	9729	9891
714	4898	6628	7481	9043	9162
643	1639	1728	1880	1912	2688	3105	4764	4955	5864	6784	8902	9294
702	5857	6238	6757	6865	6988	7383	7882	8794	9020
2496	2931
5049	6694	7082	7187	8292	8466
783	5394	5640	5907	6508	6805	7742	8109
7	78	138	679	804	892	1026	1082	1406	1471	1526	2156	2656	2733	2810	3027	3146	3171	3463	3511	3565	3697	4143	4308	4610	4662	4686	4699	4819	5043	5385	5972	9974
6495	7191
86	592	904	1407	1844	4538	6319	9481
5531	7580	9144	9288
1815	2127	6529
2032	6766	8395
2128	3289	6161	9328	9611
4799	5410	5792	6869	7515
5832	6243	6402	8092	9356	9772	9873
1869	3794	5130	8520	8874
5040	5057
6579	7226	7658	8831	9981
2129	3227	3396	4021	4243	5837	9423
259	690	1101	1374	1892	1961	2062	3690	3700	4492	4804	5951	6086	6424
7055	7699	8077	9318	9960
9578	9722
6864	7311	7472	8610
2844	6077	6164
1870	5755	5787	7945
3914	4371	5229	8245	9587
593	1845	2921	3370	3949	5476	6562	7588	8922
438	2879	6575
513	8423	9826
2157	3871	6975	7638	7968	8392	8402	8656	9491
5736	5862	7101	7870	8318	8895
514	6454	7858	9387
738	810	1649	4111	4255	6404	7256
34	271	300	312	687	769	1064	2437	2861	3443	4182	4287	4862
5983	6723	8294	9126
1601	8204	8248	8617
214	1019	2130	3228	3795	4029	4536	4564	5546	6944	7670	7767	9247	9719
3128	9878
515	5900	7079
3796	4030	5021	9125
352	746	2512	2922	5383
9468	9759
2238	6106	6841	8945
7992	8938	9174
6010	7876	8634	9714
6772	7827
6370	6602	9355
5380	7695	9665
49	1027	1144	1310	1530	1849	1980	2033	2560	2751	2796	3098	3157	3686	3922	4007	4059	4777	4909	5160	6853	6935	8183
3	620	900	1020	2182	2985	4164	4469	6450	7401	7843	9561	9792
1816	3797	4052	5105	5994	7136
5159	5673	5692	6862	7784	7946	8406	8690
301	5359	5667	6313	6428	6530
1817	7065	7572	7973	7974	8771	9369
6823	8883
87	337	392	457	471	526	537	565	568	588	864	901	1083	1093	1126	1151	1171	1223	1285	1341	1408	1560	1579	1846	2201	2315	2356	2438	2657	2677	2727	2767	2811	3024	3061	3334	3378	3382	3444	3457	3512	3554	3633	3644	3872	3878	3932	4130	4197	4217	4221	4246	4273	4309	4332	4344	4355	4362	4581	4636	4770	4838	6557
538	3183	5364	5679	8709
64	88	239	272	463	539	658	755	846	1094	1194	1359	1375	1923	1969	2158	2268	2290	2318	2357	2449	2508	2527	2576	2703	2886	2958	2996	3062	3413	3534	3555	4083	4085	4120	4274	4333	4471	4570	4571	4692	4785	4824	5050	5212	7061	7322
2239	3229	7355
1531	6170	6181	6698	7960	9037
5420	6733	8409	8792	9302
2186	8891	9192
5751	8284
215	5286
5232	6645	7824
1507	2192	2463	3671	7785	8774	9430
4963	5243	7696	9780
703	3666	5655	6941	7044	7927
464	794	2475	2516	4408	4926	5961	6062
353	559	621	722	1155	1575	2144	2197	2263	2509	2625	2694	2728	2752	2779	2970	3329	3520	3843	4387	4597	4988	6270
2549	3926	8933	9146
1136	5233	6819	7795	8083	8565	9662	9890
5809	6408
4266	5228	7705
6906	7173	8138	8636
2187	5052	6709
179	334	821	7420	8299	9003	9038	9393
3798	6797	8218	9093	9672	9925
3799	4104	8045	8178	9143
22	694	1941	1966	2183	3394
1818	6180	7309
704	3584	5701	7026	9107
1819	2131	2607	3290	4053	7760
479	711	3653	9291
1820	2608	3800	4031	4565	4800	6286	6348	7593
216	2609	4801	5412	7019	9575
6753	6891	8163	8919	9122
3801	8225
4719	5433	8018
6377	7050	8775
509	5341	5892	9598
1821	3802	6666	9120
4531	5288	6704
5869	9375	9442
7505	8066	9704
121	3803	4054	5665	6431	7093	8549	9208
3074	3879	7160	9921
3991	5528	5925	6219	6344	6380	6567	7589
1409	2264	4142	6021	6619	9300
705	5193	7445
7894	7994	8362	8641
6509	6800	9196
6039	6581	9875
8758	9685
2951	3000	5882	6215	6494	8277	8485
2279	2311	3001	8309
2316	2442	2543	2548	3448	3676	3886	4484	4490	6360	7715	9200	9322	9359
4802	7877	8031	8085	8201	8593	8621	8849
302	1052	3010	5948	6034	6080	6528	8390	8823	9385
1053	1832	2557	4076	5261	7756	9070	9477
2880	4140	5221	5584	8010	8668	9290	9716
1955	3239	4479	6420	6696	6787
240	2171	4905	5123	7958	8899
2319	4656	4906	5731	8468
122	747	1878	3291	3903	4631	5575	8164
5758	6119	7223	7988	8226
1324	1602	2862	3011	4546	5390	5719	9795
6055	6392	7998	9582
217	3292	3804	4566	5111	7829	9932
50	510	4667	5009	6113	6845
664	723	6224	6765
5622	7317	8670
5215	7522	7535
543	865	1089	1234	1349	1456	1564	1720	2291	2362	2450	2544	3063	3147	3188	3499	3819	3873	3915	3999	4275	4453	4757	4883
3805	7492
6051	7895	8881
6246	6390	7642	8410
414	524	1095	2242	3475	4231	5730	7106	9692
4134	4296	6838	7409
748	2243	4131	9350
5303	8659	9482	9655
6353	6481	7196	8170	9276
8964	9316
5643	6915	7881	8946
6692	8125	9031
2421	2848	5705	8374	8921
3075	5315	6608	6897
1822	3806	5754	9918
3807	7012	9500
6673	8855	9426
3076	3476	6743	6768
2240	7627	8759
243	595	644	866	947	1442	1472	1660	2585	2734	3077	3189	3527	3575	3834	5877	8078
6523	8293	8861	9057
622	4448	5191	6205	7208	7716	8166	8446	8852	9374	9438
2132	2358	5039	6918
139	338	364	425	680	682	788	874	893	948	1040	1172	1273	1300	1376	1385	1410	1428	1441	1518	1538	1589	1678	1709	2416	2812	2849	3116	3294	3604	3699	3874	3928	3939	3967	4105	4213	4324	4356	4419	4458	4508	4584	4679	4911	4920	4980	5207	7743	8594	9433
5220	8052
177	1065	3132	9989
