0	1	2	3	4000	4001	4002	4003	6132	6250	7484	9125	9348
4	4004	6408	6846	7954	8934	9303
5	6	4005	6674	6862	9536	9667
7	4006	4007	5606	5772	7798	8021	8120	8428	9318
8	9	10	5624	6034	6555	8996	9895
6622	7542	8221
11	12	13	14	6278	6419	8249	9236	9335
15	4008	5118	5206	5931	6365	9520
16	5230	5285	8554
17	18	19	20	21	22	7571	8244	8990
23	24	25	26	27	28	29	30	31	32	33	34	4009	4010	6328
35	36	37	5636	5682	5964	6234	8467	9593
5023	6719	7713	8500	8874
38	39	40	41	42	43	44	45	46	47	48	49	4011	4012	4013
50	4014	5281	7022	7966	8272	8370	8479
51	6283	6707	7216	7641	8704	8995	9483	9877
5261	5910	5947	6267	6416	8830
52	53	54	55	56	57	58	59	60	61	62	63	64	4015	4016	5250	5946	7409	9733
65	5089	5804	7300	8169	9460
66	67	68	69	70	71	72	4017	8607	8888
73	74	75	76	77	78	4018	5841	9745
79	6977	7735
80	81	82	83	84	85	86	87	88	4019	4020	4021	5785	5906	6350	6911	9561	9628	9694	9919
89	90	5047	5513	5720	9262	9383
91	92	93	94	95	96	97	98	99	100	101	102	103	104	105	106	107	108	109	110	111	112	113	114	115	116	117	118	119	120	121	122	4022	4023	4024	4025	4026	4027	4028	4029	4030	4031	5773	6711	8053	8606
123	124	125	126	127	128	129	130	4032	4033	4034	4035	4036	5598	8121	8654	9377
131	132	133	134	135	136	137	138	139	4037	4038	6455	7856	9820
140	141	4039	4040	4041	5603	6986	8383	9036	9889	9996
142	143	5576	6354	7213	7456
6399	6785	7035	7867	9559	9946
6472	7956	8295	8684	9024
5573	7007	9818
144	145	146	147	148	149	150	151	152	153	4042	4043	4044	7615	7894
6515	7012	7844	7961	8108	9128
154	155	156	6044	8416
5956	7670	8101	8576	8944	9078
157	5280	5786	6280	8439	9484
158	159	160	161	162	163	164	165	5496	5539	6547	7183	8214	9860
6187	7400	9306
5723	7487	8633	8935	8956	9435
166	167	168	169	170	171	6738	9713
172	5074	5273	6098	6377	7768
5252	6099	6325	9031	9043	9564
173	174	175	176	177	4045	5375	5611	5917	7108	7196	9831
178	179	5318	6660	7655	8796	9510
7246	7489	8141
180	181	182	183	184	185	186	187	188	189	190	191	192	193	194	195	196	197	198	199	200	201	202	203	204	205	206	207	208	209	210	211	212	213	214	215	216	217	4046	4047	4048	4049	4050	4051	4052	4053	4054	5767	8327	9530
218	219	220	4055	4056	5882	8477	8936	9935
5278	5478	5554	8036	9158
221	222	223	8670
5177	5209	7317	7869	8029	9057
224	225	226	5043	7525	8966	9195	9416
227	228	4057	5344	5556	6589	6754	7024	7766	9083
229	230	231	232	233	234	235	236	237	238	239	4058	4059	5147	5464	5660	6226	7905	9132
240	5589	6570	7549	8410	9028	9695
241	5292	7232	8019	8234	8540	9778	9784	9922
7011	8611	8615	9048	9633
242	7744	9291	9420	9869
243	5592	5916	6117	6336	6592	7271	7677	8103	8388	8721	9235	9879
244	245	4060	5985	6649	6873	7395	7576	8414
246	247	248	4061	6042	8323	9097	9607
5452	5930	6452	6915	7100	8914
5646	6322	6374	9355
249	250	251	252	4062	4063	5193	6556	7130	7229	7910	8309	9517
253	254	255	256	257	258	259	5473	5935	6068	6204	6238
260	261	262	263	264	265	266	267	268	269	270	271	272	4064	4065	4066	4067	4068	5856	6668
273	274	275	276	277	278	6331	6661	6671	8280
279	280	281	282	283	284	285	286	287	288	289	290	291	292	293	294	295	296	297	298	299	300	301	302	4069	4070	4071	6260	7037	7771
303	304	5312	5415	8132	8876	9197	9480
305	306	307	308	309	310	311	312	4072	4073	4074	5158	9288	9828	9930	9983
313	314	4075	4076	5357	6437	6443	6991	7973	9227	9248
5212	6341	6362	9529
315	316	317	318	319	320	321	322	323	324	325	326	327	328	329	330	331	332	333	334	4077	4078	4079	4080	4081	4082	4083	5794	6277	8236	8816	8890
335	336	337	338	5149	6165	6549	7008	9100	9247	9734
339	5692	5764	7665	8329	9019	9105
340	341	4084	4085	6209	7190	7833	7957	8015	8646	8706	9526
5385	6063	7419	7629	7787	8273	8570	9268	9809
342	343	344	345	346	347	348	349	350	351	352	353	4086	4087	4088	9025	9594	9704
354	6764	7073	7540	7779	9648
355	6770	7103	8184	8793
356	357	358	359	360	361	362	363	364	5559	5867	6927	7583
365	366	367	368	4089	4090	7797
369	370	5349
371	5298	6345
372	373	4091	4092	5568	9419
374	375	6478	7306	8253	9910
8082	8324	9434	9993
6436	6610	7049	8492
376	4093	5151	5494	6253	8829	8875	9494	9676
377	378	4094	6232	7385	9541
379	380	381	382	383	384	385	386	387	388	389	390	391	392	4095	4096	5046	5896	5937	8710	9056	9696
393	394	395	396	397	398	399	400	401	402	403	404	405	406	407	408	409	410	411	412	413	414	4097	4098	4099	4100	4101	4102	4103	4104	4105	5039	6872	7785
415	416	417	418	419	420	421	422	423	424	425	4106	4107	4108	5195	6028	6038	7109	7242	7255	7509	8561	9427
5339	7224	7403	8825
426	427	428	4109	4110	6714	7711	8809	8946
429	6897	8941
430	4111	5648	5961	7172	7427	8064	8148	8977	9212	9282
431	432	433	434	435	4112	7563
436	437	438	6136	6411	8782	9054	9301	9808
439	440	441	442	443	444	445	446	447	448	449	450	451	452	453	454	455	456	457	4113	4114	5402	6045	6752	7114	8970	9010
458	459	5393	5777	6656	6672	6732	7006	9347
460	461	4115	4116	5480	5880	6837	7325	7538	8037	8837	9430
462	463	464	4117	4118	6609	6659	7292	7972	8708	9924
465	466	467	468	469	470	471	4119	7150	7241	9624	9800
472	4120	5782	7913	8725
473	474	475	476	4121	5821	7112	7644	8264	9482
477	478	479	4122	6355	6717	6944	7702	7723	8193
480	481	482	483	484	485	486	487	488	489	490	4123	6349	6802	7105	7191	8903
6428	7134
491	492	4124	6496	9790
493	494	495	5028	5136	5380	7594	7620	9928
496	5107	6700	7414	7836	8547	8968	9114	9960
497	498	499	500	501	502	503	504	505	506	507	508	509	510	4125	4126	7418	7685	8580	8833	9214
511	4127	7329	7429	7534
512	6077	7781	8723	9384	9558
513	514	515	8807	9129	9769
5620	5629	6489	7590	8138
5085	6092	6333	8969
516	517	518	519	520	521	522	523	524	4128	4129	4130	4131	5109	7032	8102	8906
525	4132	5604	5709	8842	8926
527	528	529	530	531	532	5403	5487	7993	8335
533	534	535	536	537	538	539	4133	4134
540	541	542	543	5066	5358	5943	8922
544	545	5071	5562	6150	6379	7252	7492	7510	8322	8491	8624	9504	9571
546	4135	5746	9280
547	548	5238	5978	6254	9487
549	550	551	552	553	554	555	556	557	4136	4137	7077
558	559	4138	5518	7348	8042	8400
560	561	562	563	564	565	5241	6310	6560	8583	8828	9241	9770	9886
4139	5160	5702	6342	7141
566	567	568	4140	7218	7476	7816
5608	6777	6868	7365	7874
569	5813	6575
570	5668	6876	9812	9931
571	572	573	5479	5616	5872	6051	6940	6963	7039	7176	7307	8109	8395	8920	9731	9836
574	7042	8099
575	576	577	578	579	580	581	582	4141	9518
583	584	7622	7625	7743
585	586	5512	9452	9516	9683
6197	6929	7909	7930
587	588	6003	7000	8908	9664	9821	9987
589	590	591	592	593	4142	5313	6074	6948	7237	7842	7877	8083
5996	9072
5801	6176	7406	8291	9159	9657
6251	7618	8528	9250
594	595	4143	5828	6993	7127	9284	9642	9805
596	597	598	599	600	601	602	603	604	605	606	607	608	609	610	611	612	613	614	615	616	617	618	619	620	621	622	4144	4145	4146	4147	4148	5534	6451	6898	8133	9817
623	624	4149	7796	7823	8824	8856
625	626	627	628	629	630	4150	5183	7586	8417	8507	9627	9721
5775	6089	6710	8437	8450
5052	5412	6276	6639
631	632	5586	7747	8923	8992
633	634	635	636	6193	7722	8752	9900
637	638	639	640	641	642	643	644	6206	7048	7185	7243	7664	8276	8604	8674	9102
645	646	6760	6949	8634
647	648	649	650	651	652	653	654	655	656	657	658	4151	4152	5351	5600	5734	7046	7626	8118	8250	8581	9626
659	660	661	662	663	664	4153	4154	6050	9112	9656	9914
665	666	667	668	669	670	671	672	673	674	675	676	677	678	679	680	4155	4156	4157	4158	4159	5422	7558	7658	9204	9476	9949
681	682	5843	8051	8346
683	684	685	686	687	4160	4161	6290	7334	8532	9588	9945
4162	5083	6247	7291	7346	7557	7717	7761	8719	8744	9976
6728	8018	9451
688	689	690	5341	5615	7397	7553	8006	8043	8699	8982
691	692	693	694	4163	4164	6085	7965
695	696	697	698	699	700	701	702	703	704	705	4165	5831	6058	6576	6624	6943
706	707	708	709	6654	9857
710	711	4166	5076	5454	5491	6723	7168	7352	8872	9843
712	5077	6166	9490
5572	5587	8857	8975
5825	8764
5308	6015	9297	9486	9848	9849
713	714	6381	7332	8462	9732
715	5311	5919	7451	8318	8873	9616
716	717	4167	4168	5205	6384	9572
718	719	720	721	722	723	4169	4170	5094	5561	5778	8502
724	725	6550	6666	8659
726	727	728	4171	5650	7304	7927
729	5365	5510	5552	5751	6836	8461
730	731	5663	7151
6605	8989
732	733	5565	6062	6139	7031	8258	9580	9759
6857	7832	8086
734	5143	5310	8650	9454	9777
735	736	737	738	5290	7613	7926	8069	8387	8925
739	4172	5251	5823	7952	8636	8912
740	741	742	743	744	745	746	4173	4174	4175	5886	7120	7945	9062	9950
747	4176	5314	6725	7528	7657	8587	8781	9005	9326
5977	7862	8868	9143	9600
748	4177	5864	9281
749	750	751	752	753	754	755	4178	5208	5346	6183	6324	7336	8001	8790	9323
756	757	4179	6850	7175	8948	9792
758	759	760	761	4180	4181	4182	5188	5489	7535	8623
8136	9086	9363
5688	6113	6160	6772	7724	8557	8714
762	763	5580	5637	6124	6421	7636	8454	9351	9915
764	765	766	767	768	769	4183	5372	9376	9907
770	771	5378	5991	7384	7630	9095	9737	9743
772	773	774	775	4184	5217	5657
776	777	778	779	780	781	782	783	4185	4186	4187	4188	6182	6557	7648
784	785	786	787	788	4189	6978	8390
789	790	5971	7080	7624	8543
4190	5410	5923
791	792	4191	5355	5447	9082	9193
793	794	5011	5150	6442	8518
5068	5839	5902	6979	7654	8949
795	796	797	798	799	800	4192	4193	4194	5791	5793	5966	6019	6112	6578	9134	9228
801	802	803	804	4195	4196	4197	5394	7381	8588	8754	9378	9439	9963
5102	5949	6878	7360	9350
805	806	807	808	809	4198	6585	7051	7331	7962
810	4199	8092	8566
811	5784	7631
812	813	7475	7647	8785	9401
814	815	816	817	818	819	820	821	4200	4201	4202	5260	6320	6582	8853	9666
7946	8333	8541	9081	9673
822	823	824	825	826	827	828	829	830	7412	7416	8539	9130
831	5729	6924	7690	7732	8071	8197	8772
832	833	834	835	836	837	838	4203	4204	7569	8116	9179
839	840	841	842	843	844	845	846	4205	4206	5770	6039	7513	7773	8737	9079	9550
847	7056	7581	7994	9108	9217
848	6264	7637	9630
849	850	851	852	853	854	855	856	857	858	859	860	861	862	863	864	865	866	4207	4208	4209	4210	4211	4212	4213	5288	5842	8821	9720	9917
867	868	4214	8364
869	870	871	872	873	874	4215	5514	6653	9862
875	876	877	878	879	880	881	882	883	884	885	6036	8446
5428	5892	6651	8167	8972	9560
886	887	888	889	890	891	892	893	5114	5753	5765	7751	7890	8852	9324
894	895	896	4216	4217	5329	9309	9562
4218	5625	6279	7097	7148
897	898	899	900	901	4219	5852	6000	8603
902	8761	8962	9113	9635
903	904	4220	5317	5566	6474	9030
5939	6065	6502	7532	7698	8360
905	5228	5698	9366
906	5461	7174	7376	8579	9292	9779
907	908	6501	6854	7261	7680	9459
909	5116	5854	6507	8480	9997
910	911	912	913	9039
5342	5366	6471	7643	7897	8321	8596
5630	9762
914	915	916	917	918	5286	6009	7656	9956
919	4221	5859	6073
920	921	5972	7221	8751	9658
922	923	924	925	926	927	928	929	930	931	932	933	934	935	936	937	938	939	940	941	942	943	944	945	946	947	948	4222	4223	4224	4225	4226	6835	6990	7444	7628	8421	8455	8991
949	5570	8254	9638
5345	6338	8503	8938	9411
5942	5967	7152	7270	7393	8376	8726
950	951	952	953	954	4227	5373	5888	5921	7297	7943	8729	9188
955	956	957	958	959	960	961	962	963	964	965	966	967	968	969	4228	4229	4230	4231	5476	7432	8476	9602	9825
4232	6403
5262	5718	7448	8068	9330
970	971	972	973	974	4233	5532	6133	6869	7918	9067
975	5348	6765	7072	7107	7827
976	977	978	979	6499	7266	8089	9835
980	981	982	983	984	985	986	987	988	989	990	991	992	993	994	4234	4235	4236	4237	5774	7169	9145	9736
995	6677	6702	7111	7759	8426
996	997	998	999	1000	1001	1002	1003	1004	1005	1006	1007	1008	1009	1010	1011	1012	1013	1014	1015	1016	1017	1018	1019	1020	4238	4239	4240	4241	4242	4243	7730	8073	8666
1021	1022	1023	1024	1025	1026	1027	4244	5197	5818	6716	7579	7859	8046
1028	4245	5363	7651	8815
1029	6552	7125	7259	9034	9754
6506	7063	7187	9333	9509	9785
1030	1031	1032	1033	1034	1035	8040	9260
1036	7577	8777	9004	9967
1037	1038	1039	4246	5795	7555
1040	4247	5100	5233	5641	5747	6454	6945	7729	7940	8506
1041	1042	4248	5754
1043	1044	1045	1046	1047	1048	1049	1050	1051	1052	1053	4249	4250	4251	4252	6060	6886	7399	8287	8338	8549	9766
1054	1055	4253	4254	5086	7303	7364	8878	9111	9189
6404	8056	9413	9446	9703
4255	5607	6635	7146	8582	8598	9554
1056	1057	1058	1059	1060	1061	1062	1063	1064	1065	4256	4257	4258	8239	8629	9591
1066	1067	1068	1069	1070	1071	1072	1073	1074	1075	1076	1077	1078	1079	1080	1081	1082	1083	4259	4260	4261	4262	4263	4264	6305	9859
1084	1085	1086	1087	1088	1089	5364	5411	8894	9958
1090	7287	9614
4265	4266	6066	6453	7028	9525	9569	9634	9750	9773
1091	1092	1093	1094	1095	4267	4268	6174
5284	5687	7377	9045	9074	9537	9711
1096	1097	1098	5051	5395	7095	8185
1099	1100	1101	4269	6130	8859
1102	1103	1104	1105	6287	7230	8980
4270	5869	7351
6999	8010	8060	8501	9533	9661
5099	6462	7748
5368	8084
1106	1107	1108	1109	1110	1111	1112	1113	4271	4272	4273	5069	6004	6946	7979	9577
1114	1115	1116	1117	1118	5034	6789	7550	9456
1119	1120	1121	1122	1123	1124	1125	1126	4274	4275	6510	6824	8425	9304
1127	1128	1129	1130	1131	1132	1133	1134	1135	1136	4276	6360	6957	7258	8460
1137	5483	7712	8558	9868
5926	5984	6463	6606	8216
1138	5152	5724	8172	8180	9032	9327
1139	5516	6198	7459	8211	9308
1140	1141	1142	1143	1144	5508	7170
5007	5024	9473	9863
1145	1146	1147	1148	1149	1150	1151	5499	5927	7433	7740	8178	8279
1152	5129	6219	6508	6650	6781	8124	8531
1153	1154	1155	5092	5214	8206	8496	9512
1156	5058	6080	6458	8440
1157	1158	1159	1160	1161	1162	1163	1164	1165	1166	4277	4278	5327	7718	8422
1167	1168	1169	1170	1171	1172	4279	4280	6642	8058	8869	9261	9804
1173	1174	1175	1176	1177	1178	1179	4281	4282	4283	5484	7610	7908	9851
1180	4284	5000
5731	7358	7522	7904	8251
1181	4285	4286	6239	6391	7249	8420	8609	8964	9447
5426	6966	7805	7970	9742	9904
1182	1183	1184	1185	1186	1187	1188	1189	4287	5381	7843
1190	1191	1192	1193	1194	4288	5044	5925	8026
5001	5776
1195	1196	4289	5296	6542	7356	7864	9103	9449	9539
1197	1198	1199	1200	1201	1202	4290	5374	5399	6394	6975	7710
1203	1204	5506	7815	8269	9755
1205	1206	1207	1208	1209	4291	4292	4293	5322	6655	7431	8468	8619	9298	9428
1210	1211	1212	1213	1214	4294	8385	9507	9725
1215	1216	1217	1218	1219	4295	4296	5021	6548	6658	8398	8691	8994
1220	1221	1222	1223	5008	6475	6488	6527	7079	7321	7828
1224	4297	5253	5297	6866	7810
5936	5988	6248	7209	8155	9104
1225	6383	8284	8484	9060
5622	6378	6477	6970	9144
1226	1227	1228	1229	1230	1231	1232	1233	1234	4298	5583	5760	6407	6697	9407	9816
4299	7639	8839	8988	9161	9162
1235	1236	1237	1238	1239	1240	4300	5979	6524	6816	7401	8881
1241	1242	1243	1244	1245	1246	1247	1248	4301	4302	7091	7165	7942	9464
1249	1250	1251	1252	1253	1254	1255	1256	1257	1258	1259	1260	4303	4304
1261	4305	6246	6739	6766	8174
1262	5305	6706	7124	7591	8976	9329	9375	9613	9826
1263	6227	6959	8326
1264	1265	1266	1267	1268	1269	1270	1271	1272	1273	4306	4307	4308	4309	5369	5384	6371	6775	9911
1274	1275	1276	1277	1278	1279	1280	1281	4310	4311	4312	4313	4314	5436	7678	8574
1282	1283	1284	1285	7319	9365	9781
1286	1287	1288	1289	1290	1291	1292	1293	1294	1295	1296	1297	1298	1299	1300	4315	4316	4317	4318	7286	9142
7457	8286
6701	7841	8538	9153
1301	1302	4319	5133	6300	8226
6751	7357	9802
1303	1304	1305	1306	1307	1308	1309	4320	4321	4322	4323	5653	8072	8240	9027
5714	7199	8143	8733	9358
5002	5515	5974	6599	6786	7791	8361	8668	8998	9020
1310	4324	5498	5884	6546	6820	9680	9920
1311	1312	1313	1314	6110	6145	6147	6867	8363	9357
6762	7450	8312	9710	9722	9735
1315	1316	5713	5796	6484	6962	7052	7214	9070
1317	7608	9568
1318	1319	1320	1321	1322	1323	1324	4325	4326	4327	4328	4329	6531	7240	7498	8097	8686	8867	8921	9776
1325	1326	1327	1328	1329	1330	1331	4330	4331	4332	4333	5837	6518	6731	7598	7607
1332	1333	5945	6543
1334	1335	1336	1337	1338	1339	1340	1341	4334	4335	5635	8166	9088	9961
5756	6424	6708	6926	7934	9834
5175	8188	9663	9665
6500	9026
1342	1343	1344	1345	1346	1347	1348	1349	5215	5537	9850
1350	1351	1352	1353	1354	1355	1356	1357	1358	1359	4336	4337	4338	6107	6735	7262
1360	1361	8379
1362	1363	1364	4339	6359	7294	7687	9205
1365	1366	1367	5263	5301	5382	6984	8310	9596	9705	9994
1368	1369	1370	1371	1372	1373	1374	1375	1376	4340	5194	6237	6726	7596
1377	5670	6214	7884	8530	9099
1378	1379	1380	1381	1382	1383	1384	1385	4341	4342	4343	4344	5389	7206
1386	1387	4345	5267	6784	6980	9342	9921
1388	1389	1390	1391	1392	1393	1394	1395	1396	1397	1398	1399	1400	1401	1402	1403	1404	1405	1406	1407	1408	1409	1410	4346	4347	4348	4349	4350	4351	4352	5419	5982	7066	7283	7750	8973
5242	7880
5279	6289	8314	9008	9979
1411	1412	1413	6340	7122	7257	7407	7512	7769	8007
1414	1415	1416	1417	1418	1419	4353	4354	5819	6368	7423	7812
1420	1421	4355	4356	5425	7653	7976	9254	9319
1422	1423	1424	1425	1426	1427	1428	4357	5933	7281
1429	1430	1431	1432	1433	1434	1435	1436	1437	1438	1439	1440	1441	4358	4359	4360	4361	4362	5509	5712	6205	6311	6353	7564	8105	8299	9717
1442	4363	7179	8773	9505
1443	1444	1445	1446	1447	1448	4364	4365	5013	5200	5855	8122	8157	9599	9685	9747	9840
1449	1450	1451	5992	7099	7131	7438	7524	8317	8928
6845	8196	9442	9894
1452	1453	4366	5005	5016	7330	7552	9244	9279	9385
1454	1455	1456	4367	5173	7184	8152	8394	9582	9617	9845
5127	6680	8698	9493
1457	1458	5031	5955	6630	6888	7623	8077
1459	1460	1461	1462	1463	1464	1465	1466	1467	1468	1469	1470	1471	1472	4368	4369	5027	6884	7515	8707
1473	1474	1475	1476	4370	4371	5041	6844	6951	7149	8618	9880
1477	1478	1479	6008	6100	7074	7497	7530	7536	8288
4372	6269	7527	7704	7917	8187	9578
1480	1481	7144	7192	7916	8701	8945
1482	1483	1484	4373	5379	5677	6778	8563
6221	6720	7301	7649	8107	9163
1485	7023	7136	7337	7879	9098
1486	1487	5840	7445	8851	9611	9938
1488	5293	5450	7984	8055	8190
1489	1490	1491	1492	1493	1494	1495	1496	1497	4374	4375	4376	4377	5095	5294	6070	6161	7362
1498	1499	4378	5505	7038
1500	1501	1502	1503	5520	7005	7017	8014	8602	9016	9239
1504	1505	1506	1507	4379	4380	5928	7695	7819	8227	8705
1508	1509	1510	1511	1512	1513	1514	1515	1516	1517	1518	4381	5204	5798	5885	6722	9668
1519	5227	5809	6041	6369	9503	9839
1520	1521	1522	1523	1524	1525	1526	4382	5617	6046	6194	7121	7353	8638	9552
6056	6352	9055
1527	1528	1529	1530	1531	4383	6348	9091
1532	1533	4384	6490	6792	6976	7720	8061	8933	9523
1534	5893	7123	9092
1535	1536	1537	1538	4385	5705	9794
5990	6808	7016	7873	7881
1539	1540	1541	4386	4387	5353	6053	6804	6832	9968
4388	5347	8203	8692
1542	1543	1544	1545	1546	1547	1548	1549	4389	4390	5806	5834	5889	6392	6573	6675	8230	8451	8644
4391	6805	7084	7458	7849
1550	1551	1552	1553	6859	7102	8393	8601	8669	8743	9073	9278
1554	5019	6033	6257	7521
1555	1556	1557	1558	1559	1560	4392	5304	5465	6519	8016	8231	9018	9169
1561	1562	1563	1564	6586	6633	7138	7323	7646	8030
1565	5857	9729
1566	7280	7919	9272	9618
1567	1568	1569	1570	1571	1572	1573	1574	1575	4393	4394	4395	8352	8845
1576	1577	1578	1579	5739	6903	7363	9196	9331	9846
1580	1581	1582	1583	1584	1585	1586	1587	1588	1589
1590	1591	1592	1593	1594	1595	1596	1597	1598	1599	1600	1601	1602	4396	4397	5042	6155	7140	8893	8939
1603	1604	4398	5020	5424	9256	9387	9709	9842
5752	6528	9410
4399	5148	6759	6806	7742	7839	9231	9422	9943
1605	1606	1607	1608	1609	1610	4400
1611	1612	1613	1614	1615	1616	4401	5387	5458	6931	7378	8088
1617	1618	1619	7960	9394	9912
1620	5162	6819
4402	5135	5295	5557	5633	6103	6358	7247	7267	7305	9551
5096	5249	5283	5593	8142	8343	9096	9131	9723
1621	4403	7838	9708
1622	5055	5356	6444	6587	6793	7034	8445	8447	9556	9990
1623	1624	4404	4405	6321	7424	7996	8065	9191
1625	6087	7493	7573	8074	9367	9621
1626	5591	5697	6983	7004	8959	9798
5122	5291	5890	6040	7453	8589	8797
1627	1628	7437
1629	1630	1631	4406	4407	4408	7349	8806
1632	6323	6664	8712	9746
5679	6715	8047
5493	6151	7359	7443	8883	9120	9122
1633	4409	5146	9542
1634	4410	7256	7585	7638	7878
5108	7463	7604	9257	9453
1635	1636	5706	7554	8569
1637	8229
1638	1639	4411	5579	6335	6584	7219
1640	5597	6567	7041	9575
1641	1642	1643	4412	6170	7081	9566
1644	1645	4413	5414	9787
1646	5680	6412	6916	6996	8805	9140	9774	9926
5224	6052	6148	6691	7660	8858	9312	9547
6689	8469	9461	9715
1647	1648	1649	4414	5272	8302
5666	6125	8087	8305	9035	9263
1650	1651	7250	7733
5582	7474	7633	9175
1652	1653	6213	6761	7485	7486	9213	9853
1654	5797	6006	6541	7415	9276
1655	1656	1657	1658	1659	1660	4415	5486	5599	5725	5741	7366	7517	8147	8882	8978	9216	9888	9977
1661	1662	1663	1664	1665	4416	6303	6317	7683	8194	8512
1666	1667	1668	5105	6937	7137	7299	7914	8027	8801	9752	9884
5699	6512	8005	9245	9345
1669	1670	1671	1672	7715	8140	8481	9138
1673	1674	1675	1676	1677	1678	4417	5817	6312	7855	7921	8332
1679	1680	1681	1682	1683	1684	4418	4419	5062	6131	6286	8146	8627	9046
1685	1686	1687	1688	1689	4420	7684	7888	8079	8257	9293
5170	5416	5814	6018	6223	6266	6299	7340	7762	9370
1690	5300	6448	7060	7370	8854	9636
8130	9379
1691	1692	1693	1694	1695	4421	5131	6119	7178	9123	9728	9893
1696	1697	1698	1699	1700	1701	1702	1703	1704	1705	1706	1707	1708	1709	4422	4423	4424	4425	4426	4427	4428	6128	7308	8128	8639	8879
1710	1711	1712	1713	5958	7284	7959	8544	9270	9338
5142	9374	9714
1714	1715	1716	1717	1718	1719	1720	6064	7227	7974	8511	8863
6069	6224	8631
1721	6235	7355	8490	8688	9608
1722	1723	6498	9203	9531
1724	5449	5820	6574	6908	7405	7681	8336	8700	9207	9702
1725	1726	1727	1728	6258	6493	7061	9242
4429	4430	6579	6797	7933	8746	9218
5059	6525	7809	8620	8630	9273
1729	6390	8045	8222	8600
1730	1731	1732	1733	1734	1735	1736	1737	8215
1738	1739	4431	5354	5685	6078	7635	8256
1740	1741	1742	5429	6811	7989	8770	8810
1743	1744	6121	8533	8676	9232
1745	1746	1747	1748	4432	4433	5623	8614	8913	9604	9650	9690
1749	1750	1751	1752	1753	1754	1755	1756	1757	1758	1759	1760	1761	1762	1763	1764	1765	1766	1767	1768	1769	1770	1771	1772	1773	1774	1775	1776	1777	1778	1779	1780	1781	1782	1783	1784	1785	1786	1787	1788	1789	1790	1791	1792	1793	1794	1795	1796	1797	1798	1799	1800	1801	1802	1803	1804	1805	1806	1807	1808	1809	1810	1811	1812	1813	1814	1815	1816	1817	1818	1819	1820	1821	1822	4434	4435	4436	4437	4438	4439	4440	4441	4442	4443	4444	4445	4446	4447	4448	5219	5850	6231	6363	7277	8694
4449	6021	6236	8024	8940	9164
1823	1824	1825	6559	8562
4450	7085	7408	7526	7619	8223	9075
1826	1827	1828	1829	1830	1831	1832	4451	4452	4453	5178	9361	9524
1833	1834	1835	1836	1837	1838	1839	1840	1841	1842	1843	1844	1845	1846	4454	4455	4456	4457	4458	5307	6072	7764	8247	9749
7834	8392	8848
1847	7162	7709	9190
1848	1849	5111	5211	5667	6244	6249	9712
1850	5185	5501	5581	6229	6256	9252	9325	9899
1851	1852	1853	1854	4459	4460	5216	5595	8248	8265	8660
1855	1856	4461	5056	6101	6445	8986	9679
5400	5462	6129	7863	8927	9286	9431
5398	5601	7605	8464	8909	8918
1857	1858	5138	6894	7078	7228	7274	7507	9225	9253	9692
1859	6756	7780	7901	8261	9870
1860	1861	1862	1863	1864	1865	1866	1867	1868	1869	1870	4462	4463	4464	8357
1871	1872	1873	1874	1875	1876	1877	1878	4465	5319	6899	7160	7455	7611	8443	8750
1879	4466	6406	7382	7852	7885	8591	9390
7857	8150	8208	8844	8993
1880	6011	8937	9753
1881	1882	1883	6744	8200	9443
4467	5708	6233	6261	8529	8804	9310
1884	5475	5546	6029	6316	7158
1885	1886	1887	1888	1889	1890	1891	1892	4468	4469	6105	6910	7368
5156	6361	7588	8493	9305
1893	1894	1895	1896	1897	1898	1899	1900	1901	1902	1903	1904	4470	5247	6023	8747	8832	9208
1905	1906	1907	1908	1909	5139	5815	6163	6973	8787
1910	1911	1912	6685	7998	8999
6939	8031	8139	8374	8438
1913	1914	1915	1916	1917	4471	7253	8769	8850
1918	1919	1920	5519	6469	6840	7001	9838	9890
4472	5093	5240	6192	7886
1921	1922	1923	4473	7876	8371	8375	9093
1924	1925	1926	6370	8059	9497
1927	1928	1929	1930	1931	5675	5911	6262	8255	9506	9612
1932	1933	1934	1935	1936	1937	1938	1939	1940	1941	9192
1942	1943	7967	7969	8732	9625	9763
1944	1945	1946	1947	1948	1949	1950	1951	4474	5061	6613	8119	8572
1952	1953	5010	7992	8711
1954	1955	5626	6907	8765
1956	1957	5873	7490	7941	8209
1958	1959	1960	1961	6210	9369
1962	1963	1964	1965	1966	4475	5861	5909	7310	7440	7807	8369	8788	9481
1967	1968	1969	4476	5807	9741
1970	1971	1972	1973	1974	5544	7142	7469	8159	8427	8473	8687
1975	1976	5876	7189	7314	7491	8220	8736	9147
1977	5015	5963	6891	8910	9287	9321	9699
1978	1979	1980	6167	7245	7500	7851	8348	9211
1981	1982	5503	5732	7726	8442	8652	9761
1983	5049	5167	5932	6281	8449	8800
1984	1985	1986	1987	1988	1989	1990	1991	4477	4478	4479	5269	5704	5792	6572	6935	9393	9457	9927
1992	1993	1994	1995	1996	1997	5621	5883	6375	6620	7171	8487	8895	8898	9433	9468	9964
1998	6737	7036	8296	8886	9047	9408
1999	2000	2001	2002	2003	4480	4481	8915	9118	9502	9932	9999
7118	8763	8792
2004	2005	2006	2007	2008	5894	6492	9135	9644
2009	2010	2011	4482	5235	5330	5472	7293	7848
2012	4483	4484	5268	5504	6905
7344	8974	9391
2013	2014	2015	2016	6191	7597	7727
2017	2018	6010	7402
6604	6961	7088	7392	7891	9328	9458	9549
2019	2020	2021	2022	6968	7182	8127
2023	2024	2025	2026	2027	2028	2029	2030	2031	2032	2033	4485	6220
2034	2035	5900	6734	6889	7826	7895	7907	8405	8632	9080	9424	9436
4486	6607	8228	8709	9744
2036	6457	7774	7883	9971
2037	5477	8771
2038	2039	2040	5442	5811	6032	8827
2041	2042	2043	4487	8840	9697
2044	2045	2046	4488	7854	9698
2047	2048	2049	2050	2051	2052	2053	2054	2055	2056	4489	5567	6001	9538
2057	2058	2059	2060	5164	6736	7460	7800	8902	9300	9332
2061	2062	6705	7177	8916
5343	6313	6534	8117
2063	2064	4490	5239	6626	9259
2065	2066	4491	4492	5117	7609	7705	7958	8308	9299	9528	9772
2067	2068	2069	2070	2071	6505
2072	2073	2074	5057	7971	8724	9206	9693
5014	5171	5736	5959	6647	6941	7716	8516
2075	5664	8012	8831	9521	9953
5766	6141	6329	9417
2076	5299	5377	6618	7559	9418	9620	9651
2077	4493	5035	7582	7786	8204	8263	8463
2078	2079	6083	6826	7273	8931	9152	9402	9913
2080	2081	2082	9570
2083	2084	2085	2086	2087	2088	2089	2090	2091	2092	2093	2094	2095	2096	2097	2098	2099	2100	2101	2102	2103	2104	2105	2106	2107	2108	2109	2110	2111	2112	2113	2114	2115	2116	2117	2118	2119	2120	2121	2122	2123	2124	2125	2126	2127	2128	2129	2130	2131	2132	4494	4495	4496	4497	4498	4499	4500	4501	4502	4503	4504	4505	4506	4507	5009	5445	6319	6389	6449	7935	8478	8513	9229
2133	2134	2135	5392	5420	5983	9623
2136	2137	2138	2139	2140	2141	2142	2143	2144	5126	5199	5669	7181	7462
2145	2146	2147	2148	2149	2150	2151	2152	2153	2154	2155	2156	2157	2158	4508	5638	7562	7682	8153	8313	8836
2159	2160	2161	2162	2163	2164	2165	2166	2167	2168	2169	2170	4509	4510	4511	4512	4513	4514	4515	5715	6420	6447	8067	8377	9042
2171	5453	5780	5851	7889	8778	9659
5875	5938	6114	6643	6848	7410	8483	8521	8766
2172	2173	2174	2175	2176	2177	2178	2179	2180	2181	2182	2183	4516	5829	5895	7640
2184	2185	2186	2187	4517	5524	6127	8125	9875
5070	5110	6767	9854
2188	4518	5104	5231	9170	9751
2189	2190	2191	2192	4519	6523	6596	8237	8290	8330
6106	8003
2193	2194	2195	2196	2197	5259	5386	5980	7813	8817
5700	6509	7180
2198	2199	5555	5577	9475
2200	2201	6400	6942	7898	8281
2202	2203	2204	2205	2206	2207	4520	6540	9094	9885
5084	6414	8315	9975
4521	5391	5987	7322
2208	2209	2210	2211	2212	2213	2214	2215	2216	2217	2218	2219	2220	2221	2222	2223	2224	2225	2226	2227	2228	2229	2230	2231	2232	2233	2234	2235	2236	2237	2238	2239	2240	4522	4523	4524	4525	4526	4527	4528	4529	4530	4531	5130	6893	8605	9619
2241	2242	2243	5662	7447
2244	2245	2246	2247	2248	2249	2250	2251	2252	2253	2254	2255	4532	4533	4534	4535	8020	8399
2256	2257	2258	4536	6225	6563	7071	7387
6758	6771	6834	6879	7239	7587	8212	9237	9352
2259	4537	5257	5335	6208	6713	8717
6153	7417	7533	8176	8181	8389	9641
2260	2261	2262	2263	2264	4538	6402	6634	6801	7166	7226	7763	8814	9172
2265	2266	2267	4539	6171	6304	6809	6913	9267
4540	5054	6595	7025	7126	8306
6603	9495	9923
2268	7806	8085
2269	2270	2271	2272	2273	2274	2275	2276	2277	2278	2279	4541	4542	4543	4544	4545	5427	6181	6628	6988	7574
2280	5303	5340	6140	7871	8154	9672
4546	6122	8803	9421	9496
2281	2282	4547	4548	5112	6177	9360
2283	5703	6494	8008
2284	2285	5745	6688	6703	7217	7753	7911
2286	2287	2288	2289	2290	2291	4549	7504	7659
2292	2293	2294	7545	8033	8571	9166	9603
2295	2296	2297	2298	2299	2300	4550	4551	4552	4553	4554	5032	5282	5986	9185	9637	9984
2301	2302	2303	2304	6115	7212	7627	9317	9810	9823
2305	2306	2307	2308	4555	4556
5113	5203	6608	7058	8282	9574	9771
2309	2310	2311	5302	5644	5716	7345	8983
2312	2313	2314	2315	2316	5470	6022	7311	7539	7752	8847	9109	9356
2317	4557	4558	5471	5634	5640	7312	7548	7584	9727	9797
2318	2319	5528	5671	5969	6861	7027	7442	8032	8186	8621
5408	5467	7143	7157	7936	8179	8553	9567
2320	2321	2322	2323	2324	2325	2326	2327	2328	2329	2330	2331	2332	2333	2334	2335	2336	2337	2338	2339	2340	2341	2342	2343	2344	2345	2346	2347	2348	2349	2350	2351	2352	2353	2354	2355	2356	2357	2358	4559	4560	4561	4562	4563	4564	4565	4566	7117	7673
2359	4567	6833	7632	7835	8218	8345	8961	9362
2360	2361	2362	4568	4569	4570	5025	5779	6326	6870	7002	7200	9701
2363	2364	2365	2366	2367	2368	2369	4571	5781	6441	7119	7375	8551	9089
2370	2371	2372	2373	2374	4572	4573	4574	7193	7937	8241
2375	2376	5397	5564	6757	7386	7481	7872	9058	9275	9782	9827
2377	2378	2379	2380	5833	6662	7198	7519	7575	8173
2381	4575	6376	8044	8884
2382	5221	5735	6638	6938	9201
2383	2384	2385	2386	5225	6230	6645	6953	6954	7601	7776	8268
5202	6721	7326	8664	9901
2387	2388	2389	2390	2391	2392	2393	2394	2395	2396	4576	4577	5080	5123	6118	7480	8897
5578	8911	9748	9819
2397	4578	5632	9209	9265	9488
2398	2399	2400	5222	8402
6196	6841	7133	7699	8656
2401	6682	9532
2402	2403	2404	2405	2406	2407	2408	2409	2410	2411	2412	2413	2414	2415	2416	4579	4580	4581	5218	5500	8497	9432
2417	4582	6265	6491	7115	8289	9555
2418	2419	2420	2421	4583	4584	5012	5563	6025	6652	6964	9168	9841
6693	6795	8834	9022	9124	9557
2422	2423	2424	2425	2426	2427	2428	2429	2430	2431	2432	2433	2434	2435	2436	2437	2438	4585	4586	4587	6644	6665	8112	8695
2439	2440	2441	2442	4588	5912	5998	7094	8171	8517
5874	7672	8683	8768	8799
2443	2444	2445	2446	2447	2448	2449	2450	4589	7113
2451	2452	2453	2454	2455	2456	2457	2458	2459	2460	2461	2462	2463	4590	5053	8113	8347
2464	2465	2466	2467	2468	2469	2470	2471	4591	4592	4593	4594	5258	5759	7688	8779
6005	6164	7547	7789	8423
2472	2473	2474	4595	6097	6812	8823	9380	9469	9955
2475	5639	5950	6372	9423	9643
2476	6755	7205	8919	9425
2477	5558	5649	9678
2478	5018	7075	7388	8855	9246
2479	5719	5824	6137	6875	7373	8525	9033	9077
2480	2481	2482	5957	6851	9038
5073	5913	6149	7468	7671	8671	9011
5137	5316	6583	6853
2483	2484	4596	4597	8076
2485	2486	5812	5951	6432	6874	6901	7642	7767	8177	8474	8802	9311	9610
2487	2488	2489	2490	2491	2492	4598	5176	5749	6687	6740	7343	8093	9359	9706	9874
2493	2494	2495	2496	5184	6292	6601	8860	8917	9337
2497	2498	2499	2500	2501	2502	2503	2504	2505	2506	2507	2508	2509	4599	4600	9336
2510	2511	2512	4601	4602	5201	5434	6318	9171	9264
2513	4603	5758	5962	7932
4604	5332	6429	7822	8734	9471
2514	2515	2516	7116	7188	7830	7949	8610	9395
5275	5430	5904	6043	6641	6787	7413	7995	8730	9515
2517	2518	2519	2520	4605	4606	5328	5612	6747	7821	8243	9389	9933
2521	2522	2523	2524	5654
2525	2526	2527	5602	6057	6473	6602	7436
2528	2529	2530	2531	2532	2533	2534	2535	2536	2537	2538	2539	2540	2541	2542	2543	2544	4607	4608	6189	7054	8283
2545	2546	2547	2548	4609	4610	5232	5417	5553	6427	6985	8242
6486	6521	7808	8647
2549	6568	7159
2550	2551	2552	2553	2554	2555	2556	2557	4611	4612	8391	8929	9320
5948	6533	7040	9398
2558	2559	2560	5466	6211	9730	9780
2561	2562	2563	2564	4613	4614	5187	5743	6856	6994	7467	8608	9466	9786
2565	2566	2567	2568	2569	2570	2571	2572	2573	2574	2575	2576	4615	4616	5180	5444	5898	7928	8678	9858
6387	6729	7320	9313
2577	2578	2579	2580	2581	2582	2583	2584	2585	4617	8413	9340	9412
2586	2587	2588	2589	2590	2591	2592	2593	2594	2595	2596	2597	2598	2599	2600	2601	2602	2603	2604	2605	2606	2607	2608	2609	4618	4619	4620	4621	4622	4623	4624	4625	4626	4627	4628	4629	4630	4631	6828	8584	9954
2610	2611	4632	5726	6896	7263	7537	8205
5681	5940	7211	8245	9258
7939	9470
2612	2613	6386	7804	7948	7988	8470	9115	9865
4633	8259	9652
4634	6564	7814	7899	9534
2614	9133	9477	9563
2615	4635	4636	6763	8522
2616	8958
5163	6554	7341	7817	8334	8774	9061	9646
5684	6745	6956	7222	8344	8653	8716	8889	9882
2617	6796	7285	8665	9021
2618	2619	2620	2621	2622	2623	2624	2625	4637	4638	5265	5376	5918	7260	7441	9148
2626	2627	2628	5717	8110
5652	5907	6401	8622	8693
4639	5243	5396	6179	7047
2629	6168	6881	7703
2630	6514	6900	7324	7339	8337	8718	9139
2631	2632	2633	2634	2635	2636	2637	2638	2639	2640	2641	2642	2643	2644	2645	2646	2647	2648	2649	2650	2651	2652	2653	2654	2655	2656	2657	4640	4641	4642	4643	4644	6885	6989	8098	9498
2658	2659	2660	2661	2662	2663	2664	2665	2666	2667	2668	2669	2670	4645	4646	4647	6285	6467	9989
6134	8025	8590	8592	8613	9106	9426
2671	2672	2673	4648	4649	4650	5492	5908	6116	7858
5198	5584	6054	7275	7701	8401	9684
2674	2675	2676	2677	5976	6309	8515	9645
6569	6838	6917	7173	8738	9586
2678	2679	2680	2681	2682	2683	2684	2685	2686	2687	2688	4651	4652	4653	4654	4655	4656	6159	6409	6482	8151
6790	7164	7795	8267	8871	9226	9386	9824	9867
2689	2690	4657	4658	8038	8041	8096	8452	8663	9341
2691	2692	2693	2694	7076	9969
6222	8035	8126	9909
2695	4659	7268	9740
2696	2697	6067	6629	7861	8278	8404	8411	8429
2698	6646	7850	7860	9441	9546
2699	5740	6413	6577	7912	8846	9585
2700	2701	2702	2703	4660	5101	6109	6580	7425	7430	9230
2704	2705	2706	2707	2708	5226	5707	6242
2709	2710	6537	6839	7847	8637	9339
2711	2712	5618	7195	8192	9632
6788	7782	8412	9052
2713	2714	2715	2716	2717	2718	2719	2720	2721	2722	2723	2724	2725	2726	2727	2728	4661	4662	5789	5790	6779	6823	7892	9373	9871
2729	2730	5547	6026	6296	6417	6627	7428	8597
2731	2732	2733	5037	6423	6588	6753	7155	9492
2734	7523	8407	9788
2735	2736	5975	6061	8408	9294
2737	2738	2739	2740	2741	4663	4664	4665	4666	4667	5359	6291	7770	8070	8818	9157
2742	2743	2744	2745	2746	2747	2748	2749	2750	2751	2752	7466	7589	8002	9051	9918
2753	5769	6663	8094
2754	5337	8011
2755	2756	5482	7315	8942	8965	9198	9801	9803
2757	2758	4668	6162	7694	9872
5920	9437	9965
2759	2760	2761	2762	2763	2764	4669	4670	8877	9548	9654
2765	8298	9952
5324	5421	7225	9501	9903
5134	7161	8520	8635	8703	9037
2766	4671	4672	6535	7338
5006	6245	6357	6825	7529	7602	9951
2767	4673	5728	7778	9289
2768	2769	4674	7551	9222	9399
2770	5017	5609	7714	9307	9892
2771	2772	2773	2774	2775	2776	2777	2778	2779	5525	7045	8534
2780	2781	6030	6175	6958	9219
2782	2783	2784	4675	4676	5423	7595	8384	8441	9119	9485
5033	5189	8358	9277
2785	2786	2787	2788	2789	2790	2791	2792	2793	2794	2795	2796	4677	4678	4679	5388	5446	5511	6615	8202	8680	8727	8728	9049
2797	2798	2799	2800	2801	2802	2803	4680	5799	6791	8808	8820
2804	2805	2806	2807	2808	2809	2810	2811	2812	6590	8350	8578	8643
2813	2814	2815	2816	2817	2818	2819	2820	2821	2822	2823	2824	2825	2826	2827	2828	2829	2830	2831	2832	2833	2834	2835	4681	4682	4683	4684	4685	4686	8406	8436
2836	2837	4687	4688	5536	6185	6380	7495
4689	7065	9344
5277	5605	7026	7202	7756	8798
2838	2839	2840	4690	6055	6200	8696
2841	5691	6504	6690	6923	9405	9978
4691	5899	6216	6625	7477	7708	9223	9677
2842	2843	4692	5072	5730	6749	7719	8419	8783	8794	8997	9936
2844	5237	5350	5521	5748	6184	6529	6597	7929	8170	9866
6532	8095	8985	9837
5574	6415	6616	7082	7482	8784	8952	9791
6088	8135	8160	9121
5026	5045	9508
2845	2846	2847	2848	2849	5362	6143	6468	6479	8307
6243	6982	9176	9579
4693	7439	9174	9251	9296	9783
2850	2851	2852	2853	2854	2855	2856	2857	2858	2859	2860	2861	2862	5569	7953	8365	9844
2863	2864	2865	2866	2867	2868	4694	6217	7233	8713
2869	5097	5207	5459	6201	6268	6517	7986	8225	8456	8762
7900	8210	8224	8648	9414
2870	2871	2872	2873	4695	8862
2874	2875	2876	2877	2878	2879	2880	5401	6456	9012	9180
2881	2882	2883	2884	2885	2886	4696	4697	4698	4699	6241	6347	6440	9117
2887	2888	2889	2890	2891	2892	2893	2894	2895	4700	5048	5245	8080	8963	9589
2896	5360	5690	9988
2897	2898	2899	2900	2901	2902	2903	2904	2905	2906	2907	2908	2909	2910	4701	4702	4703	5248	5994	7276
2911	2912	2913	6799	7236	8526
2914	5022	5050	5431	5440	6780	8673	9522
2915	2916	2917	4704	9044
2918	2919	2920	2921	2922	7846	8702
4705	6343	6466	6887	7371	9266
2923	2924	2925	2926	2927	2928	2929	2930	2931	5161	5325	5488	7327	9861
2932	2933	2934	2935	2936	2937	2938	2939	2940	2941	2942	2943	2944	4706	4707	4708	4709	6059	6741	8731	9448
2945	2946	2947	5367	5965	6880	7621	7938	9167
2948	6084	6259	6315	7015	7204	7411	8599
6152	8090	8826	8907
2949	2950	2951	5594	5722	5914	6086	7333	7634	8063	9023	9450	9463
2952	2953	2954	4710	4711	6076	6864	6936	7801	8381	8495	8682
6684	7070	7758	8183	9947
5036	6459	7706	8050	8494
4712	5545	6344	6418	7215	7380
2955	6821	6930	8270	9090	9224
2956	2957	4713	6337	9605	9687
2958	4714	5270	6922	7696	8403	8679	9334	9615	9649
5733	6558	7923	8378	9107
2959	2960	2961	4715	5003	6302	7478	7531
2962	2963	2964	2965	2966	2967	2968	2969	2970	4716	5502	6016	6817	7737	7964	8164	8458	9063	9283	9314	9962
2971	2972	2973	2974	2975	2976	2977	2978	4717	4718	5674	7298	9598
2979	4719	5266	6431	9438	9864	9981
2980	6782	8199	8987
2981	2982	2983	2984	4720	5645	6397	7920	9127	9368	9445	9986
6830	7760	8560	9799
2985	7057	7086	7372	8373	8444	8866
2986	4721	5186	5320	5538	6843	7264	7511	8661	9622
2987	4722	4723
2988	2989	7295	7788
2990	2991	2992	2993	2994	2995	2996	4724	4725	4726	5315	6111	6640	7803	8294	9674	9878
2997	2998	4727	4728	5529	5788	6932	7754	9689
2999	3000	3001	6146	6356	6410	6657	7090	7135	7650	7692	9382	9822
3002	4729	8892
5182	5590	8722	9269
3003	3004	3005	3006	3007	3008	3009	3010	3011	4730	4731	4732	5744	8548	8675	9789
3012	7132	8144	8979
3013	4733	4734	6992	7290
3014	3015	5659	6138	7422	7963	8745
3016	4735	6207	6332	8813	9847
3017	3018	3019	3020	3021	3022	3023	3024	4736	4737	4738	5338	6388	6863	8981
3025	3026	3027	5866	5981	6612	9669	9718	9939
3028	3029	3030	3031	3032	3033	3034	3035	3036	3037	3038	3039	3040	3041	3042	4739	4740	4741	5701	6169	6783	7449	8351	9136
3043	4742
3044	3045	3046	5098	5361	5822	7675	8552	9354
3047	3048	3049	3050	3051	3052	3053	3054	3055	4743	4744	4745	5953	8100	8642	8843	9040
3056	3057	3058	3059	3060	3061	3062	3063	5106	6446	7053	7982	8238	9396
3064	6013	7234	7313	8880
3065	3066	3067	3068	4746	4747	5334	5710	6275	6847	8368	9462
3069	3070	3071	4748	4749	9068
3072	3073	3074	3075	3076	4750	5689	5761	5944	6094	7050	7922	9165
3077	4751	5181	6202	9255
3078	3079	3080	3081	3082	3083	3084	3085	3086	3087	4752	4753	6981	7272	9995
3088	3089	3090	3091	9440
3092	3093	3094	4754	4755	5551	6544	7251	7479	9137
3095	3096	3097	3098	7379	9934
3099	3100	3101	3102	3103	3104	3105	4756	4757	5159	5891	7593	9716
3106	3107	3108	3109	3110	3111	3112	3113	3114	3115	3116	4758	4759	4760	4761	7394	7572	7676	7944	8841	9014	9181
3117	5548	6594	8353	9220
3118	3119	3120	3121	3122	3123	3124	3125	3126	3127	3128	5141	5406	6123	6831	9187	9489
3129	3130	3131	3132	4762	5655	5673	6699	8677	9085	9371
3133	3134	3135	3136	3137	3138	3139	3140	3141	3142	3143	3144	3145	3146	3147	4763	4764	5352	5490	7009	9076	9234
3148	5451	6683	8905	9957
3149	3150	3151	3152	3153	4765	4766	5999	6178	7302	8057	8232
3154	3155	3156	3157	5271	5647	6742	7955	7999	8947	9015
3158	6373	6952	8158	9160	9760	9891
3159	6611	6686	7238
3160	3161	3162	3163	3164	3165	3166	3167	3168	3169	3170	3171	4767	4768	4769	4770	6190	6852	7104	7599	7755	8585
3172	6385	6692	6918	9543
5145	5264	5613	6921
3173	4771	5125	6157	9184
3174	3175	3176	3177	4772	5244	5405	6273	6842	8430
5693	7244	7421	8175	9970
3178	3179	3180	3181	3182	3183	4773	4774	4775	4776	6297	6636	8052	8595
3184	3185	3186	5571	5973	6218	6405	9154	9991
3187	3188	3189	5849	6395	7606	7893	8431	8672	9087
4777	5800	5847	5897	6967	7494	8432	9173
3190	3191	3192	3193	3194	3195	3196	3197	3198	3199	3200	3201	3202	3203	3204	3205	3206	3207	3208	3209	3210	3211	3212	3213	3214	3215	3216	3217	3218	3219	3220	3221	3222	3223	3224	3225	3226	3227	3228	3229	4778	4779	4780	4781	4782	4783	6803	7725	7825	7951	8049	9655
3230	3231	3232	4784	6617	6670	6858	7029	7316	8466	9765
3233	5771	6334	6536	6818	6877	6974	8022	9346	9681
3234	3235	3236	3237	4785	5810	6272	6346	8246	9973
3238	3239	4786	5443	6173	7055	7207	8165	8626	9141	9758
5816	6571	8559	8767
4787	6393	8524	9017	9609	9980
3240	4788	7668	8957	9916
3241	3242	4789	5881	6972	7201	7845	7925	8271	9881
3243	3244	4790	5463	6483	7064	8293
3245	3246	5438	5585	6827	7452	8739
3247	3248	3249	3250	3251	3252	3253	3254	3255	3256	3257	3258	3259	3260	3261	3262	3263	3264	3265	3266	3267	3268	3269	3270	3271	3272	3273	3274	3275	3276	3277	3278	3279	3280	3281	3282	3283	3284	3285	3286	3287	3288	3289	3290	3291	3292	4791	4792	4793	4794	4795	4796	4797	4798	4799	4800	4801	4802	5246	5755	6704	7289	7693	8054	9595
3293	3294	7679	7738	8301	8523
3295	5997	8339	8382	8776	9511
3296	3297	6017	6215	6709	6906	7915	8690
7503	7700	7728
3298	3299	3300	3301	3302	3303	4803	4804
3304	3305	3306	3307	3308	3309	3310	3311	5619	7033
3312	4805	4806	4807	6293	7147
4808	6465	6476	6696	9852
3313	3314	3315	9724
3316	3317	3318	3319	4809	6425	6997
4810	5830	6598	7991
5124	5437	5497	9065
3320	3321	5234	5383	6212	7614	9565
3322	3323	3324	3325	4811	6538	6998	7003	7328	9662	9948
3326	4812	5448	5952	8111	8555	8780
3327	6748	7499	8207	8300
3328	3329	4813	5157	5686	6002	6020	6314
3330	5067	5695	6308	7296	9671
3331	3332	3333	3334	4814	5103	5457	5995	6270	7128	7288	8304
3335	3336	3337	3338	4815	4816	4817	4818	4819	5915	6294	7396	8162
3339	3340	3341	3342	3343	3344	3345	3346	3347	3348	3349	3350	3351	3352	3353	3354	3355	3356	3357	3358	3359	3360	4820	4821	4822	4823	9182	9500	9514	9908
3361	6865	7734	9064	9415
7689	8759
3362	5287	6965	8285	9985
3363	3364	3365	3366	3367	3368	3369	3370	4824	5191	6678	8645	9210
3371	3372	3373	3374	3375	3376	3377	3378	4825	4826	6530	6928	7044	7354	7870
3379	3380	3381	3382	5543	5960	7383
3383	6733	6860	7089	7156	7404	7866	9372
3384	3385	4827	5542	5941	6306	6632	7154	8685	9066	9682
3386	4828	5038	6047	6561	9238	9519
3387	3388	4829	8075	9592
6154	6228	7471	8328	9597
3389	3390	3391	3392	3393	3394	4830	4831	4832	6593	7093
5439	6516	6871	7083
5289	5455	6271	7426	7853	8896	8899	9150
3395	5549	5848	8217	8341	8448	8612
3396	5154	5371	6081	6144	6727	7868	9156
5787	6012	8628
3397	3398	3399	5742	5750	8189	8891
3400	3401	4833	4834	5802	8658	9898
3402	3403	3404	8106	8822	8971	9491
3405	3406	4835	4836	5560	6301	7446	8134	8662	8697	9013
3407	3408	6422	8514	8756	9400
3409	3410	3411	3412	3413	4837	4838	5169	5783	6430	6912	7566	8311	8453	9832
3414	6890	8115	9364	9942
3415	3416	3417	3418	3419	3420	3421	3422	3423	3424	6295	7556	7831	7975	9897
3425	3426	3427	3428	3429	3430	3431	3432	3433	3434	3435	3436	3437	4839	4840	7661	8156	9053
3438	3439	3440	3441	3442	3443	3444	4841	6565	8720
3445	3446	3447	3448	4842	5220	6566	8091	8349	8367	8741
3449	3450	3451	6027	7309	7565	7686	8028	8536	9545
3452	3453	3454	3455	3456	3457	4843	5989	8013	8145	8527	8835	9059
6037	7019
3458	3459	3460	3461	3462	3463	4844	4845	5853	7367	7840
3464	3465	3466	3467	3468	3469	3470	3471	3472	4846	5835	9873
3473	3474	4847	5768	6947	7903	8262	8565	9474	9905
3475	3476	6829	8017
3477	3478	3479	3480	3481	3482	3483	3484	3485	4848	6807	8865	9243
3486	3487	3488	3489	3490	3491	3492	3493	4849	4850	6769	7069	9007	9795
3494	4851	4852	5155	7361	8504	9071
5658	7544	8252	8277	9155	9719
3495	3496	3497	3498	3499	5628	5858	7865	9444	9527	9829
3500	4853	6909	8292	8409	8465	9479	9691
3501	5631	7220	8819	9756
3502	3503	5656	6600	6673
3504	3505	3506	4854	6339	7389	7514	9584
3507	3508	3509	3510	3511	3512	4855	5517	6298	7736	7757	8593	9041	9940
3513	3514	3515	3516	3517	3518	3519	3520	4856	5174	7502	7669	8556	9000
3521	3522	3523	4857	5091	5808	6095	7059	8372	8542	8715	8742	9116	9349
3524	3525	3526	3527	5672	6382	9353
3528	4858	6667	7163	7978	9573
3529	4859	6351	7731	8213	8930
5507	6090	6104	7129	7783	9675	9775
5435	5803	5838	6031	6288	6920	8034	8508	9992
6071	6480	8303	8316	9739	9941
6274	7010	7981	8048	8535	9478
3530	3531	3532	5711	5827	6814	9388
5845	8577
3533	3534	5168	6426	6776	8198	8433	9199
3535	3536	3537	3538	3539	4860	4861	4862	5550	6562	6902	6971	7541	9084
5121	8667
3540	3541	3542	3543	3544	3545	3546	3547	3548	3549	3550	3551	3552	3553	3554	3555	4863	4864	4865	4866	7096	7887	8004	9998
3556	3557	3558	3559	5934	6240	6631
3560	5331	5696	7772	7792	9404	9499
3561	3562	4867	4868	4869	4870	4871	4872	6024	6581	8953	9429
3563	3564	3565	4873	7765	8471	8681	9544
3566	3567	3568	3569	3570	4874	4875	5993	6102
3571	3572	7931	9807
5871	6142	8182	8960	9183	9700
3573	3574	3575	4876	5531	8359
3576	3577	3578	3579	3580	3581	4877	4878	5336	5481	6284	6614	8489
3582	3583	3584	4879	4880	5075	7420	7464	9576	9937
3585	3586	3587	3588	3589	3590	3591	3592	3593	4881	4882	6768	7837	8550	9274
3594	5390	7977	8129	9631
3595	3596	4883	5213	7210	7390	7777	8356	8951
5474	8505	8748
6481	7110	9001
6800	7278	7543	9767
5523	5683	6255	6619	8297	8625	9653
5090	5826	8137	9726	9814
3597	3598	3599	3600	4884	5727	5836	6156	6433	8486
4885	6730	7043	7186	7282
5676	6526	7398	7496	9126
3601	3602	4886	5140	5527	7092	7350	7947	9876
3603	3604	4887	5333	6049	6435	6849	7145	9050	9146
3605	3606	7645	8472	8519
3607	3608	3609	3610	3611	4888	4889	4890	5737	6075	6695	7561	7578	8131	9764
3612	3613	3614	3615	3616	3617	4891	4892	6079	6497	8457	9200
5418	5665	6035	6126	7662	8123	8760	9002	9906
5040	5064	6883	7746	7811	9768
3618	5254	6798
5627	6093	6513	9883
3619	3620	3621	3622	3623	3624	3625	3626	3627	3628	3629	3630	3631	3632	3633	6014	7374	8415	8575	8791	8950
3634	6199	8325	8498	9806
3635	3636	4893	6366	6718	9101	9215	9553
3637	3638	3639	3640	3641	3642	3643	3644	5905	6464	9959
3645	3646	3647	3648	4894	5588	5661	6263	7208	7254	8078	8617	8689	9069
3649	3650	3651	5870	7882
3652	3653	5323	9815	9887
6007	6503
3654	3655	4895	8039	8355	8568	9397
5165	5210	5541	6327	9406	9688
3656	3657	3658	3659	3660	3661	3662	4896	4897	6487	7741	9647
4898	7567
3663	3664	3665	3666	5172	6955	7472	7820	8161	8904	9813
3667	4899	5954	6750	6773	7279	8149	9295
5192	5413	5694	7434	7824	8655	9322
6282	7721	8396	8485	8786
6188	8331
7265	8397	8545	9972
4900	5862	7546	8366	9381
3668	3669	3670	3671	4901	4902	5179	5441	8434	9540
3672	3673	3674	5255	5321	5468	8616
3675	3676	4903	5370	5404	7203	8275	9738	9925
3677	3678	3679	3680	5846	5924	7068	8753
3681	5223	5877	7014	7248	7435	8861
3682	3683	3684	3685	3686	5614
3687	3688	3689	3690	4904	4905	4906	6520	6551	7153	7775	7896	9660
5082	7369	7924	9830
3691	3692	3693	4907	4908	4909	8114	9587
6950	7342	8546	8757	9929
5865	5887	8201
3694	5060	5190	8000	8380	8564	8755	8775
3695	3696	3697	4910	4911	7818	9029	9535
3698	3699	4912	4913	7335	7483
3700	4914	4915	4916	4917	5844	5878	6470	7106
3701	3702	4918	5088	5929	7347	7560	7616	8537	8870
5533	5903	7501	9194
5832	7098	7790	8984	9856
5276	6450	6919	7062	7235	8418	8657	8789	9472	9640
3703	5196	7018	7793	7987	8459	9233	9639
3704	5678	9707
5469	7461
3705	3706	3707	3708	3709	3710	4919	4920	6195	6461	7013
3711	3712	3713	3714	3715	4921	4922	5063	5432	6623
3716	3717	3718	4923	7067	7707	7980	8260
3719	3720	3721	5610	6813	8838	9271
5132	8219	8641	8749
3722	3723	3724	3725	3726	3727	3728	3729	4924	4925	6434	6621	6746	7223	7674	8386
5409	7997	8435	9629	9833
3730	4926	5065	5256	6120	6794	7902
3731	3732	6822	7829	8009	9811
3733	3734	3735	3736	3737	3738	3739	3740	3741	3742	3743	3744	3745	3746	3747	3748	3749	3750	3751	3752	3753	3754	3755	3756	3757	3758	3759	3760	3761	3762	3763	3764	3765	3766	3767	3768	3769	3770	3771	3772	3773	3774	3775	3776	3777	3778	3779	3780	3781	3782	3783	3784	3785	3786	3787	3788	3789	3790	3791	3792	3793	3794	3795	3796	3797	3798	3799	3800	3801	3802	3803	3804	3805	3806	3807	4927	4928	4929	4930	4931	4932	4933	4934	4935	4936	4937	4938	4939	4940	4941	4942	4943	4944	4945	4946	4947	4948	4949	4950	4951	6108	6933	7318
3808	3809	4952	5087	5153	5651	5868	7875	9249
3810	3811	3812	3813	3814	3815	3816	3817	3818	3819	4953	6330	6495	6591	7021	7139	7603	8062
3820	3821	3822	3823	3824	3825	3826	3827	3828	3829	3830	4954	5530	7652	8195
3831	3832	3833	3834	4955	5229
3835	5128	6203	6679	6681	7617	8740	9966
5079	5535	7231
3836	3837	3838	3839	4956	4957	5078	8081
5306	6438	7030	8274	8967
3840	3841	3842	3843	4958	5309	6855	7488	8573	9290	9606
3844	3845	3846	3847	3848	4959	6676	8191	8342	8932
3849	3850	3851	3852	3853	3854	3855	3856	3857	3858	3859	3860	3861	3862	3863	3864	3865	3866	4960	4961	5863	6743	7269	9006	9590
3867	4962	4963	5433	5575	6914	7802	8233	8586
3868	3869	3870	3871	3872	3873	3874	4964	4965	6364	7612	8943	9513	9583
5029	7570	8735	9855
5738	8354	9110
3875	3876	3877	3878	3879	4966	4967	7101	8567	8900
3880	3881	3882	3883	3884	3885	3886	7470	8510
3887	3888	6545	6669	7697	9202
3889	3890	3891	3892	3893	3894	3895	3896	3897	4968	4969	5596	6648	8885
3898	4970	4971	5721	6158	7197	9403
6307	8362
3899	3900	3901	3902	3903	4972	6439	6485	6815	7580	8954
3904	3905	3906	3907	3908	3909	4973	6698	8104	8509
3910	3911	3912	3913	3914	4974	4975	4976	4977	4978	7799
3915	6135	6712	6925	9302
3916	3917	3918	4979	4980	5030
3919	8163	8795
3920	3921	3922	5763	9467	9581
5495	5643	6082	6172	7745	8235	9009
3923	3924	4981	7167	8168	8482	9186	9465
6252	6539	7520	7739	9686
3925	8594	8864	9757
3926	4982	5860	5901	7983
3927	3928	4983	5540	6186	7508	8340	9974
3929	5522	6180	6987	7391	7600	8499	8849
3930	3931	3932	5081	5166	7473	7506	7568
3933	5757	5968	5970	6091	7518	7666	7968
3934	3935	3936	3937	3938	3939	4984	8649	8901	9177	9343
3940	3941	3942	6694	6969	8640
3943	3944	3945	4985	4986	4987	4988	5120	5144	5642	6995	7985	8811	9902
5115	6724	7667	7794	8424	9670
3946	5274	8651	9793
3947	3948	3949	4989	7906
3950	3951	3952	4990	8066	8887	8924	9003	9316	9455
3953	3954	3955	3956	3957	3958	3959	3960	3961	3962	3963	4991	5004	5922	6774	6892	7592	7749	7784	8266	8758	9221
5762	6096	6398	7990	8023
5326	6048	6522	6934	9409	9944
6637	9392
3964	6460	6882	9601
3965	3966	3967	5407	6553	8320	9315	9896
3968	3969	3970	3971	3972	3973	3974	3975	3976	3977	3978	3979	3980	4992	4993	4994	4995	4996	5119	7454	7505
3981	5879	8488	9240
3982	3983	3984	3985	3986	3987	3988	3989	3990	3991	4997	4998	4999	6810
5485	5526	7087	7465	7663	9982
3992	5460	6895	9151	9178
3993	3994	3995	3996	3997	3998	3999	6367	6396	6511	6904
