0
1
2
3
4
7
8
9
10
11
14
15
18
19
20
21
22
24
25
26
27
28
29
32
35
36
38
39
40
42
44
45
46
47
48
49
50
51
52
54
55
56
58
60
61
63
65
66
67
69
70
71
72
73
75
76
77
78
80
81
82
83
84
85
86
87
88
89
91
92
93
94
95
98
100
101
102
103
105
106
107
110
111
113
114
115
116
117
118
119
120
121
123
124
125
127
128
130
131
132
133
134
135
136
138
139
140
141
142
143
144
145
146
147
150
151
152
153
154
155
157
159
160
162
163
164
165
166
167
168
169
170
171
172
173
174
175
177
178
179
180
181
182
183
184
185
187
188
189
191
192
193
194
195
196
197
198
199
200
202
203
204
206
207
208
210
211
213
214
215
216
217
218
221
222
224
226
227
228
229
232
233
234
236
237
238
239
240
241
242
244
245
246
247
248
249
250
252
253
254
255
256
257
258
261
262
264
265
267
268
269
270
271
273
274
277
278
280
282
283
284
286
287
288
290
291
293
294
295
297
298
299
300
301
302
303
304
305
306
307
308
309
310
311
312
313
314
315
318
320
321
322
323
324
325
326
328
329
330
331
333
334
335
336
337
338
339
340
341
342
344
345
346
347
348
349
350
352
354
355
356
357
360
361
362
363
364
366
367
368
369
371
373
374
375
376
377
378
381
383
384
385
386
387
388
389
390
391
392
393
395
396
397
398
399
400
401
402
403
404
405
406
407
408
410
411
412
413
414
416
417
418
419
422
423
425
426
427
428
429
430
431
432
433
434
435
436
437
438
439
440
442
446
447
448
449
450
451
453
454
455
456
457
458
459
460
461
462
464
465
466
468
470
471
472
474
476
477
479
480
481
482
484
485
486
487
489
490
493
494
495
496
497
498
502
503
504
505
506
507
508
509
511
512
513
514
515
517
519
522
523
525
526
527
528
529
530
531
532
533
534
535
536
537
539
541
542
543
544
546
549
550
552
554
555
556
557
558
559
560
561
562
563
564
565
566
567
568
569
571
573
574
576
577
578
579
581
582
583
584
585
586
587
588
589
591
592
593
594
595
597
598
599
601
604
605
606
607
608
609
610
611
613
614
615
616
617
618
619
620
621
622
623
624
625
626
629
630
631
632
633
634
635
636
637
640
641
643
644
645
646
647
648
650
651
652
654
655
656
657
658
659
660
661
662
663
665
666
668
669
670
671
672
673
674
675
679
680
681
682
683
684
685
686
687
688
689
691
692
693
694
695
696
697
698
699
700
701
703
704
705
706
707
709
710
711
712
713
714
715
717
718
719
722
723
724
725
726
727
728
729
730
731
733
736
737
738
740
742
743
744
745
746
748
749
751
752
753
754
755
756
757
758
760
761
762
763
765
766
767
768
769
771
772
773
774
775
776
777
778
779
780
781
782
784
785
786
787
788
789
790
791
792
793
794
795
796
797
798
799
800
801
802
803
804
805
806
807
808
809
810
811
812
813
814
815
816
817
818
819
820
821
823
824
826
827
828
829
830
832
833
834
835
836
837
840
841
842
843
844
845
846
847
848
849
850
851
853
854
855
856
857
859
860
861
863
864
865
866
867
869
870
871
872
873
874
875
876
878
879
880
881
883
884
885
886
887
888
889
891
892
893
894
895
896
897
898
899
900
901
902
903
906
908
909
910
911
912
913
914
916
917
918
919
921
922
923
925
926
928
929
930
931
933
934
935
936
937
938
940
941
942
945
946
947
948
950
951
952
953
954
955
958
959
962
963
965
967
968
969
970
971
974
977
978
979
980
982
983
985
988
989
990
991
992
993
994
995
996
997
998
1000
1001
1002
1003
1005
1006
1007
1008
1009
1011
1012
1013
1014
1015
1016
1018
1019
1020
1022
1023
1025
1027
1028
1029
1030
1031
1032
1033
1034
1035
1036
1037
1038
1041
1042
1043
1044
1045
1046
1047
1048
1049
1051
1052
1053
1054
1055
1056
1057
1058
1059
1060
1061
1064
1066
1067
1068
1069
1070
1071
1072
1074
1075
1076
1077
1078
1079
1081
1082
1083
1084
1085
1086
1088
1089
1090
1091
1092
1093
1094
1095
1096
1097
1098
1099
1100
1101
1103
1105
1108
1109
1111
1112
1115
1117
1118
1119
1120
1121
1124
1125
1126
1127
1128
1129
1130
1131
1132
1133
1134
1135
1136
1137
1138
1139
1140
1141
1143
1147
1148
1150
1151
1152
1153
1154
1155
1156
1157
1158
1159
1160
1162
1163
1164
1166
1167
1169
1170
1171
1173
1174
1175
1177
1178
1179
1180
1181
1183
1184
1187
1189
1190
1192
1193
1195
1196
1197
1198
1199
1200
1201
1203
1204
1205
1206
1207
1208
1210
1213
1214
1216
1217
1218
1220
1221
1223
1224
1225
1226
1227
1230
1231
1232
1233
1234
1236
1238
1240
1241
1242
1243
1245
1246
1247
1248
1249
1250
1251
1252
1253
1254
1256
1257
1258
1259
1262
1263
1264
1265
1267
1268
1269
1270
1271
1272
1273
1274
1275
1277
1278
1279
1280
1281
1282
1283
1284
1286
1287
1288
1289
1290
1291
1292
1293
1294
1295
1296
1297
1298
1299
1301
1302
1303
1304
1305
1306
1307
1308
1309
1310
1311
1312
1313
1314
1315
1317
1318
1319
1322
1323
1324
1326
1327
1328
1329
1330
1331
1332
1334
1335
1336
1338
1339
1340
1341
1342
1343
1344
1345
1347
1348
1349
1350
1351
1352
1354
1355
1357
1360
1362
1363
1364
1365
1366
1367
1368
1370
1371
1375
1376
1377
1378
1380
1381
1382
1383
1384
1385
1386
1387
1389
1390
1391
1393
1395
1396
1398
1399
1401
1402
1404
1405
1406
1407
1408
1409
1410
1412
1413
1414
1416
1417
1418
1420
1421
1422
1424
1426
1429
1430
1431
1433
1434
1435
1437
1438
1439
1442
1443
1445
1446
1447
1448
1450
1451
1452
1453
1455
1456
1458
1462
1463
1465
1468
1469
1470
1473
1474
1475
1476
1479
1480
1481
1482
1483
1485
1487
1488
1489
1490
1491
1492
1493
1494
1495
1497
1498
1499
1500
1501
1502
1503
1504
1505
1507
1508
1510
1511
1512
1514
1515
1516
1517
1518
1520
1521
1522
1523
1524
1526
1529
1531
1532
1533
1535
1537
1538
1539
1542
1543
1544
1545
1547
1548
1550
1551
1552
1553
1554
1555
1556
1557
1558
1559
1560
1562
1563
1564
1566
1567
1568
1569
1570
1573
1576
1577
1578
1579
1581
1582
1583
1584
1585
1586
1587
1589
1590
1591
1592
1593
1595
1596
1597
1598
1601
1602
1604
1605
1606
1607
1608
1609
1610
1611
1612
1613
1614
1615
1616
1617
1618
1619
1620
1621
1622
1625
1627
1628
1632
1633
1634
1635
1638
1639
1640
1642
1643
1644
1645
1646
1647
1648
1649
1650
1652
1653
1654
1655
1657
1658
1659
1660
1662
1663
1664
1665
1666
1667
1668
1669
1670
1671
1672
1673
1674
1675
1676
1677
1678
1679
1680
1682
1683
1684
1685
1686
1687
1689
1690
1691
1692
1693
1694
1696
1697
1698
1699
1700
1701
1702
1703
1704
1705
1707
1708
1709
1710
1711
1712
1714
1715
1716
1717
1719
1720
1721
1722
1723
1725
1726
1727
1728
1729
1731
1732
1733
1736
1737
1738
1740
1741
1742
1743
1745
1746
1747
1748
1750
1751
1752
1754
1755
1758
1760
1761
1762
1763
1764
1765
1766
1767
1768
1769
1770
1771
1772
1773
1775
1776
1777
1781
1783
1785
1786
1787
1789
1791
1792
1793
1794
1795
1796
1798
1799
1800
1801
1803
1805
1806
1807
1808
1810
1811
1812
1813
1815
1817
1818
1819
1820
1822
1823
1824
1825
1826
1827
1828
1829
1830
1831
1833
1834
1835
1836
1838
1839
1840
1841
1842
1843
1844
1846
1847
1848
1850
1852
1853
1854
1855
1856
1857
1858
1859
1860
1862
1865
1866
1867
1868
1869
1870
1873
1874
1876
1879
1881
1883
1886
1887
1888
1889
1891
1894
1895
1897
1898
1900
1904
1905
1906
1909
1910
1912
1913
1914
1915
1916
1917
1918
1919
1920
1921
1922
1924
1925
1926
1927
1928
1929
1931
1932
1934
1935
1937
1939
1940
1941
1942
1944
1945
1946
1947
1948
1950
1951
1952
1953
1955
1956
1958
1959
1960
1961
1962
1963
1965
1966
1967
1968
1969
1970
1973
1974
1975
1976
1977
1978
1980
1981
1982
1983
1984
1985
1986
1987
1988
1989
1990
1991
1992
1993
1996
1997
1998
1999
2000
2001
2002
2003
2004
2006
2007
2008
2009
2012
2013
2014
2016
2017
2018
2020
2022
2023
2024
2025
2026
2027
2028
2029
2030
2032
2033
2034
2035
2036
2037
2038
2039
2040
2041
2042
2043
2044
2045
2046
2047
2049
2050
2051
2053
2054
2055
2056
2057
2058
2059
2060
2061
2062
2064
2065
2066
2067
2068
2069
2072
2073
2074
2075
2076
2077
2078
2079
2080
2082
2083
2084
2085
2086
2087
2089
2092
2094
2095
2096
2097
2098
2099
2100
2101
2102
2103
2104
2106
2107
2109
2110
2111
2112
2114
2115
2116
2117
2118
2119
2121
2122
2123
2125
2126
2127
2128
2129
2130
2131
2132
2133
2134
2135
2136
2137
2138
2139
2140
2141
2142
2143
2144
2145
2146
2148
2149
2150
2151
2153
2155
2156
2157
2158
2159
2161
2162
2163
2164
2165
2166
2167
2168
2170
2171
2172
2173
2174
2175
2176
2177
2178
2179
2180
2181
2182
2184
2185
2186
2187
2189
2191
2192
2194
2195
2196
2198
2199
2200
2202
2204
2205
2206
2207
2208
2211
2213
2214
2216
2217
2218
2219
2222
2223
2224
2225
2226
2227
2228
2229
2230
2231
2232
2233
2234
2235
2236
2237
2239
2240
2241
2242
2244
2245
2246
2247
2251
2253
2255
2256
2257
2258
2259
2260
2261
2262
2263
2264
2266
2267
2268
2269
2271
2272
2273
2274
2275
2276
2277
2278
2279
2280
2281
2282
2284
2285
2286
2287
2288
2289
2290
2291
2292
2294
2295
2296
2297
2299
2300
2301
2302
2303
2304
2305
2306
2307
2308
2309
2310
2311
2313
2314
2315
2316
2317
2318
2319
2320
2321
2323
2324
2325
2326
2327
2328
2329
2330
2331
2332
2333
2335
2336
2338
2339
2341
2342
2344
2345
2346
2348
2349
2350
2351
2352
2353
2355
2358
2359
2360
2361
2362
2363
2365
2367
2368
2369
2370
2371
2372
2373
2374
2375
2376
2378
2380
2381
2382
2383
2384
2386
2387
2388
2391
2392
2393
2395
2396
2398
2399
2400
2401
2402
2403
2404
2405
2406
2407
2409
2410
2411
2412
2413
2414
2415
2416
2417
2418
2419
2420
2421
2422
2423
2425
2426
2427
2428
2429
2430
2431
2432
2433
2435
2436
2437
2438
2439
2441
2442
2443
2444
2445
2447
2448
2449
2450
2451
2452
2454
2455
2456
2459
2460
2461
2462
2464
2465
2466
2468
2469
2471
2472
2473
2474
2475
2476
2478
2479
2480
2481
2482
2483
2485
2486
2487
2488
2489
2491
2492
2493
2494
2495
2496
2497
2498
2499
2500
2501
2503
2504
2505
2506
2507
2509
2510
2511
2512
2513
2514
2516
2517
2518
2519
2520
2522
2523
2524
2526
2527
2528
2529
2530
2531
2532
2533
2534
2535
2536
2537
2538
2540
2541
2542
2543
2545
2546
2549
2550
2551
2552
2553
2554
2555
2556
2558
2559
2560
2561
2562
2564
2565
2566
2567
2568
2570
2571
2572
2573
2574
2577
2578
2582
2583
2584
2585
2586
2587
2588
2589
2591
2592
2593
2594
2595
2596
2597
2598
2599
2600
2601
2602
2603
2605
2607
2608
2609
2610
2611
2612
2613
2614
2615
2618
2620
2621
2622
2624
2625
2626
2628
2629
2631
2632
2633
2634
2635
2636
2637
2639
2641
2644
2645
2646
2648
2649
2651
2652
2653
2654
2655
2656
2657
2658
2659
2660
2661
2663
2664
2665
2667
2668
2669
2671
2672
2673
2674
2675
2676
2677
2679
2680
2681
2682
2683
2684
2686
2687
2688
2689
2690
2691
2692
2693
2694
2695
2696
2697
2698
2699
2701
2703
2704
2705
2706
2707
2709
2710
2711
2712
2713
2714
2715
2716
2717
2718
2719
2721
2722
2725
2726
2728
2729
2730
2731
2732
2733
2734
2735
2736
2737
2738
2739
2740
2742
2743
2745
2746
2747
2748
2749
2750
2751
2752
2753
2754
2755
2757
2758
2759
2760
2761
2762
2763
2764
2765
2766
2768
2769
2770
2771
2773
2774
2776
2777
2778
2779
2780
2781
2782
2783
2784
2786
2787
2788
2789
2791
2794
2795
2796
2797
2798
2799
2800
2801
2802
2803
2804
2805
2806
2807
2808
2809
2810
2811
2812
2814
2815
2817
2818
2819
2820
2821
2822
2824
2826
2827
2828
2829
2831
2832
2833
2834
2835
2836
2837
2838
2840
2841
2842
2843
2844
2847
2848
2849
2850
2851
2852
2856
2857
2859
2860
2861
2863
2865
2866
2869
2870
2872
2873
2874
2875
2876
2877
2878
2881
2882
2883
2884
2885
2887
2888
2889
2890
2891
2892
2893
2894
2895
2897
2898
2899
2900
2901
2902
2903
2904
2905
2906
2907
2908
2910
2911
2912
2913
2914
2915
2916
2917
2918
2919
2920
2921
2922
2923
2924
2925
2926
2927
2928
2929
2930
2931
2932
2934
2935
2936
2937
2938
2939
2941
2942
2943
2945
2946
2947
2948
2949
2954
2955
2957
2958
2959
2960
2961
2962
2963
2964
2965
2966
2967
2968
2970
2971
2972
2973
2974
2975
2977
2978
2979
2980
2981
2982
2984
2985
2986
2987
2989
2990
2991
2992
2993
2994
2995
2997
2998
2999
3000
3001
3003
3004
3005
3006
3007
3008
3009
3010
3011
3012
3013
3014
3015
3017
3018
3019
3020
3021
3022
3023
3024
3025
3026
3027
3028
3030
3031
3032
3033
3035
3036
3037
3038
3039
3041
3043
3044
3045
3046
3047
3048
3049
3050
3051
3052
3054
3055
3060
3061
3062
3063
3064
3065
3067
3069
3070
3071
3072
3073
3074
3075
3076
3078
3079
3080
3081
3082
3083
3084
3085
3086
3087
3088
3089
3090
3091
3092
3093
3094
3096
3097
3098
3100
3101
3104
3105
3106
3109
3110
3111
3112
3113
3114
3115
3116
3117
3118
3119
3120
3121
3123
3124
3126
3127
3128
3129
3130
3131
3132
3133
3134
3135
3136
3139
3140
3141
3142
3143
3145
3146
3147
3148
3149
3150
3151
3155
3156
3157
3159
3163
3164
3165
3166
3167
3168
3169
3170
3171
3173
3174
3175
3176
3177
3178
3179
3180
3181
3182
3183
3184
3185
3186
3188
3189
3190
3191
3192
3193
3195
3196
3197
3198
3199
3200
3202
3205
3206
3207
3209
3210
3211
3212
3213
3214
3215
3217
3218
3220
3221
3222
3223
3224
3225
3226
3227
3228
3229
3230
3231
3232
3233
3234
3235
3237
3238
3239
3240
3241
3242
3243
3244
3245
3248
3250
3252
3253
3254
3255
3256
3257
3259
3260
3261
3262
3263
3264
3265
3266
3267
3268
3269
3270
3271
3272
3273
3274
3275
3276
3278
3279
3280
3282
3283
3286
3287
3288
3289
3290
3291
3292
3293
3294
3295
3297
3299
3301
3303
3304
3305
3306
3307
3308
3309
3311
3312
3313
3314
3315
3316
3317
3318
3320
3321
3323
3324
3325
3326
3329
3330
3332
3333
3335
3336
3337
3339
3340
3341
3342
3343
3345
3346
3347
3348
3351
3352
3353
3354
3355
3356
3357
3358
3359
3360
3361
3362
3363
3364
3365
3367
3368
3369
3370
3371
3373
3374
3375
3376
3378
3379
3380
3381
3382
3384
3385
3386
3387
3388
3389
3390
3391
3392
3393
3394
3395
3396
3397
3398
3399
3401
3403
3405
3406
3407
3408
3410
3411
3412
3413
3414
3416
3417
3418
3419
3420
3421
3422
3423
3424
3425
3426
3427
3428
3430
3431
3433
3434
3435
3436
3437
3439
3440
3441
3442
3444
3445
3446
3447
3448
3449
3450
3451
3452
3453
3454
3455
3456
3459
3460
3462
3463
3464
3465
3466
3468
3469
3471
3472
3475
3476
3477
3478
3480
3481
3482
3483
3484
3485
3486
3488
3489
3490
3492
3493
3494
3495
3496
3497
3498
3499
3500
3501
3502
3503
3504
3505
3506
3507
3508
3510
3511
3512
3513
3514
3515
3516
3518
3520
3521
3522
3523
3524
3525
3526
3527
3529
3531
3532
3533
3534
3535
3537
3538
3539
3540
3541
3544
3545
3546
3547
3548
3550
3551
3552
3553
3554
3555
3556
3557
3558
3559
3561
3562
3563
3564
3566
3567
3568
3569
3570
3571
3572
3573
3574
3575
3576
3577
3579
3580
3581
3582
3583
3584
3585
3586
3587
3589
3592
3593
3594
3595
3596
3598
3600
3601
3603
3604
3605
3606
3607
3608
3609
3610
3612
3613
3614
3615
3616
3617
3618
3620
3621
3623
3624
3625
3626
3627
3628
3629
3630
3631
3632
3633
3634
3635
3637
3638
3639
3640
3643
3644
3645
3646
3647
3650
3652
3653
3654
3656
3657
3658
3660
3661
3662
3663
3664
3665
3666
3667
3668
3669
3670
3671
3672
3673
3674
3675
3676
3677
3678
3679
3680
3682
3684
3686
3687
3688
3689
3690
3692
3693
3694
3695
3696
3697
3698
3699
3700
3701
3702
3703
3705
3706
3707
3708
3709
3710
3711
3712
3713
3714
3715
3716
3717
3719
3720
3721
3722
3723
3725
3726
3727
3730
3732
3733
3734
3735
3736
3737
3738
3739
3741
3742
3743
3744
3745
3746
3747
3748
3749
3750
3752
3753
3754
3755
3756
3758
3759
3760
3761
3762
3763
3764
3765
3766
3767
3769
3770
3771
3772
3773
3774
3775
3776
3777
3778
3779
3780
3781
3782
3783
3784
3785
3786
3787
3789
3790
3791
3792
3793
3794
3796
3798
3799
3801
3802
3803
3804
3806
3807
3808
3809
3810
3811
3813
3814
3815
3816
3818
3820
3821
3823
3824
3826
3827
3828
3830
3831
3832
3833
3834
3835
3836
3837
3838
3840
3841
3842
3843
3846
3847
3848
3849
3850
3853
3854
3855
3856
3858
3859
3860
3861
3862
3863
3864
3865
3866
3867
3868
3869
3871
3872
3873
3875
3877
3878
3879
3880
3882
3883
3884
3885
3886
3887
3888
3889
3890
3892
3893
3895
3897
3898
3899
3900
3901
3903
3904
3905
3906
3907
3908
3909
3910
3911
3912
3913
3914
3916
3918
3920
3921
3922
3923
3924
3925
3926
3927
3928
3929
3930
3931
3932
3933
3934
3935
3936
3938
3939
3940
3941
3942
3943
3944
3945
3946
3947
3949
3950
3951
3952
3954
3955
3957
3958
3959
3960
3961
3962
3966
3967
3969
3970
3971
3972
3973
3974
3975
3976
3978
3979
3981
3982
3983
3984
3986
3987
3988
3989
3992
3994
3995
3997
3998
3999
4000
4001
4002
4003
4004
4005
4007
4009
4010
4011
4013
4014
4015
4017
4018
4019
4021
4022
4023
4024
4025
4026
4027
4028
4029
4030
4031
4033
4034
4036
4039
4040
4041
4043
4044
4045
4046
4048
4049
4050
4051
4052
4053
4054
4055
4056
4057
4058
4060
4061
4062
4063
4064
4066
4067
4068
4069
4070
4073
4074
4075
4076
4077
4078
4079
4080
4081
4082
4083
4084
4085
4087
4088
4089
4091
4092
4093
4094
4095
4096
4097
4098
4099
4101
4103
4104
4105
4106
4107
4108
4110
4111
4112
4113
4115
4116
4117
4119
4120
4121
4124
4125
4127
4128
4130
4131
4132
4133
4134
4135
4136
4137
4138
4139
4140
4141
4142
4143
4144
4145
4146
4147
4150
4151
4153
4154
4155
4156
4157
4158
4160
4161
4162
4164
4165
4166
4167
4168
4170
4171
4172
4173
4174
4175
4176
4178
4179
4180
4181
4182
4183
4184
4185
4186
4187
4189
4190
4191
4192
4193
4194
4196
4197
4198
4199
4200
4203
4204
4205
4207
4208
4210
4212
4213
4214
4216
4218
4219
4220
4221
4222
4223
4224
4225
4226
4227
4228
4229
4230
4231
4232
4233
4234
4237
4238
4239
4240
4242
4245
4246
4247
4248
4249
4251
4252
4253
4254
4255
4256
4257
4258
4260
4261
4262
4263
4264
4265
4266
4267
4269
4270
4272
4273
4274
4275
4276
4277
4278
4279
4280
4281
4282
4283
4284
4285
4286
4287
4288
4289
4290
4291
4293
4295
4296
4297
4298
4299
4300
4301
4303
4304
4305
4306
4308
4313
4314
4316
4318
4321
4322
4323
4326
4328
4330
4332
4333
4334
4335
4337
4338
4339
4340
4341
4342
4343
4344
4345
4346
4347
4349
4350
4351
4352
4353
4354
4355
4356
4357
4358
4359
4360
4361
4365
4366
4367
4368
4369
4370
4371
4372
4373
4374
4375
4377
4379
4380
4381
4382
4383
4384
4385
4386
4387
4388
4389
4390
4391
4392
4393
4396
4397
4398
4399
4400
4401
4402
4404
4405
4407
4409
4410
4411
4413
4414
4415
4416
4417
4418
4419
4420
4421
4422
4424
4425
4426
4427
4428
4430
4431
4433
4434
4435
4436
4437
4438
4441
4442
4444
4445
4446
4448
4449
4450
4451
4452
4453
4454
4456
4457
4458
4463
4465
4466
4467
4468
4469
4471
4472
4473
4475
4476
4477
4479
4480
4482
4483
4484
4487
4488
4489
4490
4491
4492
4493
4494
4496
4497
4499
4500
4502
4503
4504
4505
4506
4507
4508
4509
4510
4512
4515
4516
4518
4519
4520
4522
4523
4524
4525
4526
4527
4529
4531
4533
4534
4535
4536
4537
4538
4539
4541
4542
4543
4544
4545
4546
4547
4548
4549
4550
4551
4552
4553
4554
4555
4556
4557
4558
4560
4565
4566
4567
4569
4570
4571
4573
4574
4575
4576
4577
4578
4579
4580
4581
4582
4583
4585
4586
4589
4590
4591
4592
4593
4594
4595
4597
4598
4599
4600
4601
4602
4603
4604
4607
4609
4610
4611
4612
4613
4615
4617
4618
4619
4620
4622
4623
4624
4625
4627
4628
4629
4630
4631
4633
4634
4636
4637
4638
4639
4640
4641
4642
4643
4644
4647
4650
4652
4653
4654
4656
4658
4660
4661
4663
4664
4665
4666
4667
4670
4671
4672
4674
4676
4678
4679
4680
4681
4682
4683
4684
4685
4686
4688
4689
4690
4691
4692
4693
4694
4696
4697
4698
4699
4701
4703
4704
4706
4708
4710
4711
4712
4713
4714
4715
4716
4717
4719
4720
4722
4723
4724
4725
4726
4727
4728
4730
4732
4733
4735
4736
4737
4738
4739
4740
4741
4743
4744
4746
4747
4748
4749
4750
4751
4752
4756
4757
4758
4759
4760
4761
4762
4763
4764
4765
4766
4767
4768
4770
4773
4774
4775
4776
4778
4779
4781
4783
4786
4787
4788
4789
4791
4792
4793
4795
4796
4797
4799
4800
4802
4804
4807
4808
4809
4811
4812
4813
4815
4816
4817
4818
4819
4820
4823
4824
4825
4827
4828
4831
4832
4833
4834
4835
4836
4838
4841
4842
4843
4844
4845
4846
4847
4848
4849
4850
4851
4854
4855
4856
4857
4858
4859
4860
4861
4864
4865
4866
4867
4868
4869
4870
4872
4873
4874
4875
4876
4877
4878
4881
4882
4883
4886
4887
4888
4890
4891
4892
4893
4894
4896
4897
4898
4899
4900
4901
4902
4903
4906
4908
4909
4910
4911
4913
4914
4915
4916
4917
4918
4919
4920
4921
4923
4924
4925
4927
4928
4930
4931
4932
4934
4935
4936
4937
4938
4939
4940
4941
4942
4943
4944
4945
4947
4948
4949
4951
4952
4953
4954
4955
4956
4957
4959
4961
4963
4964
4965
4966
4967
4968
4969
4970
4971
4973
4974
4975
4978
4979
4980
4981
4982
4983
4984
4985
4986
4988
4989
4991
4992
4993
4994
4995
4996
4998
4999
5000
5001
5002
5004
5005
5006
5007
5008
5009
5010
5011
5012
5013
5014
5015
5018
5019
5021
5023
5024
5025
5027
5028
5029
5030
5031
5032
5033
5034
5035
5036
5038
5039
5040
5041
5042
5043
5044
5045
5047
5049
5051
5052
5053
5054
5057
5058
5059
5060
5062
5063
5064
5065
5066
5067
5069
5070
5071
5072
5073
5075
5076
5077
5078
5079
5080
5081
5083
5084
5085
5086
5087
5088
5089
5090
5091
5092
5094
5095
5097
5098
5099
5100
5101
5102
5103
5104
5105
5106
5110
5111
5112
5114
5115
5116
5117
5118
5119
5120
5121
5122
5123
5124
5125
5127
5130
5131
5135
5136
5137
5140
5142
5143
5144
5145
5146
5148
5149
5150
5151
5152
5153
5154
5156
5157
5158
5159
5160
5162
5164
5165
5166
5167
5168
5169
5170
5171
5172
5173
5174
5175
5176
5177
5178
5180
5182
5183
5184
5185
5187
5188
5189
5190
5193
5194
5195
5196
5197
5198
5199
5201
5202
5203
5204
5205
5206
5209
5210
5211
5212
5213
5214
5215
5216
5219
5221
5222
5226
5227
5229
5230
5231
5232
5233
5234
5235
5236
5238
5239
5240
5242
5243
5244
5245
5247
5248
5249
5251
5253
5254
5255
5256
5257
5258
5259
5260
5261
5262
5263
5265
5267
5268
5270
5271
5272
5273
5274
5275
5276
5277
5278
5279
5280
5281
5282
5283
5285
5286
5287
5288
5289
5290
5292
5293
5294
5295
5296
5297
5298
5299
5300
5301
5302
5305
5306
5307
5309
5310
5312
5313
5315
5316
5317
5318
5319
5321
5323
5324
5325
5326
5327
5328
5329
5330
5331
5332
5333
5334
5336
5337
5340
5341
5342
5343
5345
5346
5347
5349
5350
5351
5352
5353
5354
5355
5356
5357
5361
5362
5363
5365
5367
5369
5371
5372
5373
5374
5375
5376
5378
5379
5380
5381
5382
5383
5384
5385
5387
5388
5389
5390
5391
5393
5394
5395
5397
5400
5402
5403
5404
5406
5407
5408
5410
5412
5413
5414
5415
5416
5417
5418
5420
5421
5422
5425
5426
5427
5428
5429
5430
5431
5432
5433
5434
5435
5436
5437
5438
5440
5441
5442
5443
5444
5445
5446
5447
5449
5450
5452
5453
5454
5455
5456
5458
5459
5460
5461
5463
5465
5467
5468
5469
5470
5472
5473
5476
5477
5478
5479
5480
5481
5486
5487
5491
5493
5494
5495
5496
5497
5498
5499
5502
5503
5504
5505
5506
5507
5508
5509
5510
5511
5512
5514
5515
5517
5518
5519
5520
5521
5522
5523
5524
5525
5526
5527
5528
5529
5530
5531
5532
5533
5536
5537
5538
5539
5541
5542
5543
5544
5545
5546
5548
5549
5550
5552
5553
5555
5556
5557
5558
5559
5560
5562
5564
5565
5566
5567
5568
5570
5571
5572
5573
5574
5575
5576
5577
5578
5579
5580
5581
5585
5586
5587
5588
5589
5590
5592
5594
5595
5596
5598
5599
5600
5601
5602
5603
5605
5606
5607
5608
5609
5610
5612
5613
5614
5615
5616
5617
5618
5619
5620
5622
5623
5624
5625
5626
5627
5628
5630
5631
5632
5633
5634
5635
5637
5638
5640
5641
5642
5643
5644
5645
5646
5647
5649
5650
5651
5653
5654
5655
5657
5658
5661
5662
5663
5664
5665
5667
5668
5669
5671
5672
5673
5674
5677
5678
5679
5680
5681
5682
5683
5684
5689
5690
5691
5692
5693
5694
5696
5700
5702
5703
5704
5706
5707
5709
5710
5711
5712
5713
5714
5715
5716
5717
5718
5721
5722
5723
5724
5726
5728
5729
5730
5731
5732
5733
5734
5735
5736
5737
5739
5740
5741
5742
5743
5744
5745
5746
5747
5748
5749
5750
5751
5752
5753
5754
5755
5756
5757
5759
5760
5761
5762
5763
5764
5765
5766
5767
5768
5769
5770
5771
5772
5773
5774
5775
5776
5777
5778
5779
5780
5781
5783
5784
5785
5786
5788
5790
5793
5794
5796
5797
5799
5800
5801
5802
5804
5805
5806
5807
5808
5809
5810
5812
5814
5816
5817
5818
5820
5821
5823
5825
5826
5827
5829
5830
5832
5833
5834
5835
5836
5837
5838
5839
5840
5842
5844
5845
5846
5847
5848
5849
5850
5851
