0	0	1
0	21	1
0	24	1
0	28	1
0	34	1
0	35	1
0	40	1
0	43	1
0	45	1
0	50	1
0	51	1
0	52	1
0	54	1
0	59	1
0	119	1
0	139	1
0	141	1
0	167	1
0	170	1
0	219	1
0	222	1
0	233	1
0	249	1
0	258	1
0	259	1
0	277	1
0	278	1
0	284	1
0	292	1
0	311	1
0	312	1
0	327	1
0	329	1
0	490	1
0	529	1
0	548	1
0	558	1
1	111	1
1	120	1
1	127	1
1	178	1
1	200	1
1	226	1
1	231	1
1	249	1
1	281	1
1	285	1
1	296	1
1	324	1
1	348	1
1	600	1
2	233	1
2	267	1
3	249	1
3	250	1
4	365	1
4	436	1
5	2	1
5	20	1
5	175	1
5	373	1
5	569	1
5	575	1
6	127	1
6	267	1
7	267	1
7	269	1
7	271	1
7	374	1
7	376	1
7	377	1
7	514	1
7	543	1
7	567	1
8	260	1
8	261	1
8	264	1
9	157	1
9	252	1
9	508	1
9	524	1
10	566	1
11	1	1
11	65	1
11	72	1
11	194	1
11	328	1
11	332	1
11	363	1
11	541	1
11	596	1
11	640	1
11	663	1
12	111	1
12	220	1
13	14	1
13	231	1
13	335	1
13	376	1
13	377	1
13	516	1
13	528	1
14	376	1
14	377	1
14	568	1
15	13	1
15	23	1
15	36	1
15	48	1
15	49	1
15	116	1
15	126	1
15	161	1
15	164	1
15	165	1
15	166	1
15	168	1
15	169	1
15	204	1
15	205	1
15	248	1
15	256	1
15	257	1
15	273	1
15	287	1
15	305	1
15	306	1
15	307	1
15	333	1
15	352	1
15	366	1
15	386	1
15	388	1
15	414	1
15	425	1
15	426	1
15	435	1
15	444	1
15	445	1
15	460	1
15	464	1
15	484	1
15	485	1
15	509	1
15	510	1
15	511	1
15	512	1
15	513	1
15	531	1
15	540	1
15	545	1
15	564	1
15	585	1
15	620	1
15	649	1
15	655	1
16	21	1
17	206	1
17	349	1
18	477	1
18	546	1
19	66	1
19	282	1
19	334	1
20	350	1
21	118	1
22	14	1
22	279	1
22	289	1
22	303	1
22	376	1
22	377	1
22	528	1
22	530	1
23	207	1
23	641	1
24	412	1
25	167	1
25	642	1
26	210	1
26	211	1
26	212	1
26	213	1
26	214	1
26	288	1
26	318	1
26	319	1
26	336	1
26	518	1
26	621	1
27	384	1
27	418	1
27	420	1
27	438	1
27	469	1
27	652	1
28	16	1
28	33	1
28	37	1
28	39	1
28	55	1
28	62	1
28	64	1
28	70	1
28	76	1
28	128	1
28	129	1
28	130	1
28	131	1
28	132	1
28	133	1
28	134	1
28	135	1
28	136	1
28	189	1
28	192	1
28	198	1
28	239	1
28	309	1
28	385	1
28	413	1
28	437	1
28	458	1
28	459	1
28	461	1
28	462	1
28	463	1
28	465	1
28	466	1
28	467	1
28	468	1
28	470	1
28	471	1
28	472	1
28	473	1
28	474	1
28	475	1
28	476	1
28	478	1
28	479	1
28	481	1
28	482	1
28	523	1
28	542	1
28	615	1
28	618	1
28	625	1
28	635	1
28	636	1
28	637	1
28	650	1
28	660	1
29	518	1
29	519	1
30	210	1
30	211	1
30	212	1
30	213	1
30	214	1
30	319	1
30	518	1
30	519	1
31	201	1
31	288	1
31	518	1
31	519	1
32	580	1
32	581	1
33	90	1
33	210	1
33	211	1
33	212	1
33	308	1
33	319	1
33	518	1
33	519	1
34	518	1
34	519	1
35	109	1
36	518	1
36	519	1
37	93	1
37	112	1
37	167	1
37	170	1
37	171	1
37	174	1
37	177	1
37	180	1
37	337	1
37	364	1
38	210	1
38	211	1
38	212	1
38	213	1
38	214	1
38	308	1
38	319	1
38	518	1
38	519	1
39	15	1
39	96	1
39	115	1
39	194	1
39	383	1
39	515	1
40	27	1
40	81	1
40	82	1
40	83	1
40	84	1
40	85	1
40	86	1
40	87	1
40	88	1
40	89	1
40	90	1
40	91	1
40	92	1
40	93	1
40	94	1
40	95	1
40	96	1
40	97	1
40	98	1
40	99	1
40	100	1
40	101	1
40	102	1
40	103	1
40	104	1
40	105	1
40	106	1
40	107	1
40	108	1
40	109	1
40	110	1
40	145	1
40	223	1
40	240	1
40	251	1
40	320	1
40	379	1
40	391	1
40	517	1
40	549	1
40	634	1
40	646	1
40	656	1
41	210	1
41	211	1
41	212	1
41	213	1
41	214	1
41	319	1
41	518	1
41	519	1
42	117	1
43	117	1
44	228	1
45	518	1
45	519	1
46	106	1
47	1	1
48	518	1
48	519	1
49	13	1
49	23	1
49	36	1
49	41	1
49	49	1
49	77	1
49	116	1
49	143	1
49	144	1
49	164	1
49	165	1
49	166	1
49	168	1
49	169	1
49	204	1
49	205	1
49	248	1
49	256	1
49	257	1
49	287	1
49	305	1
49	306	1
49	307	1
49	352	1
49	366	1
49	386	1
49	388	1
49	425	1
49	426	1
49	435	1
49	485	1
49	509	1
49	510	1
49	511	1
49	512	1
49	513	1
49	540	1
49	545	1
49	564	1
49	585	1
49	620	1
49	655	1
50	443	1
51	518	1
51	519	1
52	580	1
52	581	1
53	16	1
53	33	1
53	37	1
53	39	1
53	55	1
53	62	1
53	64	1
53	70	1
53	76	1
53	128	1
53	129	1
53	130	1
53	131	1
53	132	1
53	133	1
53	134	1
53	135	1
53	136	1
53	189	1
53	192	1
53	198	1
53	239	1
53	385	1
53	458	1
53	459	1
53	465	1
53	466	1
53	467	1
53	468	1
53	470	1
53	471	1
53	472	1
53	473	1
53	474	1
53	475	1
53	476	1
53	478	1
53	479	1
53	481	1
53	482	1
53	523	1
53	542	1
53	615	1
53	618	1
53	625	1
53	636	1
53	637	1
53	650	1
53	660	1
54	378	1
55	580	1
55	581	1
56	109	1
57	108	1
58	333	1
58	531	1
59	114	1
60	236	1
61	120	1
61	446	1
62	217	1
62	221	1
62	235	1
62	644	1
63	18	1
63	31	1
63	80	1
63	81	1
63	92	1
63	93	1
63	121	1
63	122	1
63	123	1
63	220	1
63	318	1
63	336	1
63	372	1
63	518	1
63	519	1
63	565	1
63	621	1
64	38	1
64	208	1
64	301	1
64	603	1
64	604	1
64	605	1
64	606	1
64	607	1
64	608	1
64	609	1
64	610	1
64	611	1
64	612	1
65	383	1
66	236	1
66	255	1
67	600	1
68	27	1
68	80	1
68	81	1
68	82	1
68	83	1
68	84	1
68	85	1
68	86	1
68	87	1
68	88	1
68	89	1
68	90	1
68	91	1
68	92	1
68	93	1
68	94	1
68	95	1
68	96	1
68	97	1
68	98	1
68	99	1
68	100	1
68	101	1
68	102	1
68	103	1
68	104	1
68	105	1
68	106	1
68	107	1
68	108	1
68	109	1
68	110	1
68	145	1
68	223	1
68	240	1
68	251	1
68	320	1
68	379	1
68	391	1
68	517	1
68	549	1
68	634	1
68	646	1
68	656	1
69	26	1
69	232	1
69	375	1
69	392	1
69	394	1
69	395	1
69	396	1
69	397	1
69	398	1
69	399	1
69	400	1
69	403	1
69	404	1
69	405	1
69	406	1
69	407	1
69	408	1
69	639	1
69	640	1
70	26	1
70	232	1
70	375	1
70	392	1
70	394	1
70	395	1
70	396	1
70	397	1
70	398	1
70	399	1
70	400	1
70	403	1
70	404	1
70	405	1
70	406	1
70	407	1
70	408	1
70	639	1
70	640	1
71	92	1
71	96	1
72	114	1
73	89	1
73	96	1
74	163	1
74	316	1
74	323	1
74	324	1
74	626	1
74	630	1
75	92	1
75	96	1
76	12	1
76	317	1
77	81	1
77	88	1
77	92	1
77	96	1
77	190	1
78	117	1
79	88	1
79	96	1
79	308	1
79	378	1
80	603	1
80	604	1
80	606	1
81	347	1
82	92	1
83	518	1
83	519	1
84	236	1
84	255	1
85	88	1
85	90	1
86	423	1
87	423	1
88	423	1
89	518	1
89	519	1
90	124	1
90	227	1
90	237	1
90	254	1
90	360	1
90	378	1
90	381	1
90	528	1
90	530	1
90	550	1
90	551	1
90	569	1
90	631	1
90	662	1
91	255	1
92	38	1
92	208	1
92	301	1
92	603	1
92	604	1
92	605	1
92	606	1
92	607	1
92	608	1
92	609	1
92	610	1
92	611	1
92	612	1
93	255	1
94	270	1
95	114	1
96	96	1
97	137	1
98	26	1
98	232	1
98	375	1
98	392	1
98	394	1
98	395	1
98	396	1
98	397	1
98	398	1
98	399	1
98	400	1
98	403	1
98	404	1
98	405	1
98	406	1
98	407	1
98	408	1
98	639	1
98	640	1
99	211	1
99	518	1
99	519	1
99	583	1
100	27	1
100	80	1
100	81	1
100	82	1
100	83	1
100	84	1
100	85	1
100	86	1
100	87	1
100	88	1
100	89	1
100	90	1
100	91	1
100	92	1
100	93	1
100	94	1
100	95	1
100	96	1
100	97	1
100	98	1
100	99	1
100	100	1
100	101	1
100	102	1
100	103	1
100	104	1
100	105	1
100	106	1
100	107	1
100	108	1
100	109	1
100	110	1
100	145	1
100	223	1
100	240	1
100	251	1
100	320	1
100	379	1
100	391	1
100	517	1
100	549	1
100	634	1
100	646	1
100	656	1
101	114	1
102	96	1
103	255	1
104	27	1
104	80	1
104	81	1
104	82	1
104	83	1
104	84	1
104	85	1
104	86	1
104	87	1
104	88	1
104	89	1
104	90	1
104	91	1
104	92	1
104	93	1
104	94	1
104	95	1
104	96	1
104	97	1
104	98	1
104	99	1
104	100	1
104	101	1
104	102	1
104	103	1
104	104	1
104	105	1
104	106	1
104	107	1
104	108	1
104	109	1
104	110	1
104	145	1
104	223	1
104	240	1
104	251	1
104	320	1
104	379	1
104	391	1
104	517	1
104	549	1
104	634	1
104	646	1
104	656	1
105	255	1
106	121	1
106	122	1
106	123	1
106	200	1
106	201	1
106	336	1
106	584	1
106	599	1
107	27	1
107	81	1
107	82	1
107	83	1
107	84	1
107	85	1
107	86	1
107	87	1
107	88	1
107	89	1
107	90	1
107	91	1
107	92	1
107	93	1
107	94	1
107	95	1
107	96	1
107	97	1
107	98	1
107	99	1
107	100	1
107	101	1
107	103	1
107	105	1
107	106	1
107	107	1
107	108	1
107	109	1
107	110	1
107	145	1
107	223	1
107	240	1
107	251	1
107	275	1
107	276	1
107	320	1
107	379	1
107	383	1
107	391	1
107	517	1
107	549	1
107	634	1
107	646	1
107	656	1
108	211	1
109	88	1
109	90	1
110	26	1
110	30	1
110	53	1
110	63	1
110	197	1
110	232	1
110	238	1
110	263	1
110	280	1
110	375	1
110	380	1
110	382	1
110	392	1
110	394	1
110	395	1
110	396	1
110	397	1
110	398	1
110	399	1
110	400	1
110	401	1
110	402	1
110	403	1
110	404	1
110	405	1
110	406	1
110	407	1
110	408	1
110	410	1
110	414	1
110	415	1
110	416	1
110	427	1
110	428	1
110	429	1
110	430	1
110	431	1
110	432	1
110	433	1
110	434	1
110	486	1
110	488	1
110	555	1
110	556	1
110	632	1
110	639	1
110	640	1
111	565	1
112	114	1
113	61	1
113	191	1
113	291	1
113	414	1
114	518	1
114	519	1
115	96	1
115	270	1
116	27	1
116	80	1
116	81	1
116	82	1
116	83	1
116	84	1
116	85	1
116	86	1
116	87	1
116	88	1
116	89	1
116	91	1
116	92	1
116	93	1
116	94	1
116	95	1
116	96	1
116	97	1
116	98	1
116	99	1
116	100	1
116	101	1
116	102	1
116	103	1
116	105	1
116	106	1
116	107	1
116	108	1
116	109	1
116	110	1
116	145	1
116	223	1
116	240	1
116	251	1
116	320	1
116	379	1
116	391	1
116	517	1
116	549	1
116	634	1
116	646	1
116	656	1
117	0	1
117	44	1
117	210	1
117	211	1
117	212	1
117	213	1
117	214	1
117	288	1
117	303	1
117	319	1
117	659	1
118	519	1
119	190	1
120	518	1
120	519	1
121	81	1
121	92	1
122	361	1
123	114	1
124	518	1
124	519	1
125	360	1
126	333	1
127	117	1
128	163	1
129	622	1
130	26	1
130	30	1
130	53	1
130	63	1
130	191	1
130	197	1
130	232	1
130	238	1
130	263	1
130	266	1
130	280	1
130	290	1
130	353	1
130	380	1
130	382	1
130	387	1
130	392	1
130	394	1
130	395	1
130	396	1
130	397	1
130	398	1
130	399	1
130	400	1
130	401	1
130	402	1
130	403	1
130	404	1
130	405	1
130	407	1
130	408	1
130	410	1
130	414	1
130	415	1
130	416	1
130	427	1
130	428	1
130	429	1
130	430	1
130	431	1
130	432	1
130	433	1
130	434	1
130	486	1
130	488	1
130	522	1
130	555	1
130	556	1
130	629	1
130	632	1
130	639	1
130	640	1
131	92	1
131	96	1
132	323	1
132	324	1
133	210	1
133	211	1
133	212	1
133	213	1
133	214	1
133	308	1
133	319	1
133	517	1
133	518	1
133	519	1
134	88	1
134	90	1
135	190	1
136	351	1
137	351	1
138	38	1
138	208	1
138	301	1
138	603	1
138	604	1
138	605	1
138	606	1
138	607	1
138	608	1
138	609	1
138	610	1
138	611	1
138	612	1
139	38	1
139	208	1
139	301	1
139	603	1
139	604	1
139	605	1
139	606	1
139	607	1
139	608	1
139	609	1
139	610	1
139	611	1
139	612	1
140	92	1
140	96	1
141	26	1
141	27	1
141	30	1
141	53	1
141	63	1
141	80	1
141	81	1
141	82	1
141	83	1
141	85	1
141	86	1
141	87	1
141	88	1
141	89	1
141	90	1
141	91	1
141	92	1
141	93	1
141	94	1
141	95	1
141	96	1
141	97	1
141	98	1
141	99	1
141	100	1
141	101	1
141	102	1
141	103	1
141	104	1
141	105	1
141	106	1
141	107	1
141	108	1
141	109	1
141	110	1
141	145	1
141	197	1
141	223	1
141	232	1
141	238	1
141	240	1
141	251	1
141	263	1
141	280	1
141	320	1
141	344	1
141	379	1
141	380	1
141	382	1
141	391	1
141	392	1
141	394	1
141	395	1
141	396	1
141	397	1
141	398	1
141	399	1
141	400	1
141	401	1
141	402	1
141	403	1
141	404	1
141	405	1
141	407	1
141	408	1
141	410	1
141	414	1
141	415	1
141	416	1
141	427	1
141	428	1
141	429	1
141	430	1
141	431	1
141	432	1
141	433	1
141	434	1
141	486	1
141	488	1
141	517	1
141	549	1
141	555	1
141	556	1
141	632	1
141	634	1
141	639	1
141	640	1
141	646	1
141	656	1
142	378	1
143	88	1
144	124	1
145	88	1
146	604	1
146	606	1
147	38	1
147	208	1
147	301	1
147	603	1
147	604	1
147	605	1
147	606	1
147	607	1
147	608	1
147	609	1
147	610	1
147	611	1
147	612	1
148	27	1
148	80	1
148	81	1
148	82	1
148	83	1
148	84	1
148	85	1
148	86	1
148	87	1
148	88	1
148	89	1
148	90	1
148	91	1
148	92	1
148	94	1
148	95	1
148	96	1
148	97	1
148	98	1
148	99	1
148	100	1
148	101	1
148	102	1
148	103	1
148	104	1
148	105	1
148	106	1
148	107	1
148	108	1
148	109	1
148	110	1
148	145	1
148	223	1
148	230	1
148	240	1
148	251	1
148	320	1
148	379	1
148	390	1
148	391	1
148	517	1
148	549	1
148	634	1
148	646	1
148	656	1
149	93	1
149	230	1
149	390	1
150	93	1
150	230	1
150	390	1
151	230	1
151	390	1
152	230	1
152	390	1
153	93	1
153	230	1
153	390	1
154	378	1
155	96	1
156	163	1
157	121	1
157	122	1
157	123	1
157	318	1
157	336	1
157	584	1
157	599	1
157	621	1
158	81	1
158	92	1
158	96	1
159	518	1
159	519	1
160	90	1
160	518	1
160	519	1
161	518	1
161	519	1
162	80	1
162	81	1
163	27	1
163	80	1
163	81	1
163	82	1
163	83	1
163	84	1
163	85	1
163	86	1
163	87	1
163	88	1
163	89	1
163	90	1
163	91	1
163	92	1
163	93	1
163	94	1
163	95	1
163	96	1
163	97	1
163	98	1
163	99	1
163	100	1
163	101	1
163	102	1
163	103	1
163	104	1
163	105	1
163	106	1
163	108	1
163	109	1
163	110	1
163	145	1
163	223	1
163	240	1
163	251	1
163	320	1
163	379	1
163	391	1
163	517	1
163	549	1
163	634	1
163	646	1
163	656	1
164	18	1
164	31	1
164	121	1
164	122	1
164	123	1
164	220	1
164	242	1
164	243	1
164	244	1
164	245	1
164	246	1
164	247	1
164	318	1
164	336	1
164	372	1
164	621	1
165	573	1
166	78	1
166	127	1
166	577	1
166	578	1
166	588	1
166	597	1
166	598	1
167	90	1
168	89	1
169	114	1
170	114	1
171	114	1
172	114	1
173	114	1
174	217	1
174	221	1
174	235	1
174	644	1
175	351	1
176	603	1
176	604	1
176	606	1
177	603	1
177	604	1
177	606	1
178	38	1
178	208	1
178	301	1
178	603	1
178	604	1
178	605	1
178	606	1
178	607	1
178	608	1
178	609	1
178	610	1
178	611	1
178	612	1
179	38	1
179	208	1
179	301	1
179	603	1
179	604	1
179	605	1
179	606	1
179	607	1
179	608	1
179	609	1
179	610	1
179	611	1
179	612	1
180	347	1
180	603	1
180	604	1
180	606	1
181	38	1
181	208	1
181	301	1
181	603	1
181	604	1
181	605	1
181	606	1
181	607	1
181	608	1
181	609	1
181	610	1
181	611	1
181	612	1
182	347	1
182	603	1
182	604	1
182	606	1
183	347	1
183	603	1
183	604	1
183	606	1
184	333	1
184	531	1
185	333	1
185	531	1
186	26	1
186	232	1
186	392	1
186	394	1
186	395	1
186	396	1
186	397	1
186	398	1
186	399	1
186	400	1
186	403	1
186	404	1
186	405	1
186	407	1
186	639	1
187	603	1
187	604	1
188	603	1
189	190	1
189	342	1
190	163	1
190	531	1
191	118	1
192	291	1
192	292	1
193	188	1
194	575	1
195	80	1
195	81	1
195	84	1
195	93	1
196	60	1
197	323	1
197	324	1
198	60	1
199	333	1
199	531	1
200	518	1
200	519	1
201	518	1
201	519	1
202	323	1
202	324	1
203	518	1
203	519	1
204	362	1
205	88	1
205	90	1
206	236	1
207	236	1
208	270	1
209	270	1
210	270	1
211	270	1
212	25	1
212	56	1
212	345	1
212	346	1
213	25	1
213	56	1
213	345	1
213	346	1
214	518	1
214	519	1
215	518	1
215	519	1
216	323	1
217	80	1
217	81	1
217	82	1
217	83	1
217	84	1
217	85	1
217	86	1
217	87	1
217	88	1
217	89	1
217	90	1
217	91	1
217	92	1
217	93	1
217	94	1
217	95	1
217	96	1
217	97	1
217	99	1
217	106	1
217	145	1
217	223	1
217	251	1
217	549	1
218	106	1
219	80	1
219	81	1
219	82	1
219	83	1
219	84	1
219	85	1
219	86	1
219	87	1
219	88	1
219	89	1
219	90	1
219	91	1
219	92	1
219	93	1
219	94	1
219	95	1
219	96	1
219	97	1
219	99	1
219	106	1
219	145	1
219	223	1
219	251	1
219	549	1
220	446	1
221	518	1
221	519	1
222	518	1
222	519	1
223	518	1
223	519	1
224	333	1
225	333	1
226	333	1
227	333	1
228	272	1
228	340	1
228	341	1
228	343	1
229	46	1
229	579	1
229	582	1
229	643	1
230	588	1
231	114	1
232	27	1
232	80	1
232	81	1
232	82	1
232	83	1
232	84	1
232	85	1
232	86	1
232	87	1
232	88	1
232	89	1
232	90	1
232	91	1
232	92	1
232	93	1
232	94	1
232	95	1
232	96	1
232	97	1
232	98	1
232	99	1
232	100	1
232	101	1
232	102	1
232	103	1
232	104	1
232	105	1
232	106	1
232	107	1
232	108	1
232	109	1
232	110	1
232	145	1
232	223	1
232	240	1
232	251	1
232	320	1
232	379	1
232	391	1
232	517	1
232	549	1
232	634	1
232	646	1
232	656	1
233	323	1
233	324	1
234	531	1
235	114	1
236	518	1
236	519	1
237	26	1
237	232	1
237	375	1
237	392	1
237	394	1
237	395	1
237	396	1
237	397	1
237	398	1
237	399	1
237	400	1
237	403	1
237	404	1
237	405	1
237	406	1
237	407	1
237	408	1
237	639	1
237	640	1
238	426	1
238	435	1
239	92	1
240	274	1
241	518	1
241	519	1
242	38	1
242	208	1
242	301	1
242	603	1
242	604	1
242	605	1
242	606	1
242	607	1
242	608	1
242	609	1
242	610	1
242	611	1
242	612	1
243	26	1
243	232	1
243	375	1
243	392	1
243	394	1
243	395	1
243	396	1
243	397	1
243	398	1
243	399	1
243	400	1
243	403	1
243	404	1
243	405	1
243	406	1
243	407	1
243	408	1
243	639	1
243	640	1
244	588	1
245	19	1
245	42	1
245	47	1
245	57	1
245	138	1
245	161	1
245	218	1
245	224	1
245	265	1
245	268	1
245	314	1
245	315	1
245	317	1
245	333	1
245	368	1
245	369	1
245	370	1
245	371	1
245	393	1
245	421	1
245	422	1
245	423	1
245	424	1
245	439	1
245	440	1
245	441	1
245	531	1
245	547	1
245	559	1
245	588	1
245	617	1
245	619	1
245	623	1
245	624	1
245	633	1
245	653	1
245	657	1
246	333	1
247	347	1
248	603	1
248	604	1
248	606	1
249	580	1
249	581	1
250	580	1
250	581	1
251	22	1
251	32	1
251	447	1
251	448	1
251	449	1
251	450	1
251	451	1
251	452	1
251	453	1
251	454	1
251	455	1
251	456	1
251	591	1
251	592	1
251	593	1
251	594	1
251	595	1
251	616	1
252	518	1
252	519	1
253	210	1
253	211	1
253	212	1
253	213	1
253	214	1
253	232	1
253	319	1
253	406	1
254	41	1
254	77	1
254	235	1
254	439	1
255	213	1
255	518	1
255	519	1
256	423	1
257	350	1
258	518	1
258	519	1
259	80	1
259	81	1
259	82	1
259	83	1
259	84	1
259	85	1
259	86	1
259	87	1
259	88	1
259	89	1
259	90	1
259	91	1
259	92	1
259	93	1
259	94	1
259	95	1
259	96	1
259	97	1
259	99	1
259	106	1
259	145	1
259	223	1
259	251	1
259	549	1
260	46	1
260	579	1
260	582	1
260	643	1
261	5	1
261	17	1
261	58	1
261	74	1
261	75	1
261	140	1
261	142	1
261	146	1
261	147	1
261	148	1
261	149	1
261	150	1
261	151	1
261	152	1
261	153	1
261	154	1
261	155	1
261	156	1
261	158	1
261	159	1
261	160	1
261	173	1
261	181	1
261	182	1
261	184	1
261	185	1
261	186	1
261	187	1
261	195	1
261	196	1
261	199	1
261	209	1
261	215	1
261	216	1
261	241	1
261	253	1
261	262	1
261	283	1
261	293	1
261	294	1
261	295	1
261	297	1
261	298	1
261	299	1
261	302	1
261	304	1
261	310	1
261	321	1
261	322	1
261	326	1
261	330	1
261	339	1
261	342	1
261	354	1
261	355	1
261	356	1
261	357	1
261	358	1
261	359	1
261	409	1
261	411	1
261	480	1
261	489	1
261	502	1
261	503	1
261	504	1
261	505	1
261	506	1
261	520	1
261	521	1
261	533	1
261	534	1
261	535	1
261	538	1
261	544	1
261	552	1
261	553	1
261	554	1
261	561	1
261	563	1
261	570	1
261	571	1
261	572	1
261	574	1
261	576	1
261	586	1
261	587	1
261	590	1
261	601	1
261	602	1
261	613	1
261	645	1
261	647	1
261	648	1
261	651	1
261	654	1
262	518	1
262	519	1
263	518	1
263	519	1
264	518	1
264	519	1
265	114	1
266	518	1
266	519	1
267	518	1
267	519	1
268	518	1
268	519	1
269	217	1
269	221	1
269	644	1
270	114	1
271	194	1
272	26	1
272	232	1
272	375	1
272	392	1
272	394	1
272	395	1
272	396	1
272	397	1
272	398	1
272	399	1
272	400	1
272	403	1
272	404	1
272	405	1
272	406	1
272	407	1
272	408	1
272	639	1
272	640	1
273	26	1
273	232	1
273	375	1
273	392	1
273	394	1
273	395	1
273	396	1
273	397	1
273	398	1
273	399	1
273	400	1
273	403	1
273	404	1
273	405	1
273	406	1
273	407	1
273	408	1
273	639	1
273	640	1
274	518	1
274	519	1
275	26	1
275	232	1
275	375	1
275	392	1
275	394	1
275	395	1
275	396	1
275	397	1
275	398	1
275	399	1
275	400	1
275	403	1
275	404	1
275	405	1
275	406	1
275	407	1
275	408	1
275	639	1
275	640	1
276	194	1
277	518	1
277	519	1
278	580	1
278	581	1
279	518	1
279	519	1
280	518	1
280	519	1
281	518	1
281	519	1
282	423	1
283	162	1
284	73	1
284	183	1
284	492	1
284	493	1
284	494	1
284	495	1
284	496	1
284	497	1
284	498	1
284	499	1
284	500	1
284	501	1
284	539	1
285	194	1
286	166	1
287	270	1
288	518	1
288	519	1
289	580	1
289	581	1
290	323	1
290	324	1
291	114	1
292	442	1
292	536	1
293	46	1
293	579	1
293	580	1
293	581	1
293	582	1
293	643	1
294	270	1
295	144	1
296	557	1
296	627	1
297	176	1
298	96	1
299	518	1
299	519	1
300	17	1
300	74	1
300	140	1
300	142	1
300	146	1
300	147	1
300	148	1
300	149	1
300	150	1
300	151	1
300	152	1
300	153	1
300	154	1
300	155	1
300	156	1
300	158	1
300	159	1
300	160	1
300	184	1
300	185	1
300	186	1
300	187	1
300	195	1
300	196	1
300	199	1
300	209	1
300	241	1
300	283	1
300	293	1
300	294	1
300	302	1
300	304	1
300	321	1
300	330	1
300	339	1
300	342	1
300	354	1
300	355	1
300	356	1
300	357	1
300	358	1
300	359	1
300	409	1
300	411	1
300	489	1
300	521	1
300	533	1
300	534	1
300	538	1
300	572	1
300	576	1
300	590	1
300	613	1
301	163	1
302	361	1
303	26	1
303	232	1
303	375	1
303	392	1
303	394	1
303	395	1
303	396	1
303	397	1
303	398	1
303	399	1
303	400	1
303	403	1
303	404	1
303	405	1
303	406	1
303	407	1
303	408	1
303	639	1
303	640	1
304	26	1
304	232	1
304	375	1
304	392	1
304	394	1
304	395	1
304	396	1
304	397	1
304	398	1
304	399	1
304	400	1
304	403	1
304	404	1
304	405	1
304	406	1
304	407	1
304	408	1
304	639	1
304	640	1
305	26	1
305	232	1
305	375	1
305	392	1
305	394	1
305	395	1
305	396	1
305	397	1
305	398	1
305	399	1
305	400	1
305	403	1
305	404	1
305	405	1
305	406	1
305	407	1
305	408	1
305	639	1
305	640	1
306	333	1
307	518	1
307	519	1
308	117	1
309	580	1
309	581	1
310	46	1
310	579	1
310	582	1
310	643	1
311	333	1
312	67	1
312	68	1
312	69	1
312	457	1
313	333	1
313	531	1
314	125	1
315	580	1
315	581	1
316	26	1
316	232	1
316	375	1
316	392	1
316	394	1
316	395	1
316	396	1
316	397	1
316	398	1
316	399	1
316	400	1
316	403	1
316	404	1
316	405	1
316	406	1
316	407	1
316	408	1
316	639	1
316	640	1
317	270	1
318	573	1
319	423	1
320	518	1
320	519	1
321	300	1
322	329	1
323	225	1
324	580	1
324	581	1
325	15	1
325	194	1
326	194	1
327	580	1
327	581	1
328	29	1
328	163	1
328	164	1
328	165	1
328	166	1
328	228	1
328	507	1
328	614	1
329	518	1
329	519	1
330	92	1
331	518	1
331	519	1
332	518	1
332	519	1
333	57	1
333	89	1
333	96	1
333	603	1
334	113	1
334	417	1
334	536	1
334	588	1
335	560	1
336	333	1
337	603	1
338	80	1
338	81	1
338	82	1
338	83	1
338	84	1
338	85	1
338	86	1
338	87	1
338	88	1
338	89	1
338	90	1
338	91	1
338	92	1
338	93	1
338	94	1
338	95	1
338	96	1
338	97	1
338	99	1
338	106	1
338	145	1
338	223	1
338	251	1
338	549	1
339	117	1
340	110	1
341	333	1
342	323	1
342	324	1
343	323	1
343	324	1
344	323	1
344	324	1
345	323	1
345	324	1
346	323	1
346	324	1
347	323	1
347	324	1
348	367	1
349	323	1
349	324	1
350	323	1
350	324	1
351	323	1
351	324	1
352	26	1
352	232	1
352	375	1
352	392	1
352	394	1
352	395	1
352	396	1
352	397	1
352	398	1
352	399	1
352	400	1
352	403	1
352	404	1
352	405	1
352	406	1
352	407	1
352	408	1
352	639	1
352	640	1
353	92	1
354	580	1
354	581	1
355	518	1
355	519	1
356	333	1
356	531	1
357	26	1
357	232	1
357	375	1
357	392	1
357	394	1
357	395	1
357	396	1
357	397	1
357	398	1
357	399	1
357	400	1
357	403	1
357	404	1
357	405	1
357	406	1
357	407	1
357	408	1
357	639	1
357	640	1
358	46	1
358	579	1
358	580	1
358	581	1
358	582	1
358	643	1
359	21	1
359	61	1
359	172	1
359	229	1
359	286	1
359	487	1
359	491	1
359	525	1
359	526	1
359	527	1
359	628	1
360	194	1
361	3	1
361	4	1
361	6	1
361	7	1
361	8	1
361	9	1
361	10	1
361	11	1
361	193	1
361	331	1
361	638	1
361	661	1
362	557	1
362	627	1
363	562	1
363	589	1
364	114	1
365	73	1
365	183	1
365	492	1
365	493	1
365	494	1
365	495	1
365	496	1
365	497	1
365	498	1
365	499	1
365	500	1
365	501	1
365	539	1
366	532	1
367	26	1
367	232	1
367	375	1
367	392	1
367	394	1
367	395	1
367	396	1
367	397	1
367	398	1
367	399	1
367	400	1
367	403	1
367	404	1
367	405	1
367	406	1
367	407	1
367	408	1
367	639	1
367	640	1
368	17	1
368	74	1
368	140	1
368	142	1
368	146	1
368	147	1
368	148	1
368	149	1
368	150	1
368	151	1
368	152	1
368	153	1
368	154	1
368	155	1
368	156	1
368	158	1
368	159	1
368	160	1
368	184	1
368	185	1
368	186	1
368	187	1
368	195	1
368	196	1
368	199	1
368	209	1
368	241	1
368	283	1
368	293	1
368	294	1
368	302	1
368	304	1
368	321	1
368	330	1
368	339	1
368	342	1
368	354	1
368	355	1
368	356	1
368	357	1
368	358	1
368	359	1
368	409	1
368	411	1
368	489	1
368	521	1
368	533	1
368	534	1
368	538	1
368	572	1
368	576	1
368	590	1
368	613	1
369	17	1
369	74	1
369	140	1
369	142	1
369	146	1
369	147	1
369	148	1
369	149	1
369	150	1
369	151	1
369	152	1
369	153	1
369	154	1
369	155	1
369	156	1
369	158	1
369	159	1
369	160	1
369	184	1
369	185	1
369	186	1
369	187	1
369	195	1
369	196	1
369	199	1
369	209	1
369	241	1
369	283	1
369	293	1
369	294	1
369	302	1
369	304	1
369	321	1
369	330	1
369	339	1
369	342	1
369	354	1
369	355	1
369	356	1
369	357	1
369	358	1
369	359	1
369	409	1
369	411	1
369	489	1
369	521	1
369	533	1
369	534	1
369	538	1
369	572	1
369	576	1
369	590	1
369	613	1
370	26	1
370	232	1
370	375	1
370	392	1
370	394	1
370	395	1
370	396	1
370	397	1
370	398	1
370	399	1
370	400	1
370	403	1
370	404	1
370	405	1
370	406	1
370	407	1
370	408	1
370	639	1
370	640	1
371	17	1
371	74	1
371	140	1
371	142	1
371	146	1
371	147	1
371	148	1
371	149	1
371	150	1
371	151	1
371	152	1
371	153	1
371	154	1
371	155	1
371	156	1
371	158	1
371	159	1
371	160	1
371	184	1
371	185	1
371	186	1
371	187	1
371	195	1
371	196	1
371	199	1
371	209	1
371	241	1
371	283	1
371	293	1
371	294	1
371	302	1
371	304	1
371	321	1
371	330	1
371	339	1
371	342	1
371	354	1
371	355	1
371	356	1
371	357	1
371	358	1
371	359	1
371	409	1
371	411	1
371	489	1
371	521	1
371	533	1
371	534	1
371	538	1
371	572	1
371	576	1
371	590	1
371	613	1
372	84	1
372	86	1
372	201	1
373	217	1
373	221	1
373	644	1
374	114	1
375	270	1
376	270	1
377	18	1
377	27	1
377	31	1
377	79	1
377	80	1
377	81	1
377	82	1
377	83	1
377	84	1
377	85	1
377	86	1
377	87	1
377	88	1
377	89	1
377	90	1
377	91	1
377	92	1
377	93	1
377	94	1
377	95	1
377	96	1
377	97	1
377	99	1
377	100	1
377	101	1
377	102	1
377	103	1
377	104	1
377	105	1
377	106	1
377	107	1
377	108	1
377	109	1
377	110	1
377	121	1
377	122	1
377	123	1
377	145	1
377	179	1
377	220	1
377	223	1
377	240	1
377	251	1
377	318	1
377	320	1
377	367	1
377	372	1
377	419	1
377	517	1
377	536	1
377	537	1
377	549	1
377	621	1
377	634	1
377	646	1
378	518	1
378	519	1
379	518	1
379	519	1
380	518	1
380	519	1
381	518	1
381	519	1
382	518	1
382	519	1
383	518	1
383	519	1
384	202	1
384	203	1
385	163	1
386	163	1
387	323	1
387	324	1
388	323	1
388	324	1
389	557	1
389	627	1
390	557	1
390	627	1
391	73	1
391	183	1
391	492	1
391	493	1
391	494	1
391	495	1
391	496	1
391	497	1
391	498	1
391	499	1
391	500	1
391	501	1
391	539	1
392	532	1
393	532	1
394	532	1
395	532	1
396	333	1
397	114	1
398	114	1
399	114	1
400	114	1
401	114	1
402	114	1
403	114	1
404	114	1
405	114	1
406	114	1
407	114	1
408	114	1
409	114	1
410	80	1
410	81	1
410	82	1
410	83	1
410	84	1
410	85	1
410	86	1
410	87	1
410	88	1
410	89	1
410	90	1
410	91	1
410	92	1
410	93	1
410	94	1
410	95	1
410	96	1
410	97	1
410	99	1
410	106	1
410	145	1
410	223	1
410	251	1
410	549	1
411	80	1
411	81	1
411	82	1
411	83	1
411	84	1
411	85	1
411	86	1
411	87	1
411	88	1
411	89	1
411	90	1
411	91	1
411	92	1
411	93	1
411	94	1
411	95	1
411	96	1
411	97	1
411	99	1
411	105	1
411	106	1
411	145	1
411	223	1
411	251	1
411	549	1
412	80	1
412	81	1
412	82	1
412	83	1
412	84	1
412	85	1
412	86	1
412	87	1
412	88	1
412	89	1
412	90	1
412	91	1
412	92	1
412	93	1
412	94	1
412	95	1
412	96	1
412	97	1
412	99	1
412	105	1
412	106	1
412	145	1
412	223	1
412	251	1
412	549	1
413	112	1
414	144	1
415	71	1
415	120	1
415	234	1
415	348	1
415	389	1
415	614	1
415	658	1
416	194	1
417	194	1
418	194	1
419	194	1
420	270	1
421	333	1
421	531	1
422	333	1
423	333	1
424	588	1
425	25	1
425	56	1
425	345	1
425	346	1
426	38	1
426	208	1
426	301	1
426	603	1
426	604	1
426	605	1
426	606	1
426	607	1
426	608	1
426	609	1
426	610	1
426	611	1
426	612	1
427	211	1
428	580	1
428	581	1
429	17	1
429	74	1
429	140	1
429	142	1
429	146	1
429	147	1
429	148	1
429	149	1
429	150	1
429	151	1
429	152	1
429	153	1
429	154	1
429	155	1
429	156	1
429	158	1
429	159	1
429	160	1
429	184	1
429	185	1
429	186	1
429	187	1
429	195	1
429	196	1
429	199	1
429	209	1
429	241	1
429	283	1
429	293	1
429	294	1
429	302	1
429	304	1
429	321	1
429	330	1
429	339	1
429	342	1
429	354	1
429	355	1
429	356	1
429	357	1
429	358	1
429	359	1
429	409	1
429	411	1
429	489	1
429	521	1
429	533	1
429	534	1
429	538	1
429	572	1
429	576	1
429	590	1
429	613	1
430	17	1
430	74	1
430	140	1
430	142	1
430	146	1
430	147	1
430	148	1
430	149	1
430	150	1
430	151	1
430	152	1
430	153	1
430	154	1
430	155	1
430	156	1
430	158	1
430	159	1
430	160	1
430	184	1
430	185	1
430	186	1
430	187	1
430	195	1
430	196	1
430	199	1
430	209	1
430	241	1
430	283	1
430	293	1
430	294	1
430	302	1
430	304	1
430	321	1
430	330	1
430	339	1
430	342	1
430	354	1
430	355	1
430	356	1
430	357	1
430	358	1
430	359	1
430	409	1
430	411	1
430	489	1
430	521	1
430	533	1
430	534	1
430	538	1
430	572	1
430	576	1
430	590	1
430	613	1
431	17	1
431	74	1
431	140	1
431	142	1
431	146	1
431	147	1
431	148	1
431	149	1
431	150	1
431	151	1
431	152	1
431	153	1
431	154	1
431	155	1
431	156	1
431	158	1
431	159	1
431	160	1
431	184	1
431	185	1
431	186	1
431	187	1
431	195	1
431	196	1
431	199	1
431	209	1
431	241	1
431	283	1
431	293	1
431	294	1
431	302	1
431	304	1
431	321	1
431	330	1
431	339	1
431	342	1
431	354	1
431	355	1
431	356	1
431	357	1
431	358	1
431	359	1
431	409	1
431	411	1
431	489	1
431	521	1
431	533	1
431	534	1
431	538	1
431	572	1
431	576	1
431	590	1
431	613	1
432	19	1
432	313	1
432	314	1
432	439	1
432	440	1
432	441	1
432	617	1
432	633	1
432	653	1
433	166	1
434	46	1
434	579	1
434	582	1
434	643	1
435	323	1
435	324	1
436	588	1
437	333	1
438	293	1
438	294	1
439	325	1
439	338	1
439	340	1
439	341	1
440	89	1
440	483	1
441	88	1
441	90	1
441	96	1
441	347	1
442	255	1
443	324	1
444	117	1
298	367	0
13	179	0
63	383	0
304	163	0
402	18	0
397	129	0
402	478	0
244	476	0
351	521	0
199	602	0
423	293	0
418	74	0
115	38	0
26	604	0
163	585	0
331	5	0
343	499	0
274	160	0
254	659	0
41	153	0
339	437	0
79	468	0
176	429	0
171	521	0
198	66	0
134	655	0
219	291	0
271	9	0
172	384	0
108	353	0
157	158	0
96	590	0
152	438	0
130	277	0
349	483	0
361	611	0
275	591	0
100	77	0
18	29	0
433	93	0
66	153	0
397	21	0
407	600	0
416	9	0
340	109	0
125	644	0
79	425	0
382	425	0
127	554	0
97	77	0
80	6	0
125	97	0
193	297	0
312	274	0
306	441	0
326	159	0
312	621	0
77	643	0
102	641	0
243	189	0
358	76	0
139	519	0
217	228	0
37	378	0
342	126	0
171	35	0
147	497	0
52	517	0
199	435	0
440	366	0
413	470	0
139	361	0
368	441	0
301	607	0
21	19	0
425	52	0
2	319	0
169	155	0
2	254	0
412	248	0
59	600	0
142	374	0
362	359	0
311	584	0
404	652	0
126	195	0
180	617	0
332	375	0
180	142	0
320	419	0
216	401	0
195	321	0
262	56	0
130	156	0
74	350	0
426	417	0
206	75	0
345	104	0
297	638	0
31	384	0
26	535	0
383	139	0
157	299	0
263	503	0
290	526	0
141	262	0
149	130	0
314	266	0
179	587	0
154	133	0
331	550	0
240	465	0
223	91	0
112	174	0
52	166	0
191	233	0
137	660	0
192	60	0
392	205	0
359	639	0
376	317	0
262	199	0
428	572	0
50	403	0
21	75	0
38	123	0
64	643	0
34	83	0
360	385	0
292	404	0
149	239	0
6	202	0
237	544	0
329	113	0
329	69	0
20	75	0
118	318	0
295	16	0
166	451	0
414	159	0
120	489	0
347	433	0
114	4	0
93	122	0
157	185	0
188	395	0
31	292	0
155	325	0
63	544	0
331	486	0
188	231	0
115	362	0
314	25	0
406	80	0
295	22	0
177	189	0
313	315	0
193	142	0
178	424	0
300	82	0
363	483	0
370	438	0
365	633	0
419	137	0
335	437	0
210	353	0
226	656	0
273	8	0
424	370	0
293	433	0
378	447	0
348	552	0
333	253	0
240	216	0
54	292	0
41	232	0
335	406	0
149	174	0
323	580	0
4	32	0
103	353	0
52	463	0
282	392	0
48	448	0
320	253	0
36	627	0
153	17	0
313	21	0
84	277	0
166	61	0
311	447	0
299	120	0
383	170	0
213	632	0
219	498	0
52	300	0
297	443	0
243	393	0
103	614	0
15	482	0
243	638	0
234	490	0
440	602	0
160	636	0
70	14	0
230	537	0
264	313	0
340	473	0
158	67	0
98	223	0
171	39	0
170	555	0
386	268	0
241	441	0
116	447	0
333	262	0
113	448	0
10	447	0
382	63	0
290	178	0
357	56	0
323	498	0
78	28	0
199	503	0
112	163	0
10	19	0
303	233	0
228	160	0
142	587	0
284	331	0
287	37	0
210	624	0
179	66	0
209	161	0
60	323	0
173	245	0
423	357	0
78	414	0
13	233	0
378	228	0
42	314	0
205	603	0
393	628	0
143	92	0
277	555	0
89	507	0
350	527	0
30	567	0
135	624	0
52	5	0
38	318	0
95	567	0
54	461	0
112	519	0
415	256	0
39	413	0
313	630	0
252	541	0
319	441	0
351	194	0
414	197	0
80	571	0
139	105	0
270	197	0
363	352	0
294	252	0
368	65	0
403	11	0
78	455	0
8	660	0
216	660	0
59	565	0
122	386	0
82	279	0
301	354	0
5	249	0
300	220	0
306	632	0
171	272	0
378	371	0
45	649	0
271	492	0
238	612	0
332	187	0
219	293	0
198	475	0
85	398	0
117	170	0
247	107	0
40	125	0
71	461	0
372	198	0
240	530	0
68	207	0
434	470	0
241	622	0
41	286	0
88	5	0
308	600	0
151	75	0
136	562	0
181	390	0
253	328	0
310	331	0
324	73	0
149	147	0
327	618	0
277	512	0
108	534	0
190	185	0
385	260	0
388	59	0
341	416	0
437	496	0
426	550	0
49	276	0
42	654	0
74	616	0
318	245	0
177	59	0
86	553	0
273	368	0
279	340	0
15	427	0
124	20	0
165	523	0
159	104	0
217	116	0
351	648	0
396	465	0
118	124	0
290	27	0
335	534	0
372	645	0
380	500	0
126	619	0
63	647	0
191	375	0
76	398	0
192	601	0
83	480	0
88	424	0
388	499	0
157	277	0
412	178	0
48	416	0
133	350	0
62	0	0
134	5	0
263	79	0
329	501	0
379	441	0
64	380	0
174	370	0
29	147	0
111	61	0
415	618	0
370	328	0
307	493	0
162	554	0
388	458	0
111	359	0
377	338	0
303	489	0
310	208	0
272	369	0
334	356	0
13	433	0
122	316	0
293	623	0
156	342	0
78	390	0
225	321	0
355	140	0
97	208	0
326	536	0
301	307	0
341	76	0
442	30	0
307	642	0
350	286	0
282	1	0
293	508	0
377	264	0
216	625	0
380	58	0
406	176	0
402	241	0
237	615	0
22	433	0
436	474	0
60	655	0
359	560	0
206	647	0
312	145	0
42	584	0
338	33	0
206	608	0
154	165	0
44	454	0
374	49	0
185	528	0
167	646	0
254	437	0
234	282	0
298	590	0
287	557	0
324	200	0
381	447	0
102	255	0
104	527	0
350	462	0
76	380	0
206	104	0
179	537	0
79	312	0
277	51	0
91	66	0
27	333	0
403	360	0
269	198	0
272	456	0
274	251	0
132	37	0
227	543	0
381	658	0
165	322	0
311	497	0
21	478	0
103	97	0
373	573	0
431	350	0
316	98	0
396	223	0
62	398	0
61	275	0
197	598	0
277	68	0
278	527	0
294	579	0
161	515	0
15	398	0
115	182	0
21	153	0
43	554	0
382	109	0
291	638	0
5	210	0
1	640	0
179	251	0
228	593	0
138	651	0
269	151	0
179	146	0
204	347	0
149	541	0
158	638	0
255	374	0
273	28	0
125	452	0
108	593	0
12	328	0
33	132	0
22	534	0
314	146	0
320	347	0
275	558	0
183	473	0
84	165	0
335	537	0
415	29	0
221	218	0
341	470	0
97	129	0
284	99	0
305	189	0
244	271	0
85	268	0
11	369	0
202	617	0
264	639	0
130	5	0
366	118	0
383	634	0
166	491	0
243	102	0
3	638	0
77	257	0
436	550	0
189	619	0
294	379	0
368	546	0
84	137	0
124	443	0
82	80	0
175	658	0
440	488	0
389	256	0
120	470	0
210	298	0
269	609	0
24	302	0
444	346	0
105	221	0
374	535	0
65	34	0
313	63	0
340	181	0
102	323	0
23	23	0
356	342	0
369	221	0
110	419	0
3	11	0
103	257	0
131	132	0
119	423	0
29	492	0
16	612	0
330	497	0
14	340	0
70	385	0
211	199	0
276	479	0
421	569	0
420	159	0
171	457	0
261	473	0
131	42	0
137	194	0
207	659	0
255	571	0
424	62	0
274	204	0
328	569	0
194	480	0
141	111	0
311	336	0
50	326	0
95	396	0
417	198	0
35	241	0
121	371	0
52	490	0
83	156	0
183	284	0
41	195	0
285	9	0
399	562	0
384	179	0
348	46	0
85	119	0
183	125	0
38	47	0
58	460	0
20	415	0
139	318	0
174	473	0
81	179	0
319	451	0
443	561	0
381	591	0
351	563	0
349	375	0
220	416	0
57	455	0
431	254	0
347	422	0
18	176	0
88	91	0
179	316	0
362	215	0
85	96	0
153	117	0
357	494	0
266	491	0
29	396	0
199	459	0
234	142	0
18	111	0
389	592	0
79	56	0
79	555	0
106	307	0
250	562	0
247	114	0
336	398	0
282	559	0
7	304	0
321	174	0
378	380	0
120	414	0
249	387	0
256	283	0
53	155	0
414	90	0
325	500	0
5	292	0
236	47	0
303	574	0
128	429	0
264	226	0
52	643	0
312	619	0
346	410	0
338	12	0
96	522	0
218	235	0
225	299	0
286	614	0
147	151	0
392	82	0
80	51	0
321	16	0
80	414	0
204	272	0
420	144	0
298	641	0
158	223	0
314	27	0
129	364	0
171	657	0
400	183	0
410	242	0
45	624	0
203	278	0
56	296	0
145	35	0
142	164	0
184	204	0
387	439	0
422	337	0
318	644	0
127	598	0
165	197	0
369	612	0
21	127	0
416	384	0
100	159	0
21	266	0
147	531	0
62	39	0
212	388	0
15	6	0
59	591	0
27	258	0
93	63	0
189	296	0
68	335	0
314	260	0
371	524	0
376	87	0
292	403	0
64	262	0
319	22	0
95	67	0
136	630	0
56	466	0
386	655	0
347	20	0
357	650	0
363	126	0
194	544	0
241	580	0
215	289	0
202	560	0
378	118	0
295	416	0
404	350	0
306	31	0
25	276	0
409	612	0
278	603	0
2	582	0
401	373	0
119	202	0
123	416	0
214	223	0
199	12	0
158	492	0
270	606	0
386	462	0
274	87	0
439	134	0
254	580	0
30	306	0
133	373	0
173	332	0
152	125	0
264	408	0
20	230	0
281	491	0
366	293	0
66	83	0
217	283	0
443	85	0
52	228	0
191	401	0
122	148	0
205	318	0
148	201	0
105	443	0
169	625	0
383	237	0
135	15	0
319	414	0
18	404	0
112	434	0
95	79	0
304	13	0
157	194	0
216	160	0
382	341	0
197	155	0
301	514	0
117	514	0
407	214	0
214	458	0
289	167	0
144	208	0
390	298	0
391	371	0
55	78	0
307	452	0
419	421	0
221	448	0
12	80	0
153	523	0
135	252	0
285	554	0
281	411	0
51	149	0
196	646	0
311	400	0
45	368	0
254	637	0
444	108	0
279	153	0
367	448	0
289	26	0
256	161	0
415	571	0
296	293	0
197	110	0
72	259	0
116	436	0
119	545	0
202	31	0
437	297	0
437	621	0
433	146	0
224	320	0
195	357	0
381	579	0
334	471	0
59	500	0
285	540	0
206	91	0
296	335	0
309	430	0
52	60	0
67	493	0
235	8	0
230	171	0
205	663	0
420	258	0
321	98	0
119	114	0
147	126	0
31	618	0
266	286	0
361	279	0
48	402	0
324	179	0
353	621	0
223	40	0
353	344	0
100	285	0
193	98	0
260	656	0
197	527	0
151	651	0
78	362	0
0	365	0
33	447	0
30	643	0
53	454	0
149	546	0
207	612	0
296	445	0
316	74	0
255	634	0
416	274	0
250	459	0
246	203	0
306	263	0
431	338	0
264	205	0
195	303	0
72	351	0
9	31	0
37	493	0
376	47	0
191	222	0
127	610	0
52	367	0
65	378	0
88	402	0
71	546	0
302	7	0
24	607	0
249	26	0
142	4	0
83	163	0
392	336	0
77	223	0
375	520	0
322	555	0
150	233	0
403	367	0
334	410	0
292	446	0
129	330	0
155	384	0
56	54	0
114	468	0
393	448	0
403	254	0
64	106	0
150	640	0
259	342	0
218	34	0
324	313	0
0	244	0
388	546	0
328	1	0
215	275	0
129	30	0
430	291	0
203	70	0
122	531	0
109	161	0
35	195	0
388	360	0
113	212	0
304	465	0
263	489	0
292	628	0
336	293	0
282	153	0
297	212	0
362	191	0
196	276	0
148	262	0
30	343	0
161	71	0
18	177	0
402	60	0
1	560	0
403	480	0
337	212	0
14	81	0
145	57	0
258	116	0
442	170	0
414	480	0
120	291	0
362	386	0
277	33	0
444	619	0
223	174	0
367	368	0
115	199	0
274	43	0
141	495	0
369	182	0
342	310	0
402	304	0
420	551	0
191	147	0
168	184	0
175	408	0
344	399	0
182	90	0
155	133	0
80	498	0
13	265	0
288	13	0
97	448	0
340	536	0
234	251	0
171	79	0
129	63	0
157	590	0
437	260	0
192	452	0
308	406	0
221	127	0
137	272	0
196	225	0
322	347	0
349	164	0
268	166	0
9	541	0
366	550	0
377	552	0
351	482	0
300	323	0
417	260	0
103	402	0
213	356	0
255	468	0
203	156	0
375	178	0
422	53	0
271	96	0
215	310	0
202	418	0
107	567	0
142	279	0
153	489	0
398	522	0
134	542	0
20	398	0
72	603	0
46	356	0
236	15	0
359	541	0
343	584	0
43	489	0
173	433	0
381	125	0
363	390	0
276	154	0
429	443	0
214	600	0
78	427	0
158	173	0
241	208	0
344	99	0
341	142	0
226	102	0
200	235	0
111	415	0
183	643	0
68	284	0
184	237	0
439	509	0
314	475	0
412	660	0
190	497	0
103	563	0
174	20	0
202	353	0
211	301	0
438	97	0
232	449	0
283	555	0
299	337	0
285	549	0
219	173	0
285	607	0
359	162	0
254	226	0
135	405	0
249	196	0
369	476	0
79	654	0
41	23	0
195	519	0
95	236	0
298	274	0
36	551	0
415	268	0
264	99	0
302	104	0
182	73	0
110	3	0
188	367	0
71	355	0
337	433	0
317	61	0
268	424	0
17	466	0
207	112	0
251	372	0
179	490	0
171	40	0
20	550	0
134	275	0
368	276	0
134	92	0
357	276	0
400	56	0
82	304	0
168	633	0
68	573	0
121	77	0
100	359	0
329	376	0
279	346	0
334	179	0
182	5	0
23	540	0
318	353	0
352	337	0
261	192	0
399	102	0
284	233	0
116	504	0
166	206	0
135	341	0
98	660	0
122	26	0
151	113	0
37	313	0
145	289	0
81	534	0
266	113	0
327	424	0
388	328	0
109	429	0
316	213	0
321	578	0
118	470	0
319	124	0
90	72	0
113	203	0
181	320	0
230	127	0
403	239	0
356	521	0
223	59	0
318	623	0
85	236	0
225	579	0
12	174	0
49	539	0
224	52	0
138	445	0
18	581	0
61	264	0
407	335	0
252	37	0
50	404	0
438	645	0
405	56	0
388	561	0
65	278	0
211	351	0
371	462	0
240	252	0
272	610	0
398	219	0
405	163	0
418	359	0
178	303	0
412	486	0
390	534	0
82	462	0
390	540	0
332	501	0
209	423	0
381	165	0
232	651	0
327	566	0
77	279	0
124	300	0
228	273	0
410	307	0
48	275	0
355	630	0
165	235	0
337	544	0
45	278	0
166	36	0
428	223	0
367	117	0
153	537	0
232	212	0
84	443	0
122	207	0
408	504	0
355	198	0
82	499	0
157	568	0
292	221	0
270	269	0
227	297	0
255	130	0
403	353	0
234	460	0
339	155	0
43	262	0
200	551	0
342	340	0
354	127	0
2	275	0
425	432	0
51	115	0
95	457	0
383	655	0
37	654	0
0	152	0
288	646	0
44	73	0
320	60	0
269	162	0
296	49	0
365	440	0
188	286	0
376	394	0
246	338	0
164	64	0
420	211	0
295	267	0
149	329	0
304	554	0
369	462	0
37	370	0
365	457	0
325	556	0
232	243	0
319	378	0
82	650	0
297	139	0
343	528	0
268	477	0
65	387	0
239	22	0
419	3	0
270	231	0
335	9	0
71	176	0
267	318	0
111	656	0
312	225	0
159	206	0
264	134	0
4	263	0
206	625	0
248	430	0
435	421	0
225	39	0
315	387	0
362	569	0
348	259	0
286	611	0
213	445	0
322	230	0
244	624	0
127	541	0
86	345	0
39	498	0
115	359	0
119	593	0
263	353	0
192	88	0
163	244	0
197	360	0
372	475	0
378	88	0
79	20	0
298	437	0
242	464	0
121	194	0
143	558	0
56	106	0
196	326	0
349	438	0
14	450	0
142	15	0
204	213	0
318	187	0
440	61	0
135	619	0
327	89	0
302	456	0
432	580	0
352	366	0
64	147	0
205	654	0
183	155	0
441	216	0
56	476	0
154	344	0
31	594	0
379	549	0
367	489	0
273	295	0
57	19	0
274	411	0
253	116	0
440	25	0
260	412	0
16	652	0
3	511	0
75	153	0
275	235	0
309	432	0
335	473	0
121	13	0
90	35	0
155	355	0
372	515	0
22	227	0
32	419	0
297	499	0
116	364	0
326	323	0
377	200	0
294	145	0
344	662	0
372	536	0
1	402	0
236	52	0
300	428	0
420	276	0
152	435	0
369	65	0
124	357	0
292	24	0
280	117	0
181	543	0
345	470	0
435	417	0
352	164	0
349	37	0
24	447	0
79	132	0
178	209	0
93	316	0
137	526	0
132	270	0
139	293	0
337	569	0
325	12	0
172	375	0
274	294	0
370	543	0
135	136	0
201	339	0
225	171	0
98	598	0
83	4	0
20	556	0
66	16	0
429	347	0
101	369	0
115	600	0
198	559	0
77	567	0
357	275	0
102	20	0
240	642	0
34	615	0
97	539	0
115	406	0
249	528	0
171	619	0
95	427	0
285	327	0
353	35	0
92	149	0
28	223	0
111	408	0
198	464	0
397	380	0
131	199	0
84	164	0
200	5	0
115	283	0
162	563	0
156	307	0
326	635	0
420	357	0
381	647	0
106	574	0
189	299	0
31	299	0
343	10	0
95	202	0
98	291	0
202	290	0
221	503	0
287	309	0
430	638	0
71	154	0
196	184	0
199	482	0
44	60	0
149	274	0
337	132	0
142	598	0
182	204	0
228	76	0
106	442	0
213	284	0
290	263	0
280	195	0
21	164	0
264	544	0
225	514	0
154	131	0
172	187	0
205	223	0
399	516	0
15	249	0
413	544	0
59	603	0
274	53	0
299	305	0
2	189	0
39	257	0
63	268	0
4	21	0
52	540	0
379	117	0
204	184	0
136	123	0
292	523	0
82	3	0
237	596	0
424	444	0
329	344	0
439	124	0
417	65	0
268	297	0
418	314	0
150	588	0
202	162	0
83	612	0
45	660	0
374	224	0
25	583	0
365	7	0
421	350	0
395	449	0
26	179	0
298	643	0
254	97	0
40	511	0
66	286	0
343	466	0
150	272	0
289	161	0
250	136	0
33	599	0
200	139	0
379	356	0
167	342	0
203	557	0
220	583	0
438	587	0
260	364	0
360	592	0
177	125	0
382	164	0
25	516	0
54	248	0
32	450	0
126	263	0
31	238	0
82	182	0
128	436	0
267	525	0
390	312	0
302	627	0
250	401	0
210	109	0
30	94	0
30	181	0
97	478	0
343	556	0
92	582	0
73	108	0
225	543	0
384	466	0
245	286	0
75	374	0
221	381	0
339	463	0
99	136	0
275	164	0
437	641	0
17	215	0
285	360	0
187	554	0
336	515	0
311	267	0
25	610	0
34	193	0
165	281	0
42	265	0
248	561	0
49	471	0
385	556	0
162	356	0
113	27	0
229	120	0
110	623	0
81	264	0
106	366	0
8	12	0
247	92	0
166	466	0
283	319	0
74	468	0
213	13	0
323	267	0
168	196	0
421	388	0
148	267	0
290	310	0
31	179	0
257	15	0
271	484	0
245	445	0
106	255	0
59	647	0
401	228	0
175	541	0
78	290	0
437	165	0
43	622	0
87	181	0
146	638	0
255	421	0
404	365	0
86	27	0
250	627	0
379	257	0
70	57	0
65	282	0
196	430	0
18	529	0
311	455	0
101	316	0
44	619	0
265	643	0
369	56	0
83	81	0
238	491	0
8	552	0
15	177	0
299	287	0
233	342	0
368	73	0
109	213	0
32	389	0
290	290	0
267	532	0
376	297	0
138	167	0
112	230	0
16	6	0
279	435	0
70	166	0
92	365	0
58	177	0
193	285	0
421	97	0
361	491	0
87	31	0
24	28	0
254	505	0
185	345	0
282	204	0
365	174	0
109	58	0
391	30	0
9	60	0
439	22	0
123	132	0
75	600	0
81	153	0
200	303	0
157	554	0
414	16	0
180	274	0
183	98	0
112	348	0
245	191	0
436	390	0
391	467	0
379	494	0
191	447	0
259	224	0
234	419	0
120	227	0
104	453	0
363	434	0
375	230	0
184	195	0
295	262	0
254	156	0
210	515	0
98	229	0
57	424	0
208	39	0
37	478	0
30	131	0
200	606	0
107	229	0
442	590	0
8	463	0
108	473	0
438	185	0
10	354	0
103	13	0
70	169	0
393	460	0
226	158	0
433	149	0
239	294	0
268	102	0
321	402	0
23	177	0
209	196	0
156	415	0
55	126	0
146	503	0
422	530	0
394	249	0
98	644	0
241	357	0
232	205	0
275	198	0
283	95	0
247	276	0
366	180	0
329	102	0
70	637	0
391	148	0
351	320	0
207	402	0
124	569	0
25	639	0
202	420	0
52	52	0
275	205	0
244	568	0
117	663	0
259	26	0
409	145	0
171	420	0
185	569	0
400	187	0
166	234	0
239	421	0
104	434	0
311	411	0
368	34	0
259	461	0
94	620	0
370	559	0
233	89	0
382	205	0
74	349	0
153	226	0
263	215	0
134	390	0
115	260	0
226	267	0
83	28	0
121	340	0
372	12	0
244	177	0
192	227	0
268	363	0
257	493	0
253	443	0
237	259	0
221	598	0
150	269	0
27	631	0
26	491	0
142	143	0
281	142	0
373	618	0
132	497	0
342	276	0
307	69	0
299	42	0
348	538	0
5	480	0
297	68	0
160	591	0
118	446	0
60	194	0
368	109	0
383	104	0
422	31	0
323	87	0
46	9	0
1	520	0
382	223	0
236	92	0
436	144	0
205	283	0
13	558	0
239	344	0
172	491	0
174	119	0
16	482	0
442	354	0
173	343	0
218	426	0
418	169	0
379	307	0
91	257	0
366	352	0
223	219	0
229	286	0
379	445	0
391	635	0
338	215	0
279	525	0
195	487	0
398	78	0
4	574	0
323	222	0
179	465	0
379	463	0
120	577	0
281	219	0
387	464	0
363	612	0
80	452	0
351	28	0
343	68	0
270	314	0
165	385	0
245	538	0
188	427	0
339	540	0
414	599	0
433	22	0
22	567	0
425	399	0
329	305	0
387	568	0
250	611	0
343	552	0
276	508	0
320	278	0
286	509	0
334	66	0
105	320	0
55	181	0
404	267	0
87	116	0
269	492	0
411	490	0
295	46	0
151	387	0
224	294	0
362	10	0
16	623	0
335	361	0
437	480	0
157	331	0
392	209	0
233	650	0
320	405	0
288	525	0
146	324	0
240	396	0
232	574	0
416	233	0
234	398	0
290	603	0
150	518	0
328	631	0
49	338	0
57	404	0
317	652	0
114	422	0
381	367	0
214	234	0
254	436	0
325	516	0
429	79	0
170	252	0
44	528	0
386	442	0
197	365	0
440	229	0
142	434	0
289	601	0
182	153	0
275	525	0
278	544	0
50	21	0
126	465	0
434	556	0
170	437	0
50	342	0
122	372	0
129	515	0
88	595	0
154	110	0
245	155	0
186	107	0
279	600	0
26	238	0
7	525	0
225	501	0
168	577	0
71	544	0
422	204	0
230	329	0
255	628	0
439	418	0
98	436	0
269	480	0
55	275	0
424	381	0
7	50	0
309	608	0
355	187	0
107	470	0
365	275	0
411	150	0
419	169	0
7	386	0
318	428	0
211	32	0
260	539	0
65	340	0
355	314	0
362	491	0
326	639	0
139	210	0
420	126	0
52	55	0
434	555	0
153	394	0
44	249	0
370	507	0
54	23	0
405	509	0
160	258	0
316	273	0
71	615	0
61	6	0
50	513	0
67	393	0
390	466	0
202	145	0
69	306	0
7	485	0
212	519	0
392	125	0
61	86	0
231	122	0
404	272	0
294	660	0
372	375	0
242	41	0
315	579	0
282	203	0
37	301	0
433	49	0
287	502	0
281	141	0
441	174	0
359	316	0
293	529	0
216	390	0
408	604	0
422	339	0
418	316	0
392	80	0
262	503	0
409	175	0
435	601	0
356	69	0
275	130	0
336	215	0
321	253	0
374	420	0
219	172	0
141	135	0
367	168	0
236	575	0
164	217	0
321	237	0
301	595	0
37	415	0
199	190	0
175	175	0
166	22	0
411	33	0
46	139	0
299	183	0
437	501	0
419	98	0
145	125	0
1	531	0
400	575	0
286	602	0
346	485	0
247	267	0
424	79	0
267	314	0
125	575	0
270	99	0
338	652	0
277	271	0
155	229	0
218	514	0
104	261	0
226	348	0
380	260	0
124	644	0
156	28	0
399	226	0
376	202	0
289	442	0
197	259	0
245	598	0
264	563	0
66	522	0
95	462	0
330	548	0
153	441	0
16	364	0
191	455	0
356	421	0
90	61	0
318	313	0
227	470	0
346	475	0
74	424	0
439	580	0
49	151	0
387	447	0
268	378	0
59	483	0
313	507	0
29	589	0
166	400	0
0	70	0
78	482	0
375	379	0
125	129	0
442	332	0
412	186	0
50	379	0
32	493	0
256	177	0
303	186	0
425	149	0
182	206	0
38	152	0
160	0	0
176	465	0
227	551	0
441	621	0
180	39	0
441	123	0
261	122	0
221	366	0
88	369	0
163	312	0
427	555	0
414	548	0
323	136	0
342	22	0
231	507	0
141	649	0
0	44	0
440	4	0
114	6	0
442	595	0
96	280	0
112	462	0
138	653	0
117	571	0
118	382	0
272	568	0
249	250	0
376	278	0
290	520	0
237	523	0
383	235	0
252	71	0
436	208	0
271	187	0
354	264	0
347	140	0
160	146	0
105	3	0
15	355	0
374	308	0
335	662	0
423	528	0
336	198	0
66	507	0
239	118	0
405	568	0
37	244	0
70	469	0
139	362	0
127	214	0
67	201	0
310	405	0
58	166	0
263	609	0
229	290	0
24	457	0
3	58	0
247	586	0
189	229	0
269	182	0
79	431	0
63	360	0
58	366	0
185	557	0
33	465	0
288	564	0
426	381	0
444	396	0
434	619	0
208	209	0
178	547	0
137	302	0
203	617	0
373	129	0
46	99	0
257	411	0
340	254	0
242	388	0
217	153	0
82	209	0
342	646	0
302	605	0
256	159	0
413	148	0
272	234	0
394	223	0
292	660	0
190	425	0
198	548	0
248	643	0
439	123	0
230	489	0
429	217	0
40	146	0
286	173	0
151	285	0
361	170	0
118	360	0
111	182	0
129	475	0
32	623	0
121	468	0
84	279	0
251	54	0
306	508	0
60	270	0
272	601	0
51	361	0
185	57	0
124	282	0
33	142	0
357	660	0
237	618	0
60	341	0
46	244	0
100	543	0
386	266	0
57	467	0
94	213	0
160	204	0
93	222	0
22	99	0
7	28	0
281	250	0
183	573	0
299	174	0
354	518	0
90	87	0
213	177	0
47	183	0
173	474	0
254	128	0
295	138	0
398	384	0
184	524	0
131	476	0
176	522	0
13	227	0
290	660	0
301	162	0
57	39	0
296	455	0
158	433	0
131	551	0
442	523	0
285	276	0
286	15	0
392	183	0
167	643	0
213	196	0
160	562	0
394	574	0
281	274	0
317	566	0
184	307	0
355	6	0
9	402	0
332	6	0
32	56	0
171	115	0
141	411	0
16	166	0
338	157	0
120	442	0
387	300	0
348	88	0
375	183	0
18	273	0
262	582	0
167	285	0
154	48	0
295	567	0
13	236	0
309	396	0
331	303	0
218	648	0
398	494	0
90	135	0
14	31	0
419	626	0
400	219	0
158	530	0
36	20	0
168	364	0
148	662	0
90	11	0
266	582	0
418	75	0
285	637	0
68	193	0
338	24	0
133	626	0
434	395	0
36	446	0
427	68	0
108	346	0
266	553	0
251	501	0
333	423	0
349	156	0
264	51	0
222	236	0
152	3	0
349	3	0
36	127	0
34	522	0
266	469	0
431	40	0
256	79	0
223	240	0
299	492	0
441	500	0
336	496	0
299	286	0
317	463	0
362	42	0
192	149	0
252	588	0
125	568	0
325	427	0
182	196	0
0	339	0
77	404	0
3	290	0
106	405	0
166	138	0
332	56	0
324	342	0
69	505	0
137	597	0
182	474	0
255	145	0
248	591	0
30	320	0
26	128	0
145	344	0
376	444	0
85	536	0
425	499	0
422	382	0
123	107	0
141	371	0
172	335	0
384	595	0
336	600	0
150	79	0
441	651	0
153	369	0
244	403	0
124	294	0
431	28	0
269	315	0
375	73	0
206	635	0
101	495	0
349	515	0
175	201	0
312	492	0
241	255	0
104	232	0
60	308	0
141	39	0
388	84	0
299	26	0
355	617	0
261	32	0
50	530	0
348	588	0
412	233	0
174	300	0
156	242	0
327	119	0
444	393	0
168	339	0
86	450	0
25	214	0
94	529	0
158	584	0
126	102	0
102	78	0
149	545	0
285	293	0
111	400	0
150	10	0
306	141	0
314	404	0
65	244	0
109	129	0
419	205	0
124	541	0
82	254	0
173	94	0
381	334	0
47	378	0
302	372	0
25	112	0
339	569	0
71	318	0
265	45	0
162	613	0
263	13	0
247	198	0
348	468	0
431	200	0
113	296	0
170	229	0
328	421	0
229	471	0
354	275	0
44	185	0
106	333	0
316	445	0
407	341	0
23	198	0
402	403	0
170	491	0
317	615	0
223	419	0
76	348	0
246	309	0
426	416	0
437	4	0
155	26	0
41	521	0
159	468	0
352	263	0
271	306	0
50	263	0
178	646	0
436	104	0
75	466	0
257	602	0
245	266	0
344	43	0
99	440	0
316	11	0
197	526	0
38	101	0
223	658	0
405	661	0
226	204	0
275	86	0
233	407	0
247	378	0
375	416	0
10	663	0
365	336	0
13	663	0
331	439	0
408	402	0
394	19	0
328	113	0
329	433	0
201	196	0
26	433	0
124	234	0
139	48	0
329	592	0
350	594	0
395	513	0
408	281	0
37	381	0
170	379	0
164	663	0
395	172	0
384	158	0
389	365	0
159	190	0
280	538	0
300	601	0
79	379	0
307	463	0
203	37	0
209	464	0
123	120	0
322	242	0
426	139	0
363	209	0
442	522	0
367	438	0
105	250	0
308	61	0
88	266	0
411	288	0
179	91	0
18	265	0
233	394	0
343	254	0
262	340	0
48	449	0
229	449	0
77	7	0
97	614	0
83	66	0
152	79	0
61	173	0
52	308	0
334	299	0
386	282	0
278	212	0
376	582	0
343	413	0
134	636	0
36	432	0
331	533	0
158	467	0
227	111	0
27	260	0
338	118	0
425	351	0
341	551	0
154	128	0
387	145	0
394	437	0
188	251	0
410	350	0
364	416	0
428	319	0
436	255	0
396	449	0
163	610	0
121	652	0
110	583	0
123	31	0
2	259	0
290	517	0
155	382	0
60	516	0
79	539	0
168	90	0
390	240	0
280	2	0
214	156	0
272	89	0
233	214	0
362	303	0
132	115	0
182	44	0
389	49	0
104	61	0
79	179	0
53	659	0
442	106	0
103	165	0
136	33	0
349	144	0
99	622	0
46	13	0
73	3	0
45	258	0
370	320	0
50	408	0
56	210	0
384	69	0
226	471	0
225	8	0
233	85	0
262	614	0
173	388	0
316	451	0
284	447	0
166	82	0
227	603	0
61	511	0
291	225	0
148	13	0
160	105	0
170	605	0
111	35	0
268	596	0
433	579	0
424	259	0
329	288	0
110	549	0
310	428	0
265	649	0
143	86	0
334	136	0
2	663	0
285	568	0
204	188	0
437	651	0
283	93	0
434	210	0
211	531	0
165	191	0
50	303	0
140	124	0
441	344	0
233	371	0
23	621	0
388	160	0
243	147	0
234	365	0
152	251	0
11	32	0
47	336	0
372	627	0
224	538	0
39	68	0
276	644	0
174	248	0
217	621	0
375	274	0
234	40	0
265	631	0
179	394	0
336	418	0
432	551	0
302	364	0
237	605	0
90	276	0
239	424	0
335	109	0
437	636	0
420	200	0
348	418	0
419	638	0
132	569	0
138	452	0
203	620	0
306	390	0
105	616	0
407	499	0
354	404	0
140	612	0
293	271	0
290	274	0
164	9	0
354	124	0
434	86	0
249	504	0
262	412	0
252	403	0
78	564	0
232	299	0
78	439	0
101	109	0
279	549	0
161	343	0
57	544	0
345	477	0
405	46	0
312	424	0
200	79	0
130	373	0
192	390	0
102	419	0
119	91	0
5	502	0
355	100	0
315	362	0
435	106	0
347	135	0
340	573	0
349	221	0
15	30	0
247	227	0
52	226	0
407	39	0
227	289	0
174	361	0
151	70	0
423	591	0
343	107	0
37	239	0
128	482	0
205	289	0
69	380	0
214	273	0
102	477	0
85	212	0
393	136	0
113	187	0
262	452	0
436	240	0
222	132	0
247	517	0
151	648	0
48	578	0
148	321	0
20	105	0
238	132	0
175	451	0
212	606	0
345	124	0
163	196	0
74	310	0
297	328	0
30	529	0
32	160	0
273	565	0
257	368	0
138	134	0
312	178	0
209	326	0
47	661	0
199	80	0
33	268	0
270	622	0
338	623	0
120	188	0
361	584	0
166	345	0
186	412	0
67	195	0
364	413	0
387	198	0
229	359	0
318	657	0
419	83	0
313	467	0
57	630	0
355	274	0
416	158	0
396	94	0
272	427	0
20	74	0
16	4	0
384	87	0
220	633	0
121	300	0
295	596	0
177	289	0
258	542	0
404	318	0
133	164	0
433	210	0
264	478	0
311	40	0
408	375	0
293	429	0
101	139	0
89	324	0
416	600	0
383	69	0
296	289	0
106	218	0
329	220	0
320	339	0
381	655	0
307	14	0
398	618	0
123	267	0
1	561	0
378	630	0
219	11	0
444	491	0
8	344	0
156	76	0
153	38	0
149	361	0
91	624	0
308	297	0
60	331	0
361	249	0
120	609	0
202	655	0
443	491	0
38	618	0
187	510	0
398	597	0
45	50	0
315	585	0
65	261	0
396	56	0
444	233	0
77	360	0
329	263	0
5	642	0
130	141	0
103	36	0
166	251	0
156	597	0
388	200	0
284	505	0
280	177	0
225	282	0
41	116	0
327	257	0
357	626	0
429	178	0
71	441	0
82	150	0
356	394	0
157	526	0
338	178	0
252	377	0
197	597	0
82	458	0
367	499	0
257	187	0
36	139	0
283	370	0
255	430	0
361	182	0
214	615	0
413	272	0
347	242	0
375	585	0
93	50	0
7	561	0
357	63	0
133	325	0
26	397	0
25	539	0
333	416	0
374	319	0
233	418	0
291	421	0
134	139	0
97	146	0
428	185	0
132	186	0
262	440	0
60	393	0
61	96	0
108	180	0
363	30	0
142	505	0
67	221	0
241	124	0
216	224	0
33	245	0
116	130	0
132	349	0
352	510	0
287	547	0
409	657	0
56	221	0
358	312	0
197	403	0
249	407	0
37	199	0
188	620	0
148	57	0
203	110	0
217	67	0
290	521	0
256	317	0
143	17	0
189	179	0
282	586	0
214	342	0
243	612	0
121	155	0
80	400	0
382	469	0
177	629	0
289	65	0
268	30	0
196	471	0
261	280	0
413	649	0
38	533	0
37	353	0
359	587	0
390	657	0
276	108	0
89	231	0
285	444	0
236	17	0
173	414	0
280	604	0
425	90	0
93	187	0
114	269	0
373	586	0
263	413	0
174	297	0
236	539	0
100	209	0
202	229	0
27	102	0
75	622	0
95	98	0
275	565	0
311	564	0
287	271	0
392	299	0
235	314	0
431	429	0
36	508	0
257	227	0
273	230	0
359	230	0
342	64	0
133	206	0
310	363	0
394	524	0
68	388	0
325	87	0
178	233	0
171	503	0
167	297	0
74	562	0
129	99	0
249	217	0
145	165	0
281	150	0
144	407	0
87	605	0
433	276	0
275	96	0
156	67	0
119	596	0
305	71	0
292	645	0
36	180	0
389	634	0
263	15	0
238	460	0
227	500	0
402	318	0
91	169	0
44	511	0
424	55	0
54	241	0
251	652	0
114	197	0
110	540	0
369	434	0
150	339	0
367	409	0
72	209	0
15	281	0
13	523	0
384	389	0
261	194	0
19	490	0
387	581	0
231	379	0
152	596	0
162	222	0
23	93	0
418	328	0
348	255	0
353	647	0
86	612	0
430	95	0
223	403	0
30	593	0
275	94	0
429	377	0
241	140	0
357	550	0
395	175	0
31	583	0
386	281	0
194	109	0
89	597	0
415	290	0
19	551	0
350	416	0
288	619	0
152	648	0
45	277	0
194	516	0
94	351	0
387	483	0
269	147	0
161	470	0
99	32	0
14	458	0
288	198	0
326	4	0
162	147	0
311	127	0
3	309	0
131	54	0
178	627	0
389	527	0
120	176	0
235	642	0
338	350	0
190	451	0
393	202	0
431	26	0
309	378	0
383	295	0
208	384	0
387	121	0
431	122	0
311	208	0
82	415	0
203	568	0
226	537	0
75	156	0
366	120	0
9	520	0
32	238	0
80	269	0
167	423	0
288	253	0
332	561	0
369	551	0
392	97	0
203	449	0
292	289	0
136	92	0
327	74	0
382	33	0
428	122	0
77	609	0
345	652	0
328	279	0
387	394	0
213	661	0
344	436	0
87	448	0
6	6	0
328	15	0
16	130	0
195	162	0
391	401	0
85	28	0
74	107	0
418	130	0
368	95	0
365	195	0
405	130	0
266	2	0
215	201	0
95	562	0
315	217	0
296	585	0
15	480	0
342	369	0
334	198	0
121	48	0
274	261	0
43	99	0
359	447	0
391	88	0
58	58	0
222	88	0
128	99	0
166	570	0
308	250	0
23	421	0
361	367	0
77	423	0
153	20	0
313	402	0
38	202	0
126	198	0
320	640	0
285	180	0
195	221	0
329	276	0
273	499	0
31	435	0
139	597	0
389	486	0
206	535	0
343	648	0
368	614	0
55	237	0
273	401	0
149	4	0
400	499	0
6	3	0
155	278	0
437	345	0
265	110	0
179	204	0
312	242	0
200	440	0
180	420	0
132	570	0
51	199	0
167	624	0
90	17	0
233	369	0
434	638	0
77	4	0
226	492	0
418	285	0
218	623	0
323	120	0
66	98	0
418	564	0
380	280	0
359	341	0
288	273	0
390	437	0
206	656	0
50	192	0
320	631	0
83	525	0
288	247	0
353	328	0
263	213	0
81	65	0
267	512	0
15	262	0
371	383	0
148	291	0
61	146	0
416	389	0
173	622	0
315	439	0
364	359	0
93	102	0
108	245	0
369	347	0
387	633	0
106	95	0
98	492	0
257	47	0
407	81	0
438	450	0
199	370	0
108	531	0
332	321	0
414	592	0
116	361	0
118	627	0
353	322	0
354	43	0
341	425	0
233	289	0
420	230	0
329	178	0
313	367	0
359	658	0
185	9	0
44	99	0
58	566	0
49	101	0
276	341	0
310	521	0
408	532	0
382	50	0
377	267	0
70	91	0
276	660	0
331	568	0
394	287	0
47	619	0
192	465	0
385	411	0
378	576	0
320	448	0
25	493	0
11	620	0
378	410	0
157	110	0
433	632	0
408	265	0
414	146	0
13	499	0
160	88	0
262	460	0
195	616	0
35	409	0
105	511	0
390	377	0
125	314	0
193	581	0
17	659	0
180	7	0
424	579	0
377	657	0
290	632	0
338	461	0
61	90	0
30	53	0
348	156	0
278	458	0
