0	0	1
0	21	1
0	24	1
0	28	1
0	34	1
0	35	1
0	40	1
0	43	1
0	45	1
0	50	1
0	51	1
0	52	1
0	54	1
0	59	1
0	119	1
0	139	1
0	141	1
0	167	1
0	170	1
0	219	1
0	222	1
0	233	1
0	249	1
0	258	1
0	259	1
0	277	1
0	278	1
0	284	1
0	292	1
0	311	1
0	312	1
0	327	1
0	329	1
0	490	1
0	529	1
0	548	1
0	558	1
1	111	1
1	120	1
1	127	1
1	178	1
1	200	1
1	226	1
1	231	1
1	249	1
1	281	1
1	285	1
1	296	1
1	324	1
1	348	1
1	600	1
2	233	1
2	267	1
3	249	1
3	250	1
4	365	1
4	436	1
5	2	1
5	20	1
5	175	1
5	373	1
5	569	1
5	575	1
6	127	1
6	267	1
7	267	1
7	269	1
7	271	1
7	374	1
7	376	1
7	377	1
7	514	1
7	543	1
7	567	1
8	260	1
8	261	1
8	264	1
9	157	1
9	252	1
9	508	1
9	524	1
10	566	1
11	1	1
11	65	1
11	72	1
11	194	1
11	328	1
11	332	1
11	363	1
11	541	1
11	596	1
11	640	1
11	663	1
12	111	1
12	220	1
13	14	1
13	231	1
13	335	1
13	376	1
13	377	1
13	516	1
13	528	1
14	376	1
14	377	1
14	568	1
15	13	1
15	23	1
15	36	1
15	48	1
15	49	1
15	116	1
15	126	1
15	161	1
15	164	1
15	165	1
15	166	1
15	168	1
15	169	1
15	204	1
15	205	1
15	248	1
15	256	1
15	257	1
15	273	1
15	287	1
15	305	1
15	306	1
15	307	1
15	333	1
15	352	1
15	366	1
15	386	1
15	388	1
15	414	1
15	425	1
15	426	1
15	435	1
15	444	1
15	445	1
15	460	1
15	464	1
15	484	1
15	485	1
15	509	1
15	510	1
15	511	1
15	512	1
15	513	1
15	531	1
15	540	1
15	545	1
15	564	1
15	585	1
15	620	1
15	649	1
15	655	1
16	21	1
17	206	1
17	349	1
18	477	1
18	546	1
19	66	1
19	282	1
19	334	1
20	350	1
21	118	1
22	14	1
22	279	1
22	289	1
22	303	1
22	376	1
22	377	1
22	528	1
22	530	1
23	207	1
23	641	1
24	412	1
25	167	1
25	642	1
26	210	1
26	211	1
26	212	1
26	213	1
26	214	1
26	288	1
26	318	1
26	319	1
26	336	1
26	518	1
26	621	1
27	384	1
27	418	1
27	420	1
27	438	1
27	469	1
27	652	1
28	16	1
28	33	1
28	37	1
28	39	1
28	55	1
28	62	1
28	64	1
28	70	1
28	76	1
28	128	1
28	129	1
28	130	1
28	131	1
28	132	1
28	133	1
28	134	1
28	135	1
28	136	1
28	189	1
28	192	1
28	198	1
28	239	1
28	309	1
28	385	1
28	413	1
28	437	1
28	458	1
28	459	1
28	461	1
28	462	1
28	463	1
28	465	1
28	466	1
28	467	1
28	468	1
28	470	1
28	471	1
28	472	1
28	473	1
28	474	1
28	475	1
28	476	1
28	478	1
28	479	1
28	481	1
28	482	1
28	523	1
28	542	1
28	615	1
28	618	1
28	625	1
28	635	1
28	636	1
28	637	1
28	650	1
28	660	1
29	518	1
29	519	1
30	210	1
30	211	1
30	212	1
30	213	1
30	214	1
30	319	1
30	518	1
30	519	1
31	201	1
31	288	1
31	518	1
31	519	1
32	580	1
32	581	1
33	90	1
33	210	1
33	211	1
33	212	1
33	308	1
33	319	1
33	518	1
33	519	1
34	518	1
34	519	1
35	109	1
36	518	1
36	519	1
37	93	1
37	112	1
37	167	1
37	170	1
37	171	1
37	174	1
37	177	1
37	180	1
37	337	1
37	364	1
38	210	1
38	211	1
38	212	1
38	213	1
38	214	1
38	308	1
38	319	1
38	518	1
38	519	1
39	15	1
39	96	1
39	115	1
39	194	1
39	383	1
39	515	1
40	27	1
40	81	1
40	82	1
40	83	1
40	84	1
40	85	1
40	86	1
40	87	1
40	88	1
40	89	1
40	90	1
40	91	1
40	92	1
40	93	1
40	94	1
40	95	1
40	96	1
40	97	1
40	98	1
40	99	1
40	100	1
40	101	1
40	102	1
40	103	1
40	104	1
40	105	1
40	106	1
40	107	1
40	108	1
40	109	1
40	110	1
40	145	1
40	223	1
40	240	1
40	251	1
40	320	1
40	379	1
40	391	1
40	517	1
40	549	1
40	634	1
40	646	1
40	656	1
41	210	1
41	211	1
41	212	1
41	213	1
41	214	1
41	319	1
41	518	1
41	519	1
42	117	1
43	117	1
44	228	1
45	518	1
45	519	1
46	106	1
47	1	1
48	518	1
48	519	1
49	13	1
49	23	1
49	36	1
49	41	1
49	49	1
49	77	1
49	116	1
49	143	1
49	144	1
49	164	1
49	165	1
49	166	1
49	168	1
49	169	1
49	204	1
49	205	1
49	248	1
49	256	1
49	257	1
49	287	1
49	305	1
49	306	1
49	307	1
49	352	1
49	366	1
49	386	1
49	388	1
49	425	1
49	426	1
49	435	1
49	485	1
49	509	1
49	510	1
49	511	1
49	512	1
49	513	1
49	540	1
49	545	1
49	564	1
49	585	1
49	620	1
49	655	1
50	443	1
51	518	1
51	519	1
52	580	1
52	581	1
53	16	1
53	33	1
53	37	1
53	39	1
53	55	1
53	62	1
53	64	1
53	70	1
53	76	1
53	128	1
53	129	1
53	130	1
53	131	1
53	132	1
53	133	1
53	134	1
53	135	1
53	136	1
53	189	1
53	192	1
53	198	1
53	239	1
53	385	1
53	458	1
53	459	1
53	465	1
53	466	1
53	467	1
53	468	1
53	470	1
53	471	1
53	472	1
53	473	1
53	474	1
53	475	1
53	476	1
53	478	1
53	479	1
53	481	1
53	482	1
53	523	1
53	542	1
53	615	1
53	618	1
53	625	1
53	636	1
53	637	1
53	650	1
53	660	1
54	378	1
55	580	1
55	581	1
56	109	1
57	108	1
58	333	1
58	531	1
59	114	1
60	236	1
61	120	1
61	446	1
62	217	1
62	221	1
62	235	1
62	644	1
63	18	1
63	31	1
63	80	1
63	81	1
63	92	1
63	93	1
63	121	1
63	122	1
63	123	1
63	220	1
63	318	1
63	336	1
63	372	1
63	518	1
63	519	1
63	565	1
63	621	1
64	38	1
64	208	1
64	301	1
64	603	1
64	604	1
64	605	1
64	606	1
64	607	1
64	608	1
64	609	1
64	610	1
64	611	1
64	612	1
65	383	1
66	236	1
66	255	1
67	600	1
68	27	1
68	80	1
68	81	1
68	82	1
68	83	1
68	84	1
68	85	1
68	86	1
68	87	1
68	88	1
68	89	1
68	90	1
68	91	1
68	92	1
68	93	1
68	94	1
68	95	1
68	96	1
68	97	1
68	98	1
68	99	1
68	100	1
68	101	1
68	102	1
68	103	1
68	104	1
68	105	1
68	106	1
68	107	1
68	108	1
68	109	1
68	110	1
68	145	1
68	223	1
68	240	1
68	251	1
68	320	1
68	379	1
68	391	1
68	517	1
68	549	1
68	634	1
68	646	1
68	656	1
69	26	1
69	232	1
69	375	1
69	392	1
69	394	1
69	395	1
69	396	1
69	397	1
69	398	1
69	399	1
69	400	1
69	403	1
69	404	1
69	405	1
69	406	1
69	407	1
69	408	1
69	639	1
69	640	1
70	26	1
70	232	1
70	375	1
70	392	1
70	394	1
70	395	1
70	396	1
70	397	1
70	398	1
70	399	1
70	400	1
70	403	1
70	404	1
70	405	1
70	406	1
70	407	1
70	408	1
70	639	1
70	640	1
71	92	1
71	96	1
72	114	1
73	89	1
73	96	1
74	163	1
74	316	1
74	323	1
74	324	1
74	626	1
74	630	1
75	92	1
75	96	1
76	12	1
76	317	1
77	81	1
77	88	1
77	92	1
77	96	1
77	190	1
78	117	1
79	88	1
79	96	1
79	308	1
79	378	1
80	603	1
80	604	1
80	606	1
81	347	1
82	92	1
83	518	1
83	519	1
84	236	1
84	255	1
85	88	1
85	90	1
86	423	1
87	423	1
88	423	1
89	518	1
89	519	1
90	124	1
90	227	1
90	237	1
90	254	1
90	360	1
90	378	1
90	381	1
90	528	1
90	530	1
90	550	1
90	551	1
90	569	1
90	631	1
90	662	1
91	255	1
92	38	1
92	208	1
92	301	1
92	603	1
92	604	1
92	605	1
92	606	1
92	607	1
92	608	1
92	609	1
92	610	1
92	611	1
92	612	1
93	255	1
94	270	1
95	114	1
96	96	1
97	137	1
98	26	1
98	232	1
98	375	1
98	392	1
98	394	1
98	395	1
98	396	1
98	397	1
98	398	1
98	399	1
98	400	1
98	403	1
98	404	1
98	405	1
98	406	1
98	407	1
98	408	1
98	639	1
98	640	1
99	211	1
99	518	1
99	519	1
99	583	1
100	27	1
100	80	1
100	81	1
100	82	1
100	83	1
100	84	1
100	85	1
100	86	1
100	87	1
100	88	1
100	89	1
100	90	1
100	91	1
100	92	1
100	93	1
100	94	1
100	95	1
100	96	1
100	97	1
100	98	1
100	99	1
100	100	1
100	101	1
100	102	1
100	103	1
100	104	1
100	105	1
100	106	1
100	107	1
100	108	1
100	109	1
100	110	1
100	145	1
100	223	1
100	240	1
100	251	1
100	320	1
100	379	1
100	391	1
100	517	1
100	549	1
100	634	1
100	646	1
100	656	1
101	114	1
102	96	1
103	255	1
104	27	1
104	80	1
104	81	1
104	82	1
104	83	1
104	84	1
104	85	1
104	86	1
104	87	1
104	88	1
104	89	1
104	90	1
104	91	1
104	92	1
104	93	1
104	94	1
104	95	1
104	96	1
104	97	1
104	98	1
104	99	1
104	100	1
104	101	1
104	102	1
104	103	1
104	104	1
104	105	1
104	106	1
104	107	1
104	108	1
104	109	1
104	110	1
104	145	1
104	223	1
104	240	1
104	251	1
104	320	1
104	379	1
104	391	1
104	517	1
104	549	1
104	634	1
104	646	1
104	656	1
105	255	1
106	121	1
106	122	1
106	123	1
106	200	1
106	201	1
106	336	1
106	584	1
106	599	1
107	27	1
107	81	1
107	82	1
107	83	1
107	84	1
107	85	1
107	86	1
107	87	1
107	88	1
107	89	1
107	90	1
107	91	1
107	92	1
107	93	1
107	94	1
107	95	1
107	96	1
107	97	1
107	98	1
107	99	1
107	100	1
107	101	1
107	103	1
107	105	1
107	106	1
107	107	1
107	108	1
107	109	1
107	110	1
107	145	1
107	223	1
107	240	1
107	251	1
107	275	1
107	276	1
107	320	1
107	379	1
107	383	1
107	391	1
107	517	1
107	549	1
107	634	1
107	646	1
107	656	1
108	211	1
109	88	1
109	90	1
110	26	1
110	30	1
110	53	1
110	63	1
110	197	1
110	232	1
110	238	1
110	263	1
110	280	1
110	375	1
110	380	1
110	382	1
110	392	1
110	394	1
110	395	1
110	396	1
110	397	1
110	398	1
110	399	1
110	400	1
110	401	1
110	402	1
110	403	1
110	404	1
110	405	1
110	406	1
110	407	1
110	408	1
110	410	1
110	414	1
110	415	1
110	416	1
110	427	1
110	428	1
110	429	1
110	430	1
110	431	1
110	432	1
110	433	1
110	434	1
110	486	1
110	488	1
110	555	1
110	556	1
110	632	1
110	639	1
110	640	1
111	565	1
112	114	1
113	61	1
113	191	1
113	291	1
113	414	1
114	518	1
114	519	1
115	96	1
115	270	1
116	27	1
116	80	1
116	81	1
116	82	1
116	83	1
116	84	1
116	85	1
116	86	1
116	87	1
116	88	1
116	89	1
116	91	1
116	92	1
116	93	1
116	94	1
116	95	1
116	96	1
116	97	1
116	98	1
116	99	1
116	100	1
116	101	1
116	102	1
116	103	1
116	105	1
116	106	1
116	107	1
116	108	1
116	109	1
116	110	1
116	145	1
116	223	1
116	240	1
116	251	1
116	320	1
116	379	1
116	391	1
116	517	1
116	549	1
116	634	1
116	646	1
116	656	1
117	0	1
117	44	1
117	210	1
117	211	1
117	212	1
117	213	1
117	214	1
117	288	1
117	303	1
117	319	1
117	659	1
118	519	1
119	190	1
120	518	1
120	519	1
121	81	1
121	92	1
122	361	1
123	114	1
124	518	1
124	519	1
125	360	1
126	333	1
127	117	1
128	163	1
129	622	1
130	26	1
130	30	1
130	53	1
130	63	1
130	191	1
130	197	1
130	232	1
130	238	1
130	263	1
130	266	1
130	280	1
130	290	1
130	353	1
130	380	1
130	382	1
130	387	1
130	392	1
130	394	1
130	395	1
130	396	1
130	397	1
130	398	1
130	399	1
130	400	1
130	401	1
130	402	1
130	403	1
130	404	1
130	405	1
130	407	1
130	408	1
130	410	1
130	414	1
130	415	1
130	416	1
130	427	1
130	428	1
130	429	1
130	430	1
130	431	1
130	432	1
130	433	1
130	434	1
130	486	1
130	488	1
130	522	1
130	555	1
130	556	1
130	629	1
130	632	1
130	639	1
130	640	1
131	92	1
131	96	1
132	323	1
132	324	1
133	210	1
133	211	1
133	212	1
133	213	1
133	214	1
133	308	1
133	319	1
133	517	1
133	518	1
133	519	1
134	88	1
134	90	1
135	190	1
136	351	1
137	351	1
138	38	1
138	208	1
138	301	1
138	603	1
138	604	1
138	605	1
138	606	1
138	607	1
138	608	1
138	609	1
138	610	1
138	611	1
138	612	1
139	38	1
139	208	1
139	301	1
139	603	1
139	604	1
139	605	1
139	606	1
139	607	1
139	608	1
139	609	1
139	610	1
139	611	1
139	612	1
140	92	1
140	96	1
141	26	1
141	27	1
141	30	1
141	53	1
141	63	1
141	80	1
141	81	1
141	82	1
141	83	1
141	85	1
141	86	1
141	87	1
141	88	1
141	89	1
141	90	1
141	91	1
141	92	1
141	93	1
141	94	1
141	95	1
141	96	1
141	97	1
141	98	1
141	99	1
141	100	1
141	101	1
141	102	1
141	103	1
141	104	1
141	105	1
141	106	1
141	107	1
141	108	1
141	109	1
141	110	1
141	145	1
141	197	1
141	223	1
141	232	1
141	238	1
141	240	1
141	251	1
141	263	1
141	280	1
141	320	1
141	344	1
141	379	1
141	380	1
141	382	1
141	391	1
141	392	1
141	394	1
141	395	1
141	396	1
141	397	1
141	398	1
141	399	1
141	400	1
141	401	1
141	402	1
141	403	1
141	404	1
141	405	1
141	407	1
141	408	1
141	410	1
141	414	1
141	415	1
141	416	1
141	427	1
141	428	1
141	429	1
141	430	1
141	431	1
141	432	1
141	433	1
141	434	1
141	486	1
141	488	1
141	517	1
141	549	1
141	555	1
141	556	1
141	632	1
141	634	1
141	639	1
141	640	1
141	646	1
141	656	1
142	378	1
143	88	1
144	124	1
145	88	1
146	604	1
146	606	1
147	38	1
147	208	1
147	301	1
147	603	1
147	604	1
147	605	1
147	606	1
147	607	1
147	608	1
147	609	1
147	610	1
147	611	1
147	612	1
148	27	1
148	80	1
148	81	1
148	82	1
148	83	1
148	84	1
148	85	1
148	86	1
148	87	1
148	88	1
148	89	1
148	90	1
148	91	1
148	92	1
148	94	1
148	95	1
148	96	1
148	97	1
148	98	1
148	99	1
148	100	1
148	101	1
148	102	1
148	103	1
148	104	1
148	105	1
148	106	1
148	107	1
148	108	1
148	109	1
148	110	1
148	145	1
148	223	1
148	230	1
148	240	1
148	251	1
148	320	1
148	379	1
148	390	1
148	391	1
148	517	1
148	549	1
148	634	1
148	646	1
148	656	1
149	93	1
149	230	1
149	390	1
150	93	1
150	230	1
150	390	1
151	230	1
151	390	1
152	230	1
152	390	1
153	93	1
153	230	1
153	390	1
154	378	1
155	96	1
156	163	1
157	121	1
157	122	1
157	123	1
157	318	1
157	336	1
157	584	1
157	599	1
157	621	1
158	81	1
158	92	1
158	96	1
159	518	1
159	519	1
160	90	1
160	518	1
160	519	1
161	518	1
161	519	1
162	80	1
162	81	1
163	27	1
163	80	1
163	81	1
163	82	1
163	83	1
163	84	1
163	85	1
163	86	1
163	87	1
163	88	1
163	89	1
163	90	1
163	91	1
163	92	1
163	93	1
163	94	1
163	95	1
163	96	1
163	97	1
163	98	1
163	99	1
163	100	1
163	101	1
163	102	1
163	103	1
163	104	1
163	105	1
163	106	1
163	108	1
163	109	1
163	110	1
163	145	1
163	223	1
163	240	1
163	251	1
163	320	1
163	379	1
163	391	1
163	517	1
163	549	1
163	634	1
163	646	1
163	656	1
164	18	1
164	31	1
164	121	1
164	122	1
164	123	1
164	220	1
164	242	1
164	243	1
164	244	1
164	245	1
164	246	1
164	247	1
164	318	1
164	336	1
164	372	1
164	621	1
165	573	1
166	78	1
166	127	1
166	577	1
166	578	1
166	588	1
166	597	1
166	598	1
167	90	1
168	89	1
169	114	1
170	114	1
171	114	1
172	114	1
173	114	1
174	217	1
174	221	1
174	235	1
174	644	1
175	351	1
176	603	1
176	604	1
176	606	1
177	603	1
177	604	1
177	606	1
178	38	1
178	208	1
178	301	1
178	603	1
178	604	1
178	605	1
178	606	1
178	607	1
178	608	1
178	609	1
178	610	1
178	611	1
178	612	1
179	38	1
179	208	1
179	301	1
179	603	1
179	604	1
179	605	1
179	606	1
179	607	1
179	608	1
179	609	1
179	610	1
179	611	1
179	612	1
180	347	1
180	603	1
180	604	1
180	606	1
181	38	1
181	208	1
181	301	1
181	603	1
181	604	1
181	605	1
181	606	1
181	607	1
181	608	1
181	609	1
181	610	1
181	611	1
181	612	1
182	347	1
182	603	1
182	604	1
182	606	1
183	347	1
183	603	1
183	604	1
183	606	1
184	333	1
184	531	1
185	333	1
185	531	1
186	26	1
186	232	1
186	392	1
186	394	1
186	395	1
186	396	1
186	397	1
186	398	1
186	399	1
186	400	1
186	403	1
186	404	1
186	405	1
186	407	1
186	639	1
187	603	1
187	604	1
188	603	1
189	190	1
189	342	1
190	163	1
190	531	1
191	118	1
192	291	1
192	292	1
193	188	1
194	575	1
195	80	1
195	81	1
195	84	1
195	93	1
196	60	1
197	323	1
197	324	1
198	60	1
199	333	1
199	531	1
200	518	1
200	519	1
201	518	1
201	519	1
202	323	1
202	324	1
203	518	1
203	519	1
204	362	1
205	88	1
205	90	1
206	236	1
207	236	1
208	270	1
209	270	1
210	270	1
211	270	1
212	25	1
212	56	1
212	345	1
212	346	1
213	25	1
213	56	1
213	345	1
213	346	1
214	518	1
214	519	1
215	518	1
215	519	1
216	323	1
217	80	1
217	81	1
217	82	1
217	83	1
217	84	1
217	85	1
217	86	1
217	87	1
217	88	1
217	89	1
217	90	1
217	91	1
217	92	1
217	93	1
217	94	1
217	95	1
217	96	1
217	97	1
217	99	1
217	106	1
217	145	1
217	223	1
217	251	1
217	549	1
218	106	1
219	80	1
219	81	1
219	82	1
219	83	1
219	84	1
219	85	1
219	86	1
219	87	1
219	88	1
219	89	1
219	90	1
219	91	1
219	92	1
219	93	1
219	94	1
219	95	1
219	96	1
219	97	1
219	99	1
219	106	1
219	145	1
219	223	1
219	251	1
219	549	1
220	446	1
221	518	1
221	519	1
222	518	1
222	519	1
223	518	1
223	519	1
224	333	1
225	333	1
226	333	1
227	333	1
228	272	1
228	340	1
228	341	1
228	343	1
229	46	1
229	579	1
229	582	1
229	643	1
230	588	1
231	114	1
232	27	1
232	80	1
232	81	1
232	82	1
232	83	1
232	84	1
232	85	1
232	86	1
232	87	1
232	88	1
232	89	1
232	90	1
232	91	1
232	92	1
232	93	1
232	94	1
232	95	1
232	96	1
232	97	1
232	98	1
232	99	1
232	100	1
232	101	1
232	102	1
232	103	1
232	104	1
232	105	1
232	106	1
232	107	1
232	108	1
232	109	1
232	110	1
232	145	1
232	223	1
232	240	1
232	251	1
232	320	1
232	379	1
232	391	1
232	517	1
232	549	1
232	634	1
232	646	1
232	656	1
233	323	1
233	324	1
234	531	1
235	114	1
236	518	1
236	519	1
237	26	1
237	232	1
237	375	1
237	392	1
237	394	1
237	395	1
237	396	1
237	397	1
237	398	1
237	399	1
237	400	1
237	403	1
237	404	1
237	405	1
237	406	1
237	407	1
237	408	1
237	639	1
237	640	1
238	426	1
238	435	1
239	92	1
240	274	1
241	518	1
241	519	1
242	38	1
242	208	1
242	301	1
242	603	1
242	604	1
242	605	1
242	606	1
242	607	1
242	608	1
242	609	1
242	610	1
242	611	1
242	612	1
243	26	1
243	232	1
243	375	1
243	392	1
243	394	1
243	395	1
243	396	1
243	397	1
243	398	1
243	399	1
243	400	1
243	403	1
243	404	1
243	405	1
243	406	1
243	407	1
243	408	1
243	639	1
243	640	1
244	588	1
245	19	1
245	42	1
245	47	1
245	57	1
245	138	1
245	161	1
245	218	1
245	224	1
245	265	1
245	268	1
245	314	1
245	315	1
245	317	1
245	333	1
245	368	1
245	369	1
245	370	1
245	371	1
245	393	1
245	421	1
245	422	1
245	423	1
245	424	1
245	439	1
245	440	1
245	441	1
245	531	1
245	547	1
245	559	1
245	588	1
245	617	1
245	619	1
245	623	1
245	624	1
245	633	1
245	653	1
245	657	1
246	333	1
247	347	1
248	603	1
248	604	1
248	606	1
249	580	1
249	581	1
250	580	1
250	581	1
251	22	1
251	32	1
251	447	1
251	448	1
251	449	1
251	450	1
251	451	1
251	452	1
251	453	1
251	454	1
251	455	1
251	456	1
251	591	1
251	592	1
251	593	1
251	594	1
251	595	1
251	616	1
252	518	1
252	519	1
253	210	1
253	211	1
253	212	1
253	213	1
253	214	1
253	232	1
253	319	1
253	406	1
254	41	1
254	77	1
254	235	1
254	439	1
255	213	1
255	518	1
255	519	1
256	423	1
257	350	1
258	518	1
258	519	1
259	80	1
259	81	1
259	82	1
259	83	1
259	84	1
259	85	1
259	86	1
259	87	1
259	88	1
259	89	1
259	90	1
259	91	1
259	92	1
259	93	1
259	94	1
259	95	1
259	96	1
259	97	1
259	99	1
259	106	1
259	145	1
259	223	1
259	251	1
259	549	1
260	46	1
260	579	1
260	582	1
260	643	1
261	5	1
261	17	1
261	58	1
261	74	1
261	75	1
261	140	1
261	142	1
261	146	1
261	147	1
261	148	1
261	149	1
261	150	1
261	151	1
261	152	1
261	153	1
261	154	1
261	155	1
261	156	1
261	158	1
261	159	1
261	160	1
261	173	1
261	181	1
261	182	1
261	184	1
261	185	1
261	186	1
261	187	1
261	195	1
261	196	1
261	199	1
261	209	1
261	215	1
261	216	1
261	241	1
261	253	1
261	262	1
261	283	1
261	293	1
261	294	1
261	295	1
261	297	1
261	298	1
261	299	1
261	302	1
261	304	1
261	310	1
261	321	1
261	322	1
261	326	1
261	330	1
261	339	1
261	342	1
261	354	1
261	355	1
261	356	1
261	357	1
261	358	1
261	359	1
261	409	1
261	411	1
261	480	1
261	489	1
261	502	1
261	503	1
261	504	1
261	505	1
261	506	1
261	520	1
261	521	1
261	533	1
261	534	1
261	535	1
261	538	1
261	544	1
261	552	1
261	553	1
261	554	1
261	561	1
261	563	1
261	570	1
261	571	1
261	572	1
261	574	1
261	576	1
261	586	1
261	587	1
261	590	1
261	601	1
261	602	1
261	613	1
261	645	1
261	647	1
261	648	1
261	651	1
261	654	1
262	518	1
262	519	1
263	518	1
263	519	1
264	518	1
264	519	1
265	114	1
266	518	1
266	519	1
267	518	1
267	519	1
268	518	1
268	519	1
269	217	1
269	221	1
269	644	1
270	114	1
271	194	1
272	26	1
272	232	1
272	375	1
272	392	1
272	394	1
272	395	1
272	396	1
272	397	1
272	398	1
272	399	1
272	400	1
272	403	1
272	404	1
272	405	1
272	406	1
272	407	1
272	408	1
272	639	1
272	640	1
273	26	1
273	232	1
273	375	1
273	392	1
273	394	1
273	395	1
273	396	1
273	397	1
273	398	1
273	399	1
273	400	1
273	403	1
273	404	1
273	405	1
273	406	1
273	407	1
273	408	1
273	639	1
273	640	1
274	518	1
274	519	1
275	26	1
275	232	1
275	375	1
275	392	1
275	394	1
275	395	1
275	396	1
275	397	1
275	398	1
275	399	1
275	400	1
275	403	1
275	404	1
275	405	1
275	406	1
275	407	1
275	408	1
275	639	1
275	640	1
276	194	1
277	518	1
277	519	1
278	580	1
278	581	1
279	518	1
279	519	1
280	518	1
280	519	1
281	518	1
281	519	1
282	423	1
283	162	1
284	73	1
284	183	1
284	492	1
284	493	1
284	494	1
284	495	1
284	496	1
284	497	1
284	498	1
284	499	1
284	500	1
284	501	1
284	539	1
285	194	1
286	166	1
287	270	1
288	518	1
288	519	1
289	580	1
289	581	1
290	323	1
290	324	1
291	114	1
292	442	1
292	536	1
293	46	1
293	579	1
293	580	1
293	581	1
293	582	1
293	643	1
294	270	1
295	144	1
296	557	1
296	627	1
297	176	1
298	96	1
299	518	1
299	519	1
300	17	1
300	74	1
300	140	1
300	142	1
300	146	1
300	147	1
300	148	1
300	149	1
300	150	1
300	151	1
300	152	1
300	153	1
300	154	1
300	155	1
300	156	1
300	158	1
300	159	1
300	160	1
300	184	1
300	185	1
300	186	1
300	187	1
300	195	1
300	196	1
300	199	1
300	209	1
300	241	1
300	283	1
300	293	1
300	294	1
300	302	1
300	304	1
300	321	1
300	330	1
300	339	1
300	342	1
300	354	1
300	355	1
300	356	1
300	357	1
300	358	1
300	359	1
300	409	1
300	411	1
300	489	1
300	521	1
300	533	1
300	534	1
300	538	1
300	572	1
300	576	1
300	590	1
300	613	1
301	163	1
302	361	1
303	26	1
303	232	1
303	375	1
303	392	1
303	394	1
303	395	1
303	396	1
303	397	1
303	398	1
303	399	1
303	400	1
303	403	1
303	404	1
303	405	1
303	406	1
303	407	1
303	408	1
303	639	1
303	640	1
304	26	1
304	232	1
304	375	1
304	392	1
304	394	1
304	395	1
304	396	1
304	397	1
304	398	1
304	399	1
304	400	1
304	403	1
304	404	1
304	405	1
304	406	1
304	407	1
304	408	1
304	639	1
304	640	1
305	26	1
305	232	1
305	375	1
305	392	1
305	394	1
305	395	1
305	396	1
305	397	1
305	398	1
305	399	1
305	400	1
305	403	1
305	404	1
305	405	1
305	406	1
305	407	1
305	408	1
305	639	1
305	640	1
306	333	1
307	518	1
307	519	1
308	117	1
309	580	1
309	581	1
310	46	1
310	579	1
310	582	1
310	643	1
311	333	1
312	67	1
312	68	1
312	69	1
312	457	1
313	333	1
313	531	1
314	125	1
315	580	1
315	581	1
316	26	1
316	232	1
316	375	1
316	392	1
316	394	1
316	395	1
316	396	1
316	397	1
316	398	1
316	399	1
316	400	1
316	403	1
316	404	1
316	405	1
316	406	1
316	407	1
316	408	1
316	639	1
316	640	1
317	270	1
318	573	1
319	423	1
320	518	1
320	519	1
321	300	1
322	329	1
323	225	1
324	580	1
324	581	1
325	15	1
325	194	1
326	194	1
327	580	1
327	581	1
328	29	1
328	163	1
328	164	1
328	165	1
328	166	1
328	228	1
328	507	1
328	614	1
329	518	1
329	519	1
330	92	1
331	518	1
331	519	1
332	518	1
332	519	1
333	57	1
333	89	1
333	96	1
333	603	1
334	113	1
334	417	1
334	536	1
334	588	1
335	560	1
336	333	1
337	603	1
338	80	1
338	81	1
338	82	1
338	83	1
338	84	1
338	85	1
338	86	1
338	87	1
338	88	1
338	89	1
338	90	1
338	91	1
338	92	1
338	93	1
338	94	1
338	95	1
338	96	1
338	97	1
338	99	1
338	106	1
338	145	1
338	223	1
338	251	1
338	549	1
339	117	1
340	110	1
341	333	1
342	323	1
342	324	1
343	323	1
343	324	1
344	323	1
344	324	1
345	323	1
345	324	1
346	323	1
346	324	1
347	323	1
347	324	1
348	367	1
349	323	1
349	324	1
350	323	1
350	324	1
351	323	1
351	324	1
352	26	1
352	232	1
352	375	1
352	392	1
352	394	1
352	395	1
352	396	1
352	397	1
352	398	1
352	399	1
352	400	1
352	403	1
352	404	1
352	405	1
352	406	1
352	407	1
352	408	1
352	639	1
352	640	1
353	92	1
354	580	1
354	581	1
355	518	1
355	519	1
356	333	1
356	531	1
357	26	1
357	232	1
357	375	1
357	392	1
357	394	1
357	395	1
357	396	1
357	397	1
357	398	1
357	399	1
357	400	1
357	403	1
357	404	1
357	405	1
357	406	1
357	407	1
357	408	1
357	639	1
357	640	1
358	46	1
358	579	1
358	580	1
358	581	1
358	582	1
358	643	1
359	21	1
359	61	1
359	172	1
359	229	1
359	286	1
359	487	1
359	491	1
359	525	1
359	526	1
359	527	1
359	628	1
360	194	1
361	3	1
361	4	1
361	6	1
361	7	1
361	8	1
361	9	1
361	10	1
361	11	1
361	193	1
361	331	1
361	638	1
361	661	1
362	557	1
362	627	1
363	562	1
363	589	1
364	114	1
365	73	1
365	183	1
365	492	1
365	493	1
365	494	1
365	495	1
365	496	1
365	497	1
365	498	1
365	499	1
365	500	1
365	501	1
365	539	1
366	532	1
367	26	1
367	232	1
367	375	1
367	392	1
367	394	1
367	395	1
367	396	1
367	397	1
367	398	1
367	399	1
367	400	1
367	403	1
367	404	1
367	405	1
367	406	1
367	407	1
367	408	1
367	639	1
367	640	1
368	17	1
368	74	1
368	140	1
368	142	1
368	146	1
368	147	1
368	148	1
368	149	1
368	150	1
368	151	1
368	152	1
368	153	1
368	154	1
368	155	1
368	156	1
368	158	1
368	159	1
368	160	1
368	184	1
368	185	1
368	186	1
368	187	1
368	195	1
368	196	1
368	199	1
368	209	1
368	241	1
368	283	1
368	293	1
368	294	1
368	302	1
368	304	1
368	321	1
368	330	1
368	339	1
368	342	1
368	354	1
368	355	1
368	356	1
368	357	1
368	358	1
368	359	1
368	409	1
368	411	1
368	489	1
368	521	1
368	533	1
368	534	1
368	538	1
368	572	1
368	576	1
368	590	1
368	613	1
369	17	1
369	74	1
369	140	1
369	142	1
369	146	1
369	147	1
369	148	1
369	149	1
369	150	1
369	151	1
369	152	1
369	153	1
369	154	1
369	155	1
369	156	1
369	158	1
369	159	1
369	160	1
369	184	1
369	185	1
369	186	1
369	187	1
369	195	1
369	196	1
369	199	1
369	209	1
369	241	1
369	283	1
369	293	1
369	294	1
369	302	1
369	304	1
369	321	1
369	330	1
369	339	1
369	342	1
369	354	1
369	355	1
369	356	1
369	357	1
369	358	1
369	359	1
369	409	1
369	411	1
369	489	1
369	521	1
369	533	1
369	534	1
369	538	1
369	572	1
369	576	1
369	590	1
369	613	1
370	26	1
370	232	1
370	375	1
370	392	1
370	394	1
370	395	1
370	396	1
370	397	1
370	398	1
370	399	1
370	400	1
370	403	1
370	404	1
370	405	1
370	406	1
370	407	1
370	408	1
370	639	1
370	640	1
371	17	1
371	74	1
371	140	1
371	142	1
371	146	1
371	147	1
371	148	1
371	149	1
371	150	1
371	151	1
371	152	1
371	153	1
371	154	1
371	155	1
371	156	1
371	158	1
371	159	1
371	160	1
371	184	1
371	185	1
371	186	1
371	187	1
371	195	1
371	196	1
371	199	1
371	209	1
371	241	1
371	283	1
371	293	1
371	294	1
371	302	1
371	304	1
371	321	1
371	330	1
371	339	1
371	342	1
371	354	1
371	355	1
371	356	1
371	357	1
371	358	1
371	359	1
371	409	1
371	411	1
371	489	1
371	521	1
371	533	1
371	534	1
371	538	1
371	572	1
371	576	1
371	590	1
371	613	1
372	84	1
372	86	1
372	201	1
373	217	1
373	221	1
373	644	1
374	114	1
375	270	1
376	270	1
377	18	1
377	27	1
377	31	1
377	79	1
377	80	1
377	81	1
377	82	1
377	83	1
377	84	1
377	85	1
377	86	1
377	87	1
377	88	1
377	89	1
377	90	1
377	91	1
377	92	1
377	93	1
377	94	1
377	95	1
377	96	1
377	97	1
377	99	1
377	100	1
377	101	1
377	102	1
377	103	1
377	104	1
377	105	1
377	106	1
377	107	1
377	108	1
377	109	1
377	110	1
377	121	1
377	122	1
377	123	1
377	145	1
377	179	1
377	220	1
377	223	1
377	240	1
377	251	1
377	318	1
377	320	1
377	367	1
377	372	1
377	419	1
377	517	1
377	536	1
377	537	1
377	549	1
377	621	1
377	634	1
377	646	1
378	518	1
378	519	1
379	518	1
379	519	1
380	518	1
380	519	1
381	518	1
381	519	1
382	518	1
382	519	1
383	518	1
383	519	1
384	202	1
384	203	1
385	163	1
386	163	1
387	323	1
387	324	1
388	323	1
388	324	1
389	557	1
389	627	1
390	557	1
390	627	1
391	73	1
391	183	1
391	492	1
391	493	1
391	494	1
391	495	1
391	496	1
391	497	1
391	498	1
391	499	1
391	500	1
391	501	1
391	539	1
392	532	1
393	532	1
394	532	1
395	532	1
396	333	1
397	114	1
398	114	1
399	114	1
400	114	1
401	114	1
402	114	1
403	114	1
404	114	1
405	114	1
406	114	1
407	114	1
408	114	1
409	114	1
410	80	1
410	81	1
410	82	1
410	83	1
410	84	1
410	85	1
410	86	1
410	87	1
410	88	1
410	89	1
410	90	1
410	91	1
410	92	1
410	93	1
410	94	1
410	95	1
410	96	1
410	97	1
410	99	1
410	106	1
410	145	1
410	223	1
410	251	1
410	549	1
411	80	1
411	81	1
411	82	1
411	83	1
411	84	1
411	85	1
411	86	1
411	87	1
411	88	1
411	89	1
411	90	1
411	91	1
411	92	1
411	93	1
411	94	1
411	95	1
411	96	1
411	97	1
411	99	1
411	105	1
411	106	1
411	145	1
411	223	1
411	251	1
411	549	1
412	80	1
412	81	1
412	82	1
412	83	1
412	84	1
412	85	1
412	86	1
412	87	1
412	88	1
412	89	1
412	90	1
412	91	1
412	92	1
412	93	1
412	94	1
412	95	1
412	96	1
412	97	1
412	99	1
412	105	1
412	106	1
412	145	1
412	223	1
412	251	1
412	549	1
413	112	1
414	144	1
415	71	1
415	120	1
415	234	1
415	348	1
415	389	1
415	614	1
415	658	1
416	194	1
417	194	1
418	194	1
419	194	1
420	270	1
421	333	1
421	531	1
422	333	1
423	333	1
424	588	1
425	25	1
425	56	1
425	345	1
425	346	1
426	38	1
426	208	1
426	301	1
426	603	1
426	604	1
426	605	1
426	606	1
426	607	1
426	608	1
426	609	1
426	610	1
426	611	1
426	612	1
427	211	1
428	580	1
428	581	1
429	17	1
429	74	1
429	140	1
429	142	1
429	146	1
429	147	1
429	148	1
429	149	1
429	150	1
429	151	1
429	152	1
429	153	1
429	154	1
429	155	1
429	156	1
429	158	1
429	159	1
429	160	1
429	184	1
429	185	1
429	186	1
429	187	1
429	195	1
429	196	1
429	199	1
429	209	1
429	241	1
429	283	1
429	293	1
429	294	1
429	302	1
429	304	1
429	321	1
429	330	1
429	339	1
429	342	1
429	354	1
429	355	1
429	356	1
429	357	1
429	358	1
429	359	1
429	409	1
429	411	1
429	489	1
429	521	1
429	533	1
429	534	1
429	538	1
429	572	1
429	576	1
429	590	1
429	613	1
430	17	1
430	74	1
430	140	1
430	142	1
430	146	1
430	147	1
430	148	1
430	149	1
430	150	1
430	151	1
430	152	1
430	153	1
430	154	1
430	155	1
430	156	1
430	158	1
430	159	1
430	160	1
430	184	1
430	185	1
430	186	1
430	187	1
430	195	1
430	196	1
430	199	1
430	209	1
430	241	1
430	283	1
430	293	1
430	294	1
430	302	1
430	304	1
430	321	1
430	330	1
430	339	1
430	342	1
430	354	1
430	355	1
430	356	1
430	357	1
430	358	1
430	359	1
430	409	1
430	411	1
430	489	1
430	521	1
430	533	1
430	534	1
430	538	1
430	572	1
430	576	1
430	590	1
430	613	1
431	17	1
431	74	1
431	140	1
431	142	1
431	146	1
431	147	1
431	148	1
431	149	1
431	150	1
431	151	1
431	152	1
431	153	1
431	154	1
431	155	1
431	156	1
431	158	1
431	159	1
431	160	1
431	184	1
431	185	1
431	186	1
431	187	1
431	195	1
431	196	1
431	199	1
431	209	1
431	241	1
431	283	1
431	293	1
431	294	1
431	302	1
431	304	1
431	321	1
431	330	1
431	339	1
431	342	1
431	354	1
431	355	1
431	356	1
431	357	1
431	358	1
431	359	1
431	409	1
431	411	1
431	489	1
431	521	1
431	533	1
431	534	1
431	538	1
431	572	1
431	576	1
431	590	1
431	613	1
432	19	1
432	313	1
432	314	1
432	439	1
432	440	1
432	441	1
432	617	1
432	633	1
432	653	1
433	166	1
434	46	1
434	579	1
434	582	1
434	643	1
435	323	1
435	324	1
436	588	1
437	333	1
438	293	1
438	294	1
439	325	1
439	338	1
439	340	1
439	341	1
440	89	1
440	483	1
441	88	1
441	90	1
441	96	1
441	347	1
442	255	1
443	324	1
444	117	1
142	51	0
7	69	0
49	227	0
342	474	0
247	454	0
430	188	0
9	643	0
90	401	0
42	500	0
373	518	0
141	373	0
85	1	0
44	16	0
399	61	0
205	94	0
269	73	0
203	509	0
320	35	0
209	507	0
281	512	0
264	484	0
230	375	0
229	290	0
70	535	0
57	594	0
258	464	0
87	444	0
306	267	0
265	168	0
7	75	0
155	211	0
59	440	0
394	243	0
41	68	0
313	72	0
277	577	0
363	233	0
145	61	0
83	546	0
96	503	0
243	286	0
228	538	0
124	544	0
116	551	0
434	67	0
244	450	0
337	329	0
114	256	0
101	35	0
205	317	0
440	524	0
428	383	0
381	37	0
175	264	0
220	627	0
324	615	0
226	289	0
178	658	0
375	46	0
321	296	0
343	119	0
350	35	0
398	105	0
61	642	0
190	519	0
35	68	0
104	235	0
252	44	0
134	396	0
235	449	0
201	545	0
82	136	0
196	246	0
188	482	0
75	366	0
436	258	0
21	589	0
59	8	0
113	563	0
364	394	0
299	463	0
66	642	0
407	268	0
179	161	0
367	371	0
231	479	0
195	649	0
364	528	0
411	67	0
113	330	0
141	202	0
50	593	0
233	102	0
208	614	0
103	446	0
4	63	0
214	134	0
378	331	0
144	366	0
413	512	0
162	552	0
392	444	0
44	214	0
433	323	0
293	159	0
48	14	0
428	491	0
174	306	0
98	224	0
24	558	0
207	477	0
166	348	0
79	260	0
303	364	0
29	430	0
186	194	0
94	239	0
9	471	0
350	516	0
89	40	0
403	525	0
165	46	0
351	138	0
433	550	0
145	7	0
329	87	0
121	125	0
326	640	0
431	102	0
283	519	0
343	512	0
406	134	0
54	344	0
274	538	0
423	515	0
433	47	0
209	207	0
317	98	0
432	299	0
382	660	0
374	454	0
169	196	0
117	572	0
233	500	0
283	182	0
82	600	0
103	370	0
363	340	0
184	323	0
8	259	0
162	656	0
34	489	0
362	647	0
18	591	0
23	441	0
295	625	0
395	661	0
149	533	0
443	230	0
188	214	0
289	346	0
1	143	0
229	5	0
216	472	0
270	190	0
43	104	0
161	315	0
133	234	0
208	14	0
168	70	0
182	228	0
224	166	0
8	373	0
64	156	0
376	396	0
206	361	0
87	371	0
74	345	0
429	34	0
106	384	0
236	263	0
265	9	0
156	567	0
338	353	0
98	365	0
98	197	0
362	429	0
262	414	0
173	524	0
283	341	0
66	41	0
332	406	0
226	615	0
147	271	0
168	447	0
57	452	0
367	648	0
103	140	0
428	207	0
338	525	0
276	434	0
84	358	0
345	378	0
263	636	0
84	28	0
432	421	0
53	623	0
21	83	0
406	286	0
195	236	0
438	531	0
93	352	0
442	154	0
338	484	0
15	654	0
124	503	0
143	424	0
16	356	0
207	550	0
398	130	0
294	437	0
441	351	0
256	298	0
71	253	0
59	398	0
279	306	0
220	279	0
385	419	0
184	26	0
374	622	0
71	281	0
258	244	0
384	654	0
156	471	0
311	174	0
117	453	0
25	126	0
64	79	0
164	479	0
155	161	0
440	251	0
162	226	0
117	148	0
391	264	0
204	169	0
75	526	0
271	90	0
252	11	0
361	374	0
2	298	0
281	561	0
202	390	0
186	204	0
142	541	0
64	493	0
228	336	0
196	146	0
401	403	0
98	81	0
353	342	0
33	389	0
71	205	0
400	7	0
178	136	0
151	475	0
346	258	0
205	292	0
415	320	0
175	239	0
377	374	0
277	331	0
116	343	0
51	473	0
178	141	0
343	485	0
345	250	0
7	636	0
42	360	0
342	660	0
79	152	0
307	260	0
311	140	0
62	66	0
172	329	0
327	105	0
62	361	0
1	446	0
177	650	0
98	357	0
207	306	0
65	243	0
77	117	0
344	550	0
136	567	0
71	401	0
372	593	0
199	368	0
299	540	0
312	464	0
434	287	0
185	417	0
121	433	0
118	293	0
98	566	0
386	240	0
364	601	0
161	550	0
379	301	0
283	233	0
440	110	0
347	547	0
345	268	0
212	391	0
391	620	0
438	594	0
114	38	0
409	567	0
410	590	0
0	422	0
394	522	0
271	397	0
149	212	0
155	73	0
76	59	0
183	625	0
235	187	0
189	458	0
78	131	0
239	503	0
37	346	0
422	323	0
224	307	0
313	288	0
126	494	0
26	390	0
56	394	0
162	6	0
274	466	0
118	209	0
23	396	0
431	503	0
413	292	0
74	181	0
191	394	0
51	68	0
307	314	0
300	526	0
185	455	0
413	107	0
295	573	0
364	28	0
272	368	0
357	658	0
188	263	0
254	618	0
76	526	0
152	367	0
236	474	0
12	363	0
362	224	0
63	410	0
108	446	0
358	595	0
341	363	0
412	230	0
411	136	0
400	76	0
62	611	0
288	134	0
270	639	0
101	191	0
187	254	0
165	514	0
277	222	0
36	288	0
110	173	0
362	218	0
173	356	0
85	262	0
143	432	0
187	499	0
7	530	0
302	276	0
339	119	0
377	610	0
444	523	0
211	387	0
276	582	0
365	481	0
178	497	0
221	437	0
231	638	0
214	425	0
160	442	0
323	308	0
352	219	0
186	230	0
131	596	0
425	14	0
146	528	0
146	19	0
383	597	0
173	61	0
184	487	0
374	261	0
361	183	0
126	588	0
408	210	0
155	100	0
308	73	0
359	290	0
52	540	0
412	556	0
377	423	0
142	339	0
60	190	0
404	493	0
244	19	0
111	412	0
439	553	0
401	333	0
26	418	0
200	285	0
159	181	0
152	470	0
438	656	0
136	635	0
11	204	0
311	639	0
91	402	0
112	111	0
428	177	0
365	439	0
56	544	0
158	342	0
364	258	0
443	633	0
37	374	0
184	448	0
71	310	0
296	31	0
25	660	0
392	385	0
66	244	0
156	541	0
207	87	0
134	373	0
268	226	0
142	451	0
403	271	0
220	264	0
385	246	0
168	124	0
186	258	0
292	610	0
260	103	0
188	114	0
59	63	0
263	493	0
238	424	0
125	394	0
1	507	0
139	342	0
237	568	0
95	83	0
317	251	0
262	459	0
198	118	0
243	625	0
405	603	0
72	376	0
43	44	0
77	7	0
345	52	0
433	387	0
185	573	0
256	155	0
56	529	0
196	500	0
44	560	0
89	616	0
147	393	0
185	155	0
214	385	0
30	185	0
55	154	0
326	614	0
222	263	0
3	487	0
31	588	0
270	4	0
166	76	0
4	316	0
232	363	0
439	260	0
76	158	0
375	175	0
368	297	0
201	119	0
128	336	0
337	540	0
176	282	0
6	642	0
18	376	0
198	513	0
356	475	0
320	487	0
17	362	0
127	584	0
284	166	0
187	261	0
406	387	0
17	215	0
423	465	0
10	532	0
170	559	0
144	371	0
443	320	0
237	2	0
201	51	0
153	622	0
370	570	0
139	571	0
47	90	0
206	288	0
48	225	0
306	310	0
176	553	0
297	536	0
54	212	0
9	309	0
41	352	0
275	43	0
127	428	0
68	238	0
18	315	0
8	491	0
365	567	0
104	153	0
381	123	0
425	274	0
54	663	0
91	360	0
277	67	0
293	248	0
22	186	0
318	164	0
258	552	0
86	560	0
353	295	0
24	208	0
160	646	0
346	451	0
149	608	0
347	139	0
396	175	0
429	307	0
190	211	0
413	228	0
290	11	0
145	260	0
7	4	0
205	625	0
51	470	0
128	393	0
172	102	0
320	152	0
137	363	0
3	155	0
325	36	0
172	211	0
310	621	0
136	631	0
287	204	0
363	161	0
115	201	0
393	584	0
338	250	0
36	461	0
132	136	0
373	178	0
343	115	0
310	335	0
308	121	0
335	126	0
372	487	0
210	547	0
232	623	0
29	122	0
314	90	0
118	572	0
292	3	0
204	454	0
353	341	0
196	262	0
278	301	0
280	634	0
155	535	0
41	463	0
342	108	0
86	30	0
306	659	0
146	324	0
35	466	0
188	102	0
440	42	0
164	144	0
277	354	0
73	156	0
371	338	0
398	605	0
431	482	0
197	301	0
292	20	0
367	642	0
426	383	0
203	289	0
345	510	0
383	621	0
314	420	0
16	390	0
337	388	0
67	642	0
433	177	0
269	545	0
331	368	0
40	498	0
335	398	0
224	183	0
227	461	0
42	180	0
44	425	0
147	87	0
47	283	0
152	410	0
240	109	0
158	322	0
218	209	0
71	574	0
209	567	0
38	74	0
270	615	0
246	660	0
338	334	0
394	347	0
51	466	0
151	395	0
281	615	0
206	615	0
287	174	0
374	72	0
394	391	0
225	306	0
223	613	0
329	517	0
142	520	0
391	24	0
9	64	0
370	349	0
407	335	0
213	63	0
45	116	0
362	209	0
329	26	0
372	592	0
297	654	0
194	53	0
23	663	0
203	266	0
422	475	0
377	661	0
52	2	0
16	602	0
11	456	0
420	460	0
30	65	0
52	647	0
212	516	0
337	518	0
204	108	0
76	265	0
328	586	0
35	312	0
38	125	0
237	233	0
156	338	0
423	55	0
149	27	0
12	155	0
237	312	0
193	425	0
86	132	0
367	25	0
144	331	0
366	35	0
181	186	0
271	304	0
326	360	0
146	60	0
114	17	0
213	49	0
326	246	0
83	186	0
219	467	0
140	13	0
105	387	0
410	50	0
371	59	0
313	439	0
136	200	0
105	266	0
416	228	0
45	394	0
309	416	0
235	77	0
42	477	0
277	560	0
257	34	0
102	10	0
255	572	0
196	386	0
46	307	0
63	313	0
110	167	0
285	608	0
312	221	0
420	13	0
426	41	0
346	353	0
6	152	0
149	193	0
50	203	0
323	526	0
247	223	0
381	55	0
109	556	0
404	156	0
82	558	0
58	250	0
293	21	0
322	13	0
154	526	0
373	373	0
78	68	0
9	425	0
435	387	0
394	277	0
184	615	0
347	463	0
45	408	0
9	142	0
101	329	0
162	452	0
74	390	0
96	465	0
420	403	0
177	196	0
190	638	0
94	72	0
130	114	0
362	619	0
161	109	0
179	306	0
78	331	0
25	618	0
236	397	0
111	655	0
344	528	0
396	402	0
332	629	0
250	412	0
177	39	0
282	616	0
113	184	0
417	399	0
171	507	0
407	642	0
391	173	0
152	149	0
383	663	0
9	332	0
390	453	0
371	169	0
221	140	0
174	585	0
190	477	0
158	484	0
245	284	0
67	364	0
90	535	0
15	253	0
346	550	0
353	451	0
312	10	0
190	501	0
64	451	0
424	520	0
216	269	0
282	278	0
312	636	0
262	166	0
20	76	0
72	605	0
412	249	0
151	523	0
10	408	0
120	472	0
138	162	0
273	73	0
320	493	0
36	580	0
299	320	0
91	183	0
20	351	0
133	163	0
250	307	0
284	419	0
347	531	0
286	325	0
91	306	0
352	506	0
272	177	0
189	411	0
430	332	0
283	107	0
91	89	0
43	396	0
424	572	0
185	263	0
404	529	0
39	544	0
138	244	0
207	449	0
58	224	0
143	32	0
44	544	0
255	628	0
379	606	0
135	576	0
317	474	0
315	651	0
63	589	0
62	371	0
419	617	0
398	278	0
38	204	0
230	99	0
6	591	0
426	205	0
132	16	0
318	241	0
22	222	0
183	156	0
5	21	0
278	663	0
336	283	0
29	170	0
1	179	0
185	412	0
23	571	0
36	562	0
3	159	0
299	471	0
234	543	0
214	453	0
262	626	0
369	328	0
194	12	0
111	59	0
95	523	0
47	337	0
144	360	0
299	207	0
126	364	0
67	200	0
94	450	0
159	138	0
121	574	0
52	431	0
308	399	0
435	182	0
142	157	0
22	502	0
5	322	0
432	508	0
54	582	0
225	369	0
231	528	0
200	264	0
416	200	0
116	595	0
373	377	0
357	127	0
243	388	0
163	317	0
233	472	0
76	486	0
277	540	0
233	266	0
188	441	0
104	281	0
140	74	0
86	588	0
125	182	0
212	473	0
94	405	0
283	547	0
130	110	0
132	401	0
267	638	0
115	511	0
396	239	0
340	488	0
299	364	0
25	486	0
7	528	0
134	175	0
312	117	0
319	42	0
202	632	0
63	71	0
276	352	0
370	51	0
97	212	0
263	185	0
100	156	0
17	281	0
424	653	0
372	147	0
127	309	0
433	513	0
290	26	0
435	400	0
236	392	0
80	448	0
299	497	0
322	150	0
131	615	0
307	348	0
326	456	0
102	125	0
40	229	0
268	376	0
250	102	0
409	589	0
110	57	0
65	643	0
105	24	0
287	633	0
49	56	0
61	127	0
199	52	0
439	329	0
91	80	0
107	640	0
325	605	0
334	420	0
184	134	0
159	568	0
9	187	0
240	319	0
136	56	0
30	405	0
23	213	0
373	522	0
353	263	0
241	549	0
254	176	0
64	61	0
154	366	0
392	86	0
289	105	0
239	653	0
79	374	0
98	567	0
389	358	0
341	414	0
62	404	0
380	385	0
27	12	0
372	251	0
222	436	0
249	370	0
367	573	0
357	159	0
103	168	0
177	314	0
379	67	0
316	646	0
293	635	0
249	354	0
65	459	0
230	394	0
0	203	0
160	368	0
190	378	0
363	139	0
407	108	0
253	612	0
318	183	0
418	196	0
49	260	0
186	71	0
341	413	0
298	528	0
347	630	0
105	208	0
380	416	0
303	219	0
402	523	0
5	444	0
96	340	0
404	654	0
269	180	0
319	614	0
315	635	0
390	574	0
86	235	0
169	56	0
183	73	0
71	405	0
49	109	0
47	542	0
139	10	0
17	507	0
440	577	0
256	82	0
165	522	0
307	316	0
73	593	0
188	547	0
69	435	0
431	281	0
156	430	0
159	207	0
163	346	0
206	331	0
372	564	0
374	441	0
288	7	0
274	487	0
232	197	0
62	210	0
141	348	0
159	262	0
441	478	0
111	581	0
383	455	0
54	488	0
238	61	0
392	84	0
208	556	0
293	245	0
178	438	0
20	225	0
353	291	0
200	240	0
7	138	0
92	200	0
435	442	0
238	354	0
347	263	0
55	628	0
385	8	0
277	124	0
226	100	0
28	99	0
168	597	0
178	533	0
314	560	0
132	83	0
403	63	0
413	184	0
431	51	0
160	239	0
30	337	0
324	77	0
85	375	0
346	65	0
402	265	0
320	663	0
257	67	0
45	292	0
28	539	0
266	110	0
225	191	0
208	167	0
47	624	0
335	50	0
137	232	0
6	440	0
6	318	0
409	342	0
180	234	0
75	659	0
418	238	0
78	279	0
336	247	0
232	636	0
441	475	0
70	268	0
318	571	0
84	206	0
257	375	0
411	55	0
70	175	0
145	47	0
241	136	0
101	339	0
159	621	0
128	157	0
69	37	0
24	159	0
210	310	0
297	440	0
165	40	0
211	652	0
289	154	0
46	350	0
329	492	0
280	26	0
285	192	0
4	145	0
171	171	0
54	564	0
88	575	0
265	614	0
133	571	0
371	337	0
159	463	0
259	482	0
33	630	0
368	446	0
391	663	0
402	69	0
395	5	0
161	64	0
293	180	0
320	316	0
32	401	0
0	12	0
22	482	0
161	273	0
427	197	0
191	525	0
213	229	0
87	84	0
400	162	0
186	420	0
387	79	0
364	643	0
340	256	0
422	364	0
10	105	0
385	42	0
207	274	0
9	565	0
378	565	0
282	492	0
393	402	0
248	608	0
130	326	0
11	243	0
308	20	0
51	594	0
354	195	0
235	298	0
406	145	0
399	518	0
394	113	0
306	116	0
245	381	0
110	487	0
51	625	0
108	398	0
261	100	0
283	69	0
241	452	0
267	602	0
179	463	0
351	146	0
34	85	0
267	318	0
296	149	0
302	611	0
403	170	0
10	54	0
215	527	0
193	256	0
152	187	0
31	429	0
313	112	0
181	659	0
101	542	0
278	309	0
195	343	0
414	536	0
346	260	0
118	55	0
171	96	0
38	119	0
267	157	0
309	315	0
154	69	0
67	194	0
330	364	0
70	310	0
168	105	0
286	266	0
119	7	0
401	648	0
199	267	0
33	532	0
253	308	0
65	395	0
179	579	0
203	72	0
85	300	0
353	456	0
99	470	0
438	502	0
416	605	0
44	646	0
24	223	0
439	277	0
326	201	0
95	536	0
28	87	0
167	54	0
342	306	0
322	75	0
358	455	0
98	107	0
85	63	0
113	597	0
283	96	0
433	31	0
199	123	0
294	136	0
243	373	0
186	365	0
265	103	0
203	120	0
177	10	0
383	360	0
211	225	0
431	247	0
2	138	0
333	307	0
325	237	0
185	1	0
365	660	0
154	21	0
179	244	0
150	31	0
280	32	0
406	317	0
227	598	0
204	621	0
104	619	0
212	10	0
359	36	0
50	405	0
50	207	0
31	549	0
105	481	0
425	276	0
360	484	0
270	131	0
324	560	0
130	253	0
271	339	0
159	88	0
356	425	0
410	598	0
272	615	0
131	294	0
423	15	0
444	252	0
118	476	0
312	654	0
266	485	0
0	313	0
319	228	0
262	574	0
175	122	0
58	200	0
361	534	0
113	524	0
224	167	0
221	475	0
66	482	0
256	159	0
128	100	0
188	11	0
383	556	0
323	69	0
108	348	0
393	367	0
411	565	0
2	565	0
95	247	0
337	414	0
35	222	0
444	52	0
417	650	0
165	660	0
209	647	0
31	510	0
201	565	0
385	296	0
94	469	0
27	112	0
69	171	0
77	519	0
45	566	0
337	43	0
129	210	0
397	305	0
289	338	0
437	257	0
298	13	0
439	5	0
395	482	0
406	599	0
183	127	0
289	121	0
3	529	0
172	152	0
130	171	0
263	66	0
372	331	0
442	26	0
50	658	0
269	237	0
10	101	0
430	520	0
104	139	0
279	133	0
28	519	0
274	560	0
150	82	0
172	471	0
48	551	0
200	447	0
313	476	0
167	221	0
36	271	0
367	556	0
329	153	0
30	478	0
34	247	0
75	516	0
309	575	0
138	456	0
69	302	0
373	410	0
14	572	0
216	517	0
250	90	0
369	433	0
91	167	0
69	655	0
38	632	0
261	104	0
277	632	0
50	515	0
208	302	0
370	601	0
128	634	0
346	160	0
392	168	0
329	615	0
108	386	0
269	93	0
398	34	0
343	132	0
438	207	0
379	78	0
97	42	0
59	373	0
153	488	0
51	474	0
371	603	0
168	402	0
437	662	0
253	507	0
277	64	0
8	337	0
31	65	0
230	89	0
132	284	0
133	88	0
53	153	0
57	476	0
76	384	0
231	576	0
368	30	0
282	232	0
162	460	0
109	631	0
395	545	0
363	21	0
413	404	0
75	226	0
222	525	0
361	131	0
253	596	0
156	384	0
253	466	0
159	66	0
263	429	0
234	315	0
219	229	0
376	369	0
348	408	0
145	287	0
34	309	0
9	525	0
317	373	0
53	590	0
108	111	0
408	496	0
389	174	0
418	472	0
437	626	0
25	411	0
229	649	0
393	298	0
190	386	0
67	212	0
219	150	0
159	536	0
390	10	0
20	629	0
67	582	0
315	109	0
117	107	0
394	16	0
21	4	0
366	413	0
421	108	0
165	491	0
273	385	0
440	339	0
309	440	0
415	653	0
100	337	0
163	295	0
375	162	0
308	286	0
119	519	0
258	293	0
437	517	0
29	375	0
429	388	0
33	600	0
121	96	0
257	590	0
101	100	0
130	127	0
393	115	0
75	637	0
136	95	0
425	611	0
140	89	0
400	593	0
221	466	0
383	631	0
278	330	0
363	232	0
260	650	0
3	371	0
213	389	0
78	27	0
351	575	0
121	341	0
45	101	0
413	303	0
183	630	0
14	602	0
114	530	0
313	48	0
392	634	0
157	24	0
99	293	0
42	262	0
136	480	0
19	648	0
328	419	0
82	480	0
167	608	0
32	473	0
254	336	0
378	381	0
442	423	0
251	232	0
12	421	0
82	507	0
398	399	0
182	138	0
343	407	0
236	5	0
80	157	0
346	319	0
211	130	0
143	489	0
60	466	0
144	519	0
372	528	0
3	351	0
135	464	0
270	408	0
16	444	0
416	125	0
233	488	0
162	98	0
278	360	0
103	500	0
345	212	0
262	655	0
260	293	0
328	466	0
370	76	0
214	492	0
428	340	0
37	203	0
216	580	0
68	510	0
310	208	0
438	471	0
305	496	0
297	485	0
286	360	0
297	513	0
350	360	0
169	433	0
396	631	0
342	263	0
329	604	0
101	116	0
129	431	0
392	453	0
220	278	0
66	413	0
123	569	0
194	612	0
46	469	0
241	192	0
443	373	0
122	557	0
343	211	0
220	314	0
307	226	0
394	603	0
397	106	0
95	117	0
428	518	0
39	626	0
285	605	0
255	258	0
71	593	0
185	385	0
336	495	0
264	349	0
53	50	0
161	415	0
46	399	0
168	578	0
407	432	0
25	492	0
248	351	0
394	71	0
281	230	0
298	593	0
144	568	0
331	538	0
196	326	0
197	33	0
400	540	0
195	595	0
258	290	0
230	147	0
238	590	0
175	399	0
230	565	0
404	523	0
362	17	0
287	331	0
185	540	0
299	592	0
278	281	0
295	506	0
403	596	0
186	333	0
306	474	0
377	504	0
418	479	0
368	291	0
170	492	0
59	168	0
101	171	0
36	122	0
415	277	0
354	58	0
412	469	0
344	298	0
322	319	0
277	397	0
238	452	0
425	520	0
230	288	0
222	274	0
168	491	0
264	0	0
277	52	0
273	104	0
422	610	0
108	657	0
140	620	0
359	422	0
200	170	0
420	657	0
270	479	0
29	408	0
154	50	0
244	287	0
374	215	0
387	405	0
126	437	0
202	394	0
47	657	0
404	513	0
47	454	0
262	514	0
150	334	0
317	577	0
295	546	0
120	187	0
299	224	0
223	521	0
110	460	0
46	215	0
335	450	0
311	614	0
348	277	0
206	79	0
225	372	0
362	241	0
319	639	0
223	33	0
106	375	0
156	407	0
188	556	0
116	457	0
72	451	0
211	299	0
353	138	0
439	174	0
142	555	0
104	657	0
71	4	0
4	206	0
166	367	0
22	304	0
284	371	0
66	397	0
182	56	0
102	545	0
49	606	0
325	109	0
219	160	0
136	313	0
55	51	0
42	502	0
296	230	0
77	493	0
299	449	0
87	636	0
307	520	0
197	70	0
213	159	0
169	573	0
261	630	0
215	7	0
424	361	0
278	346	0
103	385	0
335	332	0
137	429	0
132	50	0
275	471	0
325	550	0
0	7	0
361	346	0
165	206	0
395	335	0
52	65	0
377	117	0
356	427	0
37	500	0
316	573	0
224	448	0
328	302	0
260	536	0
413	608	0
387	384	0
308	188	0
153	406	0
376	322	0
429	639	0
232	255	0
159	281	0
114	456	0
144	226	0
129	375	0
427	420	0
115	580	0
402	298	0
177	302	0
384	143	0
234	566	0
115	535	0
119	291	0
268	81	0
57	443	0
185	117	0
264	332	0
167	659	0
39	602	0
160	34	0
52	619	0
20	174	0
326	555	0
408	303	0
271	85	0
91	657	0
272	74	0
182	533	0
21	373	0
256	618	0
367	120	0
310	224	0
273	221	0
433	656	0
292	94	0
367	605	0
145	240	0
378	360	0
303	611	0
121	500	0
250	59	0
416	521	0
416	313	0
130	344	0
157	95	0
46	210	0
83	614	0
31	502	0
279	305	0
227	432	0
221	94	0
142	525	0
376	432	0
161	87	0
228	357	0
43	140	0
372	433	0
15	634	0
43	264	0
191	622	0
432	137	0
303	123	0
379	258	0
271	137	0
65	146	0
101	485	0
244	470	0
285	645	0
14	256	0
190	495	0
155	151	0
421	529	0
22	98	0
416	193	0
264	422	0
32	397	0
69	197	0
207	185	0
375	404	0
17	233	0
212	2	0
315	52	0
51	425	0
278	297	0
2	428	0
310	603	0
99	135	0
33	385	0
350	277	0
335	197	0
217	497	0
304	206	0
352	36	0
263	600	0
355	230	0
238	608	0
321	622	0
3	66	0
355	118	0
283	300	0
162	341	0
36	34	0
41	26	0
370	334	0
387	564	0
414	225	0
186	316	0
434	146	0
431	82	0
256	304	0
257	556	0
318	467	0
77	138	0
322	430	0
317	318	0
278	585	0
96	170	0
198	536	0
346	19	0
83	507	0
263	352	0
270	528	0
169	497	0
169	335	0
99	553	0
290	610	0
25	624	0
111	339	0
300	301	0
55	647	0
201	570	0
17	412	0
118	292	0
34	67	0
340	166	0
175	167	0
354	318	0
22	334	0
280	112	0
285	571	0
170	391	0
299	474	0
211	480	0
51	250	0
107	522	0
82	540	0
372	294	0
35	619	0
373	524	0
329	265	0
229	346	0
101	60	0
24	374	0
14	67	0
321	549	0
344	438	0
269	272	0
120	495	0
295	13	0
103	653	0
185	366	0
93	519	0
40	354	0
29	319	0
356	372	0
71	286	0
325	643	0
32	152	0
92	495	0
106	32	0
247	12	0
191	85	0
28	497	0
331	412	0
360	590	0
234	267	0
94	354	0
289	158	0
436	9	0
211	405	0
419	604	0
271	328	0
154	248	0
10	183	0
191	611	0
91	315	0
36	219	0
238	464	0
144	243	0
257	253	0
438	274	0
173	455	0
396	263	0
80	660	0
68	298	0
339	564	0
442	445	0
234	90	0
240	174	0
58	375	0
195	292	0
32	449	0
345	102	0
174	643	0
173	209	0
416	171	0
313	184	0
216	405	0
195	215	0
412	339	0
19	537	0
177	234	0
167	374	0
205	527	0
212	355	0
443	388	0
157	570	0
430	588	0
294	90	0
364	257	0
300	296	0
111	252	0
12	598	0
35	435	0
48	642	0
401	400	0
96	481	0
436	477	0
49	186	0
323	482	0
424	136	0
51	325	0
371	166	0
96	500	0
403	617	0
346	325	0
140	438	0
382	270	0
45	315	0
416	602	0
146	279	0
114	354	0
137	245	0
102	253	0
289	561	0
133	80	0
99	7	0
71	618	0
231	386	0
33	237	0
31	483	0
419	199	0
3	461	0
332	370	0
233	560	0
110	616	0
189	325	0
4	82	0
114	299	0
165	476	0
413	61	0
190	144	0
204	335	0
296	64	0
358	528	0
41	625	0
342	295	0
174	635	0
162	14	0
376	430	0
57	486	0
51	514	0
99	364	0
342	270	0
194	549	0
419	386	0
246	595	0
390	547	0
375	262	0
414	489	0
333	429	0
240	490	0
8	319	0
90	468	0
248	637	0
244	15	0
336	258	0
45	619	0
23	277	0
199	170	0
196	1	0
82	578	0
187	561	0
75	644	0
286	391	0
115	216	0
187	275	0
223	281	0
143	257	0
216	119	0
289	486	0
188	585	0
380	239	0
62	543	0
21	612	0
299	15	0
150	615	0
6	299	0
68	291	0
431	120	0
341	2	0
411	219	0
197	463	0
275	273	0
223	641	0
105	237	0
182	625	0
278	256	0
126	327	0
128	297	0
101	368	0
123	327	0
334	520	0
61	282	0
109	514	0
423	652	0
184	62	0
379	637	0
80	364	0
407	330	0
430	313	0
43	449	0
351	392	0
224	216	0
188	566	0
243	518	0
94	327	0
188	308	0
32	44	0
305	119	0
348	212	0
114	443	0
285	4	0
253	544	0
334	521	0
208	121	0
378	505	0
374	176	0
379	30	0
244	145	0
213	371	0
230	427	0
272	18	0
108	100	0
110	505	0
36	427	0
176	532	0
372	159	0
388	521	0
300	565	0
302	69	0
107	631	0
419	626	0
136	297	0
320	256	0
49	294	0
252	585	0
51	451	0
224	11	0
376	234	0
136	497	0
310	336	0
396	227	0
251	64	0
117	308	0
184	384	0
280	198	0
56	89	0
202	403	0
106	557	0
348	652	0
390	18	0
419	371	0
98	659	0
174	519	0
223	451	0
289	167	0
59	149	0
119	659	0
269	543	0
115	80	0
355	475	0
25	490	0
370	521	0
37	596	0
218	236	0
84	315	0
147	641	0
20	206	0
362	279	0
152	474	0
258	297	0
313	86	0
213	143	0
33	69	0
243	383	0
316	222	0
326	609	0
84	337	0
322	264	0
77	156	0
21	106	0
311	163	0
261	191	0
34	3	0
283	147	0
235	374	0
247	228	0
265	272	0
256	138	0
246	38	0
170	113	0
44	99	0
371	460	0
312	203	0
322	61	0
151	27	0
417	426	0
292	203	0
211	175	0
93	301	0
136	399	0
242	512	0
148	219	0
444	96	0
133	594	0
62	67	0
399	573	0
348	495	0
429	180	0
106	406	0
422	355	0
210	138	0
156	95	0
361	390	0
141	172	0
127	129	0
382	600	0
187	416	0
325	370	0
401	561	0
206	339	0
146	539	0
272	483	0
373	461	0
161	208	0
176	10	0
233	596	0
420	421	0
392	126	0
408	179	0
421	461	0
254	0	0
315	596	0
287	372	0
258	421	0
146	567	0
95	17	0
386	88	0
118	301	0
299	549	0
85	343	0
148	554	0
141	530	0
232	578	0
170	301	0
87	304	0
63	449	0
245	639	0
246	656	0
220	654	0
108	596	0
229	350	0
216	235	0
344	256	0
394	424	0
193	355	0
414	152	0
350	508	0
313	416	0
74	489	0
173	97	0
366	138	0
177	538	0
332	474	0
128	537	0
10	617	0
285	136	0
420	236	0
344	223	0
55	275	0
175	600	0
246	321	0
48	387	0
195	457	0
33	592	0
417	620	0
82	499	0
60	520	0
190	123	0
246	405	0
184	645	0
439	587	0
188	414	0
96	521	0
213	33	0
311	84	0
97	121	0
232	49	0
18	450	0
180	179	0
216	359	0
90	61	0
229	387	0
363	584	0
435	360	0
200	23	0
414	470	0
270	211	0
96	652	0
90	247	0
437	198	0
407	633	0
338	538	0
135	11	0
244	501	0
82	367	0
152	307	0
312	234	0
402	387	0
299	442	0
182	128	0
202	144	0
375	190	0
288	357	0
96	99	0
72	186	0
423	142	0
287	46	0
292	241	0
91	394	0
7	81	0
323	173	0
391	184	0
207	239	0
355	119	0
154	143	0
352	361	0
19	274	0
39	546	0
214	98	0
374	300	0
314	105	0
252	600	0
33	568	0
262	539	0
118	623	0
289	155	0
238	283	0
341	232	0
320	288	0
419	79	0
356	616	0
68	73	0
81	157	0
54	390	0
180	449	0
184	303	0
18	106	0
444	546	0
146	370	0
156	475	0
440	544	0
98	51	0
5	506	0
324	101	0
310	378	0
168	190	0
15	569	0
338	230	0
38	283	0
344	140	0
413	437	0
32	508	0
247	335	0
370	290	0
51	542	0
13	210	0
408	40	0
99	195	0
322	628	0
58	517	0
48	206	0
410	165	0
426	0	0
65	214	0
125	526	0
227	160	0
350	628	0
92	119	0
240	523	0
319	575	0
174	302	0
338	602	0
37	526	0
148	567	0
173	76	0
110	341	0
6	237	0
171	520	0
170	222	0
361	562	0
8	143	0
234	311	0
301	20	0
52	486	0
155	228	0
413	91	0
311	160	0
220	95	0
334	132	0
343	589	0
141	214	0
358	591	0
239	250	0
329	55	0
304	473	0
112	95	0
204	608	0
364	53	0
295	618	0
367	563	0
335	145	0
431	388	0
359	259	0
190	460	0
146	631	0
82	152	0
355	234	0
84	341	0
425	120	0
391	251	0
322	155	0
255	405	0
266	25	0
366	431	0
433	196	0
275	501	0
245	436	0
304	309	0
328	587	0
424	628	0
325	548	0
170	147	0
398	468	0
320	136	0
179	303	0
356	371	0
130	315	0
209	589	0
58	472	0
196	385	0
33	513	0
264	461	0
57	48	0
310	397	0
112	496	0
409	318	0
171	579	0
423	568	0
25	408	0
423	57	0
50	337	0
360	63	0
386	418	0
431	141	0
420	658	0
193	248	0
218	5	0
351	500	0
238	490	0
75	414	0
404	63	0
224	437	0
14	587	0
49	310	0
382	599	0
326	30	0
306	558	0
65	196	0
32	500	0
298	42	0
60	566	0
253	116	0
196	217	0
144	45	0
55	140	0
127	566	0
321	106	0
227	404	0
253	445	0
129	52	0
293	636	0
250	504	0
204	319	0
326	318	0
103	247	0
300	44	0
79	277	0
337	204	0
83	79	0
178	592	0
166	46	0
68	295	0
204	250	0
157	518	0
106	462	0
49	619	0
159	484	0
254	630	0
314	627	0
405	601	0
318	133	0
257	60	0
277	479	0
382	474	0
247	168	0
355	287	0
223	14	0
70	293	0
79	336	0
251	435	0
415	221	0
310	531	0
229	585	0
372	414	0
374	175	0
160	189	0
353	292	0
344	577	0
202	517	0
94	603	0
129	103	0
275	413	0
106	350	0
350	554	0
3	596	0
352	573	0
106	213	0
22	609	0
149	616	0
231	81	0
341	17	0
202	239	0
235	365	0
194	395	0
123	466	0
146	386	0
233	281	0
315	404	0
347	233	0
317	171	0
130	177	0
137	353	0
185	159	0
424	348	0
61	435	0
320	304	0
385	100	0
425	481	0
94	140	0
103	457	0
285	349	0
105	454	0
159	95	0
83	336	0
282	540	0
273	591	0
140	263	0
150	149	0
241	639	0
380	153	0
130	661	0
202	87	0
358	258	0
144	334	0
413	301	0
210	286	0
60	152	0
422	300	0
362	334	0
29	417	0
195	15	0
142	88	0
265	37	0
236	208	0
322	465	0
163	375	0
105	220	0
30	336	0
323	479	0
187	345	0
429	15	0
156	362	0
84	609	0
278	175	0
250	452	0
323	636	0
294	103	0
199	145	0
387	2	0
97	106	0
348	224	0
107	576	0
70	193	0
435	383	0
12	264	0
388	81	0
339	325	0
415	476	0
284	169	0
390	631	0
209	193	0
122	437	0
258	238	0
287	381	0
261	206	0
80	71	0
160	184	0
55	422	0
376	141	0
239	75	0
126	92	0
289	236	0
204	396	0
361	104	0
330	269	0
416	234	0
304	116	0
124	312	0
47	159	0
267	549	0
400	255	0
345	165	0
66	170	0
392	556	0
189	103	0
0	644	0
255	10	0
41	656	0
69	576	0
190	658	0
146	5	0
0	616	0
40	276	0
11	594	0
443	301	0
194	109	0
404	274	0
233	279	0
166	316	0
262	210	0
260	14	0
32	0	0
9	383	0
409	107	0
230	557	0
8	307	0
97	65	0
252	268	0
43	652	0
103	110	0
295	434	0
126	48	0
10	79	0
430	10	0
303	473	0
102	307	0
179	33	0
134	335	0
382	633	0
401	558	0
47	96	0
100	561	0
316	77	0
121	113	0
131	68	0
128	436	0
243	314	0
16	506	0
246	551	0
296	628	0
181	44	0
227	445	0
411	547	0
321	11	0
267	5	0
324	226	0
303	519	0
83	288	0
34	196	0
6	593	0
53	443	0
41	92	0
172	119	0
188	20	0
395	147	0
150	324	0
170	111	0
118	200	0
163	253	0
228	626	0
398	568	0
75	199	0
159	15	0
338	149	0
432	647	0
244	208	0
96	52	0
120	126	0
15	565	0
49	333	0
271	212	0
262	333	0
376	158	0
97	337	0
117	128	0
339	558	0
359	219	0
255	277	0
376	216	0
26	217	0
83	155	0
153	167	0
217	346	0
300	516	0
333	30	0
434	25	0
270	254	0
235	94	0
4	395	0
320	503	0
103	467	0
251	557	0
394	48	0
119	131	0
172	492	0
34	124	0
135	79	0
394	185	0
162	169	0
306	313	0
286	530	0
75	587	0
143	248	0
330	273	0
409	295	0
408	597	0
164	650	0
317	658	0
335	486	0
249	282	0
16	648	0
99	107	0
431	198	0
259	291	0
340	164	0
161	34	0
258	451	0
383	129	0
371	391	0
136	207	0
360	634	0
71	283	0
248	54	0
258	211	0
348	97	0
69	253	0
323	485	0
209	584	0
374	273	0
255	640	0
19	501	0
371	78	0
400	336	0
43	111	0
1	571	0
231	477	0
268	212	0
131	606	0
2	212	0
27	446	0
312	144	0
397	634	0
81	609	0
275	272	0
130	176	0
388	84	0
19	527	0
228	142	0
334	0	0
127	279	0
163	275	0
10	127	0
78	407	0
3	514	0
437	652	0
305	224	0
267	289	0
129	98	0
219	49	0
105	211	0
282	275	0
298	181	0
216	12	0
283	252	0
287	282	0
152	169	0
116	316	0
209	371	0
260	560	0
191	581	0
367	360	0
348	452	0
428	295	0
100	130	0
301	133	0
265	418	0
183	275	0
314	348	0
293	381	0
176	66	0
30	259	0
86	290	0
393	339	0
374	241	0
136	423	0
241	221	0
89	170	0
423	220	0
195	257	0
200	640	0
212	439	0
441	569	0
308	216	0
135	609	0
381	406	0
148	484	0
333	566	0
133	295	0
286	524	0
165	278	0
298	6	0
323	335	0
90	93	0
362	388	0
304	409	0
191	310	0
355	139	0
18	656	0
42	119	0
139	30	0
328	403	0
379	562	0
285	37	0
399	393	0
379	73	0
22	450	0
208	276	0
288	620	0
29	347	0
333	85	0
398	599	0
305	289	0
246	292	0
27	293	0
437	281	0
221	223	0
109	519	0
273	45	0
180	101	0
213	383	0
436	515	0
271	286	0
37	35	0
304	251	0
441	650	0
55	499	0
29	610	0
248	328	0
206	44	0
163	430	0
49	633	0
149	365	0
180	61	0
198	450	0
47	351	0
360	317	0
444	381	0
300	494	0
245	18	0
346	609	0
431	599	0
258	315	0
211	263	0
121	108	0
281	175	0
200	191	0
438	576	0
178	99	0
25	441	0
120	271	0
385	402	0
51	214	0
267	155	0
237	228	0
370	619	0
269	471	0
127	656	0
109	305	0
4	470	0
133	560	0
408	569	0
10	513	0
125	425	0
6	2	0
280	612	0
140	48	0
75	15	0
111	484	0
276	660	0
312	658	0
134	225	0
322	11	0
209	69	0
165	237	0
179	662	0
182	305	0
198	486	0
143	182	0
339	396	0
0	600	0
72	182	0
390	545	0
19	317	0
232	396	0
333	338	0
412	219	0
406	491	0
107	177	0
341	309	0
143	657	0
125	446	0
426	382	0
192	261	0
285	21	0
95	598	0
346	13	0
385	145	0
189	486	0
98	118	0
131	369	0
126	342	0
392	545	0
81	261	0
371	584	0
423	219	0
358	490	0
172	43	0
276	387	0
173	311	0
244	615	0
225	651	0
414	547	0
91	363	0
377	403	0
330	94	0
205	74	0
16	603	0
283	251	0
6	31	0
27	649	0
229	607	0
310	285	0
184	505	0
147	187	0
104	654	0
111	582	0
294	302	0
242	501	0
301	35	0
134	218	0
405	390	0
260	138	0
196	332	0
359	22	0
182	193	0
232	222	0
175	490	0
181	205	0
43	481	0
384	407	0
397	579	0
253	637	0
109	593	0
299	476	0
213	90	0
371	228	0
184	152	0
203	640	0
9	408	0
304	643	0
294	139	0
84	291	0
153	267	0
174	95	0
375	389	0
32	601	0
332	580	0
237	80	0
198	617	0
244	121	0
320	173	0
183	235	0
47	386	0
186	205	0
221	315	0
33	8	0
176	635	0
18	507	0
436	0	0
166	345	0
429	125	0
314	660	0
46	395	0
172	562	0
35	281	0
111	20	0
428	213	0
310	21	0
164	649	0
288	596	0
167	87	0
301	55	0
223	458	0
50	241	0
348	395	0
327	577	0
0	280	0
397	25	0
364	546	0
269	496	0
159	307	0
1	69	0
23	175	0
273	278	0
61	450	0
40	516	0
413	258	0
9	616	0
122	6	0
153	269	0
63	301	0
179	477	0
22	458	0
51	415	0
414	413	0
291	485	0
100	440	0
421	647	0
208	126	0
18	618	0
31	132	0
294	163	0
398	318	0
248	265	0
361	54	0
160	24	0
412	66	0
234	512	0
194	627	0
68	226	0
128	605	0
5	246	0
195	324	0
444	40	0
170	18	0
319	491	0
342	473	0
3	644	0
339	533	0
308	75	0
239	173	0
392	108	0
440	338	0
236	164	0
352	538	0
420	52	0
190	592	0
191	380	0
344	526	0
161	590	0
189	105	0
299	48	0
17	10	0
149	121	0
443	57	0
279	497	0
137	128	0
350	471	0
1	136	0
430	377	0
201	118	0
123	217	0
194	478	0
401	183	0
265	177	0
295	185	0
179	476	0
262	82	0
141	346	0
12	593	0
293	167	0
85	40	0
168	602	0
326	45	0
15	498	0
377	475	0
17	317	0
166	206	0
215	543	0
117	373	0
334	384	0
370	20	0
230	231	0
317	249	0
347	660	0
353	354	0
38	622	0
81	275	0
271	226	0
92	585	0
383	484	0
158	126	0
236	411	0
194	514	0
172	414	0
317	356	0
237	261	0
144	59	0
18	109	0
240	542	0
312	539	0
40	133	0
165	307	0
185	31	0
312	382	0
119	168	0
64	185	0
16	111	0
118	523	0
402	442	0
323	573	0
146	173	0
264	506	0
103	427	0
317	259	0
324	47	0
441	625	0
406	238	0
6	103	0
384	489	0
297	8	0
148	644	0
357	557	0
379	661	0
155	249	0
426	322	0
152	65	0
341	109	0
438	590	0
148	209	0
2	440	0
268	500	0
154	437	0
195	173	0
243	413	0
338	651	0
156	326	0
113	222	0
13	640	0
134	506	0
316	198	0
48	354	0
210	194	0
263	617	0
188	593	0
289	28	0
45	481	0
66	90	0
362	167	0
401	39	0
4	499	0
407	223	0
203	382	0
144	566	0
167	229	0
148	111	0
233	436	0
321	112	0
162	103	0
31	458	0
343	536	0
239	500	0
21	73	0
68	415	0
269	555	0
314	20	0
236	298	0
245	233	0
255	148	0
26	314	0
322	393	0
195	511	0
132	219	0
70	272	0
59	331	0
241	597	0
71	260	0
29	66	0
108	548	0
207	30	0
258	215	0
61	651	0
67	335	0
397	444	0
125	288	0
157	302	0
292	388	0
278	427	0
396	322	0
368	487	0
177	481	0
161	269	0
357	284	0
411	631	0
122	393	0
243	380	0
220	570	0
205	603	0
423	81	0
358	571	0
261	551	0
299	226	0
308	576	0
138	544	0
273	161	0
374	423	0
34	215	0
392	178	0
120	54	0
221	69	0
190	502	0
308	289	0
416	183	0
430	271	0
236	622	0
7	533	0
154	167	0
250	311	0
325	305	0
174	517	0
212	428	0
197	189	0
387	608	0
61	179	0
45	23	0
160	197	0
405	425	0
115	402	0
359	48	0
35	67	0
119	501	0
216	159	0
396	377	0
19	564	0
412	520	0
196	13	0
25	493	0
100	282	0
76	194	0
340	30	0
253	219	0
7	132	0
32	267	0
297	277	0
53	641	0
333	398	0
232	40	0
428	502	0
66	575	0
207	376	0
130	173	0
188	312	0
326	82	0
43	73	0
444	146	0
183	233	0
144	395	0
176	204	0
97	118	0
1	299	0
223	136	0
136	485	0
138	76	0
272	533	0
394	442	0
239	179	0
388	176	0
133	490	0
222	608	0
289	91	0
12	167	0
177	470	0
415	591	0
129	594	0
427	20	0
441	223	0
421	183	0
60	391	0
401	579	0
391	570	0
415	448	0
390	147	0
114	631	0
350	131	0
207	569	0
293	90	0
192	543	0
209	20	0
136	526	0
245	545	0
40	54	0
259	25	0
80	431	0
218	122	0
386	349	0
325	291	0
181	369	0
124	369	0
43	401	0
218	508	0
243	116	0
360	327	0
273	577	0
309	324	0
335	128	0
238	364	0
401	490	0
48	567	0
416	128	0
62	140	0
377	22	0
174	402	0
94	151	0
219	114	0
152	481	0
332	41	0
188	3	0
295	486	0
427	605	0
271	488	0
39	429	0
180	563	0
56	470	0
218	313	0
390	22	0
269	475	0
383	344	0
320	238	0
417	419	0
270	167	0
216	594	0
117	47	0
147	18	0
37	298	0
48	652	0
406	218	0
159	44	0
34	345	0
157	56	0
204	463	0
197	5	0
432	368	0
254	189	0
61	28	0
300	397	0
196	50	0
207	448	0
299	151	0
68	342	0
224	165	0
352	152	0
293	407	0
154	491	0
158	273	0
364	3	0
371	73	0
182	109	0
147	599	0
115	595	0
290	555	0
134	574	0
39	138	0
218	20	0
50	647	0
255	616	0
389	435	0
262	61	0
341	597	0
371	235	0
34	598	0
244	584	0
35	19	0
69	307	0
242	295	0
333	623	0
330	202	0
307	630	0
250	604	0
51	367	0
222	68	0
423	270	0
249	193	0
409	340	0
135	438	0
287	325	0
219	475	0
124	608	0
124	338	0
173	231	0
9	566	0
191	281	0
97	216	0
391	344	0
180	590	0
81	398	0
179	137	0
387	38	0
287	178	0
197	639	0
299	583	0
410	29	0
103	658	0
340	489	0
287	189	0
350	491	0
17	156	0
430	374	0
125	361	0
59	396	0
383	96	0
77	166	0
236	613	0
282	148	0
309	632	0
7	606	0
422	307	0
340	514	0
60	208	0
166	596	0
174	527	0
377	623	0
300	174	0
97	269	0
422	181	0
83	352	0
65	34	0
204	650	0
107	658	0
303	198	0
362	36	0
416	378	0
264	603	0
392	191	0
34	229	0
68	70	0
256	201	0
1	272	0
305	573	0
227	616	0
7	613	0
164	359	0
206	579	0
70	453	0
379	106	0
437	428	0
342	67	0
65	158	0
57	267	0
393	389	0
421	173	0
286	28	0
3	519	0
421	626	0
342	339	0
81	5	0
29	284	0
229	438	0
272	252	0
378	443	0
137	238	0
312	363	0
321	101	0
224	621	0
29	441	0
75	220	0
193	93	0
113	633	0
3	116	0
325	149	0
9	215	0
192	526	0
30	76	0
252	353	0
230	1	0
253	599	0
171	542	0
286	352	0
375	47	0
130	98	0
438	226	0
213	109	0
281	47	0
255	492	0
15	427	0
192	392	0
286	13	0
90	197	0
164	212	0
232	367	0
65	607	0
258	416	0
254	550	0
272	489	0
56	210	0
370	503	0
198	12	0
172	648	0
295	587	0
346	457	0
215	530	0
345	459	0
231	32	0
5	345	0
394	463	0
208	589	0
302	262	0
438	165	0
155	562	0
278	272	0
139	14	0
344	360	0
267	624	0
298	403	0
78	603	0
293	183	0
392	457	0
308	340	0
349	246	0
163	20	0
179	59	0
357	150	0
136	216	0
361	420	0
211	51	0
158	298	0
24	387	0
45	163	0
253	571	0
344	380	0
430	558	0
234	394	0
1	658	0
363	424	0
215	182	0
443	174	0
67	456	0
293	80	0
215	354	0
220	260	0
417	144	0
169	323	0
156	229	0
153	276	0
218	222	0
358	227	0
244	336	0
296	638	0
20	409	0
148	571	0
257	256	0
206	520	0
149	571	0
397	51	0
140	56	0
117	610	0
160	25	0
5	467	0
397	166	0
162	427	0
65	567	0
19	576	0
120	272	0
387	33	0
253	64	0
326	458	0
209	339	0
227	3	0
236	25	0
82	548	0
164	140	0
210	331	0
404	198	0
90	622	0
157	550	0
215	208	0
419	652	0
60	155	0
190	454	0
119	459	0
224	393	0
396	252	0
106	151	0
392	303	0
441	396	0
412	131	0
261	634	0
105	248	0
301	285	0
386	338	0
115	91	0
110	510	0
297	622	0
20	184	0
9	596	0
40	547	0
72	326	0
78	576	0
208	364	0
278	223	0
106	104	0
428	567	0
240	268	0
27	474	0
342	308	0
95	204	0
306	509	0
132	38	0
217	240	0
369	384	0
276	11	0
379	165	0
46	563	0
304	358	0
145	197	0
389	210	0
82	53	0
104	306	0
29	253	0
133	231	0
18	259	0
244	28	0
433	650	0
72	547	0
428	433	0
190	100	0
348	135	0
39	277	0
279	344	0
425	57	0
364	305	0
329	339	0
355	510	0
327	222	0
72	148	0
10	504	0
51	236	0
378	177	0
37	280	0
182	270	0
11	93	0
79	283	0
303	132	0
65	437	0
292	234	0
58	209	0
277	267	0
237	336	0
237	310	0
222	26	0
357	198	0
409	206	0
198	654	0
194	326	0
315	656	0
330	467	0
405	22	0
194	208	0
193	190	0
423	197	0
7	151	0
82	95	0
23	41	0
79	433	0
444	485	0
150	661	0
424	411	0
291	157	0
140	9	0
140	531	0
56	235	0
326	498	0
378	62	0
239	574	0
156	193	0
111	426	0
197	205	0
238	190	0
16	28	0
438	329	0
177	299	0
321	90	0
371	244	0
128	154	0
161	122	0
404	158	0
211	353	0
48	647	0
136	262	0
90	45	0
366	11	0
1	511	0
67	361	0
300	509	0
131	103	0
381	13	0
388	242	0
407	178	0
144	193	0
220	618	0
99	304	0
117	141	0
22	536	0
282	460	0
216	24	0
22	438	0
25	50	0
411	0	0
101	251	0
1	323	0
177	136	0
213	469	0
4	1	0
273	162	0
281	660	0
96	407	0
367	128	0
346	573	0
266	213	0
383	620	0
432	562	0
253	344	0
140	565	0
319	565	0
145	26	0
365	149	0
120	31	0
358	369	0
236	136	0
63	112	0
282	267	0
3	327	0
319	74	0
78	340	0
7	350	0
65	327	0
401	92	0
228	188	0
253	28	0
107	626	0
65	63	0
55	484	0
56	359	0
239	44	0
147	369	0
439	111	0
355	630	0
432	212	0
426	26	0
32	660	0
132	354	0
122	124	0
214	472	0
248	27	0
293	594	0
243	71	0
378	26	0
285	429	0
275	73	0
397	42	0
431	644	0
251	344	0
365	124	0
73	145	0
154	445	0
108	563	0
418	316	0
39	242	0
430	225	0
324	611	0
414	416	0
21	47	0
255	495	0
416	632	0
93	396	0
0	200	0
366	575	0
311	471	0
232	399	0
335	138	0
215	300	0
21	2	0
360	78	0
401	517	0
389	540	0
147	155	0
26	557	0
422	322	0
9	110	0
228	124	0
201	514	0
149	585	0
262	46	0
226	266	0
374	400	0
284	608	0
295	507	0
45	203	0
208	412	0
206	400	0
354	418	0
265	158	0
70	195	0
45	280	0
63	117	0
161	523	0
286	454	0
149	477	0
0	538	0
318	454	0
414	378	0
104	552	0
59	190	0
140	1	0
273	491	0
61	272	0
45	179	0
424	121	0
415	453	0
15	141	0
128	630	0
351	487	0
243	497	0
293	283	0
151	287	0
281	260	0
99	507	0
265	365	0
329	607	0
345	257	0
66	409	0
260	397	0
317	290	0
62	192	0
242	537	0
187	286	0
220	152	0
218	535	0
392	153	0
103	346	0
207	269	0
292	168	0
254	338	0
354	298	0
390	164	0
441	534	0
358	239	0
439	149	0
441	312	0
52	636	0
430	214	0
297	405	0
274	89	0
248	90	0
197	582	0
17	452	0
316	30	0
106	451	0
93	88	0
394	578	0
172	357	0
6	118	0
327	248	0
415	391	0
434	389	0
190	352	0
189	218	0
60	614	0
246	459	0
303	320	0
330	48	0
393	616	0
269	381	0
169	609	0
293	546	0
121	409	0
49	400	0
16	137	0
8	559	0
382	570	0
295	161	0
156	528	0
288	488	0
48	632	0
211	610	0
135	76	0
217	0	0
425	177	0
258	319	0
340	363	0
338	534	0
117	596	0
3	537	0
296	101	0
162	632	0
302	188	0
203	286	0
352	285	0
443	614	0
364	205	0
248	82	0
274	577	0
341	385	0
399	86	0
117	652	0
42	426	0
437	586	0
282	10	0
391	145	0
289	376	0
179	370	0
100	461	0
350	619	0
11	461	0
428	172	0
372	585	0
444	490	0
404	212	0
16	549	0
51	265	0
139	22	0
408	92	0
371	48	0
420	547	0
4	494	0
411	558	0
259	313	0
140	331	0
326	506	0
151	352	0
244	631	0
37	47	0
313	276	0
369	216	0
213	648	0
422	265	0
34	36	0
280	399	0
405	4	0
56	92	0
371	289	0
313	636	0
205	320	0
50	381	0
289	468	0
102	323	0
95	283	0
86	59	0
136	191	0
418	159	0
160	352	0
268	373	0
7	535	0
108	303	0
317	154	0
136	596	0
317	591	0
4	137	0
28	286	0
394	627	0
211	251	0
115	392	0
354	87	0
114	538	0
144	327	0
45	92	0
138	264	0
122	91	0
44	318	0
79	177	0
305	641	0
22	54	0
176	152	0
131	322	0
10	292	0
32	521	0
430	412	0
415	192	0
141	499	0
337	237	0
247	531	0
76	404	0
37	442	0
75	485	0
438	589	0
6	630	0
320	394	0
155	585	0
300	225	0
399	402	0
327	465	0
77	228	0
192	350	0
5	642	0
338	12	0
331	300	0
209	143	0
41	6	0
426	326	0
437	346	0
190	640	0
191	148	0
231	43	0
127	529	0
290	512	0
16	10	0
229	72	0
409	188	0
191	653	0
256	340	0
359	642	0
313	12	0
41	130	0
120	390	0
104	514	0
119	45	0
320	76	0
76	210	0
120	265	0
282	115	0
312	338	0
403	313	0
132	134	0
304	293	0
359	493	0
240	526	0
217	291	0
113	133	0
379	122	0
66	269	0
231	434	0
203	29	0
73	497	0
262	308	0
77	27	0
396	554	0
172	98	0
211	124	0
311	570	0
112	545	0
168	554	0
418	564	0
117	172	0
388	38	0
159	374	0
142	508	0
391	429	0
163	518	0
251	636	0
420	244	0
409	600	0
114	249	0
55	634	0
115	571	0
73	261	0
3	181	0
81	172	0
118	12	0
369	105	0
286	180	0
179	440	0
231	400	0
153	491	0
132	28	0
264	481	0
295	152	0
105	339	0
58	452	0
377	227	0
410	144	0
171	369	0
83	549	0
368	495	0
394	281	0
380	533	0
314	249	0
385	172	0
316	432	0
379	43	0
268	1	0
138	627	0
184	204	0
209	539	0
94	52	0
315	169	0
4	251	0
88	264	0
185	396	0
187	208	0
81	297	0
129	649	0
52	405	0
350	281	0
147	195	0
141	31	0
91	601	0
395	493	0
188	391	0
261	325	0
418	146	0
298	637	0
109	592	0
284	421	0
279	635	0
414	150	0
126	491	0
365	295	0
289	270	0
262	20	0
437	33	0
254	231	0
156	492	0
336	530	0
373	224	0
45	389	0
412	487	0
127	112	0
303	366	0
322	247	0
9	395	0
101	414	0
189	75	0
232	351	0
384	402	0
433	209	0
270	26	0
309	339	0
427	646	0
300	191	0
165	203	0
72	108	0
402	288	0
280	465	0
62	433	0
424	603	0
63	56	0
320	369	0
136	609	0
72	658	0
105	408	0
219	536	0
135	480	0
383	364	0
396	158	0
223	57	0
225	574	0
2	625	0
396	386	0
363	39	0
142	136	0
40	619	0
289	35	0
231	579	0
39	63	0
413	594	0
133	268	0
203	351	0
125	522	0
280	405	0
305	34	0
154	405	0
244	292	0
225	591	0
279	164	0
388	637	0
433	285	0
349	332	0
78	38	0
416	137	0
276	123	0
261	407	0
21	660	0
381	446	0
123	233	0
155	366	0
315	313	0
333	436	0
343	486	0
142	604	0
204	160	0
28	57	0
77	301	0
38	71	0
121	589	0
431	566	0
329	560	0
88	115	0
325	48	0
186	238	0
61	542	0
177	110	0
266	449	0
299	475	0
352	463	0
71	198	0
83	652	0
194	306	0
353	469	0
429	518	0
394	476	0
134	289	0
226	249	0
133	52	0
13	126	0
127	88	0
37	461	0
346	662	0
398	482	0
330	513	0
277	625	0
185	228	0
201	377	0
159	7	0
134	55	0
268	163	0
108	200	0
283	218	0
67	275	0
99	412	0
72	6	0
36	524	0
245	647	0
88	106	0
25	515	0
262	172	0
3	303	0
180	258	0
157	52	0
191	596	0
379	418	0
100	639	0
135	57	0
260	73	0
291	574	0
259	200	0
5	162	0
414	628	0
34	298	0
391	211	0
161	530	0
291	621	0
310	296	0
392	142	0
394	126	0
276	555	0
273	449	0
202	618	0
388	60	0
1	559	0
120	515	0
233	252	0
213	581	0
30	153	0
101	624	0
122	520	0
94	116	0
122	322	0
43	576	0
242	222	0
302	393	0
328	585	0
32	333	0
436	462	0
261	10	0
66	267	0
191	393	0
91	480	0
246	266	0
6	396	0
391	323	0
246	596	0
150	459	0
350	89	0
281	440	0
372	260	0
119	8	0
390	522	0
21	54	0
245	566	0
417	289	0
211	477	0
259	103	0
145	93	0
379	264	0
439	456	0
218	413	0
398	394	0
212	31	0
92	365	0
351	340	0
162	56	0
186	180	0
2	250	0
379	189	0
344	499	0
343	362	0
331	355	0
90	642	0
7	496	0
436	456	0
165	1	0
406	441	0
444	439	0
258	85	0
47	19	0
99	582	0
24	171	0
133	328	0
97	33	0
290	68	0
296	651	0
13	269	0
420	491	0
56	345	0
419	441	0
35	640	0
383	504	0
14	517	0
281	358	0
410	0	0
157	295	0
173	272	0
201	483	0
343	663	0
202	90	0
320	292	0
384	428	0
202	322	0
4	596	0
412	396	0
265	394	0
96	70	0
350	379	0
217	312	0
412	365	0
424	229	0
390	469	0
295	222	0
83	99	0
161	230	0
200	609	0
339	295	0
102	395	0
298	276	0
363	276	0
338	61	0
443	389	0
428	602	0
418	63	0
174	454	0
362	599	0
9	305	0
168	229	0
290	226	0
70	346	0
270	642	0
290	217	0
232	51	0
184	617	0
372	333	0
117	223	0
59	355	0
181	77	0
351	270	0
65	305	0
91	143	0
24	460	0
129	316	0
277	210	0
434	334	0
393	351	0
115	229	0
115	344	0
358	623	0
431	16	0
430	126	0
227	307	0
317	35	0
42	147	0
348	329	0
330	489	0
189	87	0
25	111	0
364	413	0
228	534	0
394	289	0
97	573	0
217	375	0
242	158	0
432	28	0
31	156	0
17	187	0
303	423	0
139	111	0
10	200	0
203	20	0
203	460	0
408	122	0
336	580	0
361	455	0
260	621	0
281	643	0
443	538	0
433	477	0
330	274	0
322	464	0
349	53	0
257	255	0
45	458	0
32	532	0
301	323	0
40	334	0
16	276	0
347	315	0
419	124	0
157	525	0
216	71	0
322	650	0
236	87	0
169	210	0
139	652	0
92	1	0
417	65	0
403	533	0
185	62	0
220	116	0
398	528	0
317	296	0
199	113	0
128	497	0
326	517	0
392	464	0
230	377	0
248	356	0
410	343	0
308	187	0
194	23	0
302	199	0
333	564	0
335	153	0
166	418	0
99	198	0
40	165	0
322	368	0
273	53	0
80	258	0
56	96	0
128	98	0
139	168	0
20	465	0
57	468	0
327	7	0
364	459	0
426	307	0
289	422	0
429	112	0
362	34	0
233	78	0
43	207	0
415	151	0
258	439	0
163	139	0
162	287	0
371	115	0
54	583	0
214	123	0
150	228	0
154	259	0
285	486	0
297	168	0
61	266	0
56	189	0
30	401	0
139	199	0
364	185	0
223	263	0
376	289	0
387	490	0
370	10	0
432	540	0
77	145	0
426	109	0
377	431	0
427	346	0
438	190	0
37	187	0
393	214	0
389	55	0
168	397	0
62	226	0
60	248	0
444	120	0
6	361	0
314	333	0
126	594	0
397	331	0
249	630	0
165	296	0
362	376	0
352	645	0
11	295	0
377	459	0
229	341	0
310	48	0
226	280	0
338	199	0
187	429	0
47	529	0
60	413	0
314	547	0
32	498	0
360	298	0
342	639	0
228	2	0
34	122	0
389	579	0
196	267	0
66	187	0
213	482	0
347	520	0
98	588	0
432	472	0
203	103	0
192	365	0
50	542	0
174	436	0
24	491	0
367	526	0
198	303	0
115	232	0
51	123	0
441	32	0
60	320	0
93	274	0
3	629	0
373	114	0
395	0	0
72	403	0
191	48	0
276	115	0
225	201	0
385	213	0
284	385	0
214	348	0
40	201	0
403	384	0
375	437	0
178	292	0
383	350	0
11	82	0
38	498	0
156	536	0
82	642	0
74	103	0
25	612	0
294	196	0
9	498	0
334	646	0
91	614	0
410	452	0
435	489	0
195	661	0
33	337	0
388	581	0
377	371	0
421	623	0
134	95	0
35	360	0
238	439	0
55	363	0
0	430	0
97	130	0
170	404	0
143	270	0
87	318	0
82	582	0
135	45	0
433	360	0
285	635	0
326	319	0
281	530	0
428	315	0
420	124	0
393	599	0
260	416	0
95	580	0
416	529	0
184	258	0
224	401	0
36	578	0
144	64	0
250	213	0
23	449	0
398	366	0
250	147	0
274	222	0
316	424	0
440	292	0
309	161	0
424	538	0
17	122	0
68	463	0
205	11	0
122	36	0
435	201	0
151	68	0
410	467	0
226	517	0
329	609	0
248	11	0
248	49	0
323	144	0
319	444	0
67	588	0
68	469	0
326	269	0
47	346	0
349	29	0
285	97	0
441	615	0
341	269	0
347	438	0
132	232	0
110	358	0
181	199	0
312	365	0
119	130	0
271	252	0
304	332	0
10	5	0
176	600	0
332	280	0
269	610	0
112	371	0
66	544	0
86	455	0
182	513	0
56	456	0
201	315	0
370	645	0
398	206	0
280	263	0
441	186	0
418	640	0
383	644	0
39	349	0
199	453	0
348	57	0
363	546	0
150	90	0
21	128	0
188	317	0
121	189	0
250	275	0
398	465	0
143	186	0
218	600	0
105	170	0
371	542	0
245	551	0
212	587	0
379	40	0
74	104	0
381	251	0
33	605	0
246	635	0
363	397	0
423	297	0
200	113	0
117	349	0
105	608	0
19	166	0
349	539	0
290	179	0
440	434	0
299	143	0
291	220	0
373	40	0
234	122	0
153	611	0
303	411	0
101	84	0
274	242	0
63	547	0
414	600	0
327	521	0
314	61	0
324	11	0
435	565	0
300	659	0
177	49	0
346	207	0
210	267	0
163	512	0
225	418	0
281	12	0
437	334	0
123	285	0
443	503	0
425	114	0
361	44	0
360	202	0
210	220	0
394	105	0
87	253	0
135	483	0
201	226	0
434	374	0
265	370	0
230	382	0
126	191	0
311	572	0
247	270	0
213	626	0
308	17	0
274	56	0
370	156	0
104	54	0
141	52	0
18	472	0
287	620	0
421	439	0
119	181	0
269	451	0
390	601	0
151	168	0
313	533	0
305	318	0
155	483	0
427	147	0
250	459	0
244	165	0
37	368	0
419	155	0
383	52	0
101	340	0
233	433	0
414	58	0
318	289	0
292	166	0
71	436	0
311	612	0
222	549	0
81	169	0
433	304	0
158	615	0
208	100	0
408	328	0
189	3	0
263	136	0
211	657	0
361	80	0
155	221	0
27	516	0
105	461	0
51	541	0
24	13	0
30	558	0
292	607	0
360	101	0
244	476	0
161	402	0
258	517	0
326	197	0
114	114	0
328	406	0
109	334	0
279	152	0
36	586	0
19	560	0
122	88	0
149	422	0
136	157	0
53	593	0
17	261	0
148	285	0
359	173	0
166	319	0
219	66	0
142	391	0
38	208	0
188	169	0
145	401	0
412	479	0
160	243	0
207	291	0
267	447	0
72	261	0
311	299	0
339	456	0
288	187	0
236	552	0
31	330	0
216	278	0
66	193	0
46	623	0
131	372	0
187	493	0
120	511	0
226	43	0
129	249	0
143	38	0
286	20	0
177	611	0
133	652	0
13	463	0
351	460	0
420	182	0
264	486	0
161	187	0
155	460	0
39	139	0
237	60	0
20	2	0
5	254	0
185	576	0
51	575	0
328	27	0
259	270	0
237	533	0
206	95	0
355	237	0
356	232	0
346	50	0
126	623	0
33	294	0
391	356	0
78	290	0
5	638	0
57	507	0
415	402	0
247	324	0
216	46	0
315	403	0
120	197	0
408	348	0
110	190	0
404	283	0
83	34	0
78	466	0
344	361	0
423	597	0
349	162	0
235	618	0
289	629	0
188	157	0
251	560	0
8	27	0
70	196	0
29	349	0
212	639	0
99	541	0
278	129	0
192	250	0
298	444	0
135	286	0
321	483	0
206	138	0
232	33	0
227	175	0
210	437	0
191	346	0
79	323	0
133	409	0
37	173	0
214	584	0
433	266	0
407	394	0
317	459	0
414	486	0
420	258	0
180	641	0
20	601	0
129	658	0
8	122	0
406	582	0
391	414	0
4	451	0
229	157	0
336	430	0
279	68	0
194	5	0
426	286	0
3	401	0
413	368	0
180	282	0
408	121	0
408	613	0
245	592	0
29	182	0
37	73	0
117	489	0
419	421	0
395	107	0
92	258	0
414	405	0
271	96	0
306	506	0
148	319	0
281	306	0
413	115	0
138	183	0
352	615	0
393	331	0
242	450	0
13	411	0
148	317	0
312	11	0
329	638	0
350	630	0
154	424	0
401	170	0
164	80	0
299	22	0
237	195	0
176	511	0
113	308	0
234	657	0
241	248	0
257	528	0
118	89	0
216	35	0
359	101	0
395	112	0
227	107	0
84	549	0
427	329	0
433	41	0
327	114	0
258	417	0
166	141	0
304	259	0
50	26	0
8	452	0
281	199	0
338	57	0
16	515	0
360	490	0
11	412	0
14	654	0
285	11	0
127	559	0
93	652	0
181	499	0
384	181	0
244	365	0
346	344	0
313	194	0
320	163	0
209	44	0
301	488	0
436	352	0
317	88	0
141	7	0
93	550	0
347	129	0
273	617	0
102	573	0
43	248	0
414	205	0
206	75	0
180	242	0
15	302	0
308	63	0
238	189	0
288	354	0
321	233	0
199	17	0
104	385	0
49	320	0
134	644	0
183	631	0
102	367	0
85	338	0
329	392	0
283	630	0
237	321	0
38	245	0
237	21	0
325	663	0
418	320	0
386	246	0
193	91	0
233	294	0
306	100	0
26	326	0
77	569	0
428	579	0
309	271	0
286	418	0
295	554	0
163	166	0
168	494	0
34	125	0
436	437	0
159	528	0
286	65	0
271	482	0
133	406	0
298	557	0
2	284	0
203	629	0
94	180	0
214	250	0
201	342	0
269	533	0
423	102	0
105	244	0
213	541	0
138	373	0
347	286	0
94	314	0
326	593	0
235	566	0
49	330	0
186	114	0
359	131	0
45	595	0
67	112	0
77	70	0
269	122	0
60	659	0
301	348	0
7	536	0
440	497	0
21	49	0
205	605	0
192	645	0
249	261	0
84	19	0
232	560	0
22	45	0
311	426	0
233	229	0
398	580	0
59	20	0
261	231	0
323	490	0
321	373	0
105	476	0
241	645	0
150	237	0
210	461	0
78	278	0
140	156	0
265	8	0
221	336	0
262	619	0
97	168	0
43	229	0
249	650	0
428	123	0
390	440	0
265	7	0
49	457	0
230	446	0
336	288	0
262	592	0
313	500	0
165	95	0
270	14	0
356	394	0
144	9	0
237	416	0
213	427	0
184	432	0
190	461	0
55	124	0
288	73	0
81	648	0
405	577	0
127	339	0
129	150	0
370	638	0
94	44	0
357	578	0
143	498	0
261	46	0
352	31	0
419	457	0
17	542	0
90	525	0
240	53	0
161	400	0
95	549	0
234	89	0
0	396	0
247	350	0
86	357	0
25	180	0
83	234	0
251	335	0
438	128	0
17	232	0
382	11	0
95	641	0
294	24	0
43	393	0
74	226	0
388	377	0
365	163	0
31	405	0
271	250	0
297	78	0
327	518	0
299	266	0
60	182	0
98	201	0
263	216	0
286	539	0
230	580	0
226	209	0
425	86	0
405	657	0
147	263	0
351	249	0
277	249	0
219	240	0
323	189	0
95	98	0
353	176	0
120	505	0
44	456	0
302	533	0
358	107	0
410	377	0
149	141	0
338	373	0
262	16	0
441	242	0
22	175	0
382	266	0
17	230	0
386	299	0
12	611	0
358	515	0
378	459	0
334	320	0
188	404	0
288	226	0
25	434	0
429	313	0
395	404	0
280	514	0
135	20	0
168	354	0
76	28	0
169	479	0
420	588	0
21	45	0
410	404	0
86	493	0
95	229	0
391	547	0
79	581	0
123	29	0
206	169	0
67	527	0
240	128	0
144	269	0
321	349	0
166	633	0
31	633	0
69	272	0
297	9	0
367	590	0
385	86	0
412	103	0
214	474	0
13	313	0
435	641	0
411	433	0
433	186	0
343	373	0
343	382	0
2	25	0
75	56	0
359	49	0
392	575	0
164	325	0
297	368	0
144	472	0
285	167	0
407	646	0
302	485	0
161	481	0
215	561	0
16	395	0
384	82	0
48	477	0
140	603	0
285	528	0
376	49	0
351	543	0
209	333	0
69	487	0
155	434	0
25	172	0
276	388	0
311	601	0
226	647	0
368	471	0
2	118	0
19	607	0
60	617	0
271	651	0
139	320	0
189	509	0
151	407	0
171	404	0
191	542	0
371	454	0
203	216	0
37	3	0
323	650	0
6	432	0
234	55	0
250	457	0
286	114	0
331	30	0
269	550	0
95	255	0
415	37	0
27	399	0
315	385	0
146	316	0
194	348	0
352	203	0
109	600	0
261	308	0
58	371	0
409	33	0
130	279	0
297	482	0
149	612	0
68	544	0
264	389	0
437	352	0
321	243	0
142	551	0
129	470	0
144	582	0
335	470	0
278	496	0
408	525	0
266	312	0
55	533	0
425	502	0
163	338	0
113	395	0
331	408	0
19	561	0
285	448	0
82	416	0
222	355	0
58	575	0
72	508	0
48	386	0
312	127	0
114	590	0
400	444	0
128	286	0
250	546	0
33	188	0
219	326	0
71	122	0
206	273	0
62	62	0
6	603	0
9	267	0
207	297	0
236	611	0
52	642	0
116	285	0
375	257	0
72	368	0
318	545	0
362	56	0
54	284	0
113	32	0
251	540	0
302	524	0
123	156	0
256	32	0
100	19	0
92	52	0
324	263	0
365	145	0
55	431	0
368	348	0
249	551	0
353	277	0
315	446	0
185	609	0
421	35	0
300	81	0
381	576	0
412	116	0
299	168	0
333	276	0
3	257	0
296	468	0
325	210	0
278	599	0
243	345	0
364	294	0
191	520	0
76	79	0
83	397	0
342	159	0
429	433	0
239	148	0
156	261	0
255	351	0
441	187	0
409	370	0
45	367	0
22	623	0
204	323	0
392	456	0
80	153	0
410	478	0
428	461	0
188	104	0
422	157	0
400	32	0
399	58	0
4	443	0
195	5	0
185	246	0
189	309	0
292	257	0
391	651	0
347	354	0
356	5	0
246	654	0
432	290	0
437	308	0
270	611	0
193	484	0
154	119	0
297	166	0
7	348	0
440	60	0
221	75	0
329	629	0
20	272	0
385	98	0
242	407	0
366	77	0
52	596	0
373	517	0
142	564	0
34	594	0
253	12	0
443	582	0
107	157	0
224	128	0
101	67	0
208	105	0
390	375	0
414	322	0
75	287	0
64	442	0
211	471	0
242	379	0
377	132	0
443	232	0
228	154	0
407	44	0
304	372	0
191	578	0
104	10	0
160	641	0
183	145	0
206	617	0
311	317	0
393	524	0
122	348	0
12	411	0
30	68	0
32	293	0
189	481	0
313	301	0
75	449	0
349	531	0
408	361	0
4	515	0
277	72	0
210	226	0
393	596	0
238	38	0
256	384	0
116	268	0
56	403	0
428	244	0
315	31	0
280	464	0
287	629	0
426	318	0
137	576	0
348	19	0
158	318	0
320	508	0
423	12	0
20	443	0
154	44	0
15	526	0
84	579	0
314	2	0
87	338	0
66	508	0
148	643	0
57	433	0
328	527	0
211	93	0
234	261	0
355	628	0
342	43	0
302	16	0
226	75	0
391	293	0
371	75	0
278	80	0
219	227	0
257	585	0
2	577	0
241	491	0
427	122	0
114	603	0
407	185	0
373	107	0
319	609	0
297	468	0
140	315	0
284	276	0
154	99	0
263	130	0
253	561	0
17	570	0
93	538	0
322	637	0
212	54	0
310	194	0
295	470	0
402	299	0
84	268	0
383	415	0
368	96	0
297	34	0
223	574	0
430	484	0
354	576	0
355	167	0
327	515	0
150	184	0
344	373	0
112	92	0
310	70	0
439	513	0
291	525	0
188	515	0
45	539	0
407	64	0
99	295	0
192	156	0
271	180	0
423	555	0
192	647	0
36	560	0
223	514	0
372	437	0
158	632	0
296	464	0
219	267	0
173	621	0
107	241	0
166	509	0
303	597	0
229	240	0
105	293	0
16	483	0
185	550	0
92	406	0
355	541	0
348	436	0
18	215	0
238	184	0
157	172	0
338	187	0
21	7	0
263	398	0
152	560	0
185	626	0
389	416	0
78	570	0
441	533	0
294	258	0
305	428	0
115	16	0
38	111	0
113	648	0
150	4	0
437	598	0
361	13	0
372	32	0
436	77	0
3	105	0
176	156	0
30	223	0
346	301	0
8	514	0
60	459	0
353	337	0
103	347	0
346	441	0
165	106	0
207	467	0
309	422	0
373	14	0
218	156	0
414	37	0
413	300	0
306	279	0
366	163	0
146	411	0
288	534	0
43	410	0
359	236	0
125	483	0
249	514	0
305	302	0
278	392	0
75	29	0
157	558	0
64	149	0
208	501	0
73	632	0
221	313	0
97	526	0
411	469	0
265	50	0
299	12	0
392	631	0
406	409	0
125	616	0
150	110	0
145	612	0
2	6	0
413	213	0
178	519	0
65	313	0
241	592	0
172	370	0
43	70	0
315	450	0
248	425	0
104	530	0
203	326	0
2	108	0
293	604	0
17	25	0
368	238	0
160	487	0
257	239	0
310	434	0
399	428	0
364	79	0
18	504	0
117	487	0
386	91	0
165	371	0
378	630	0
202	75	0
337	55	0
68	406	0
149	611	0
271	617	0
57	222	0
142	428	0
112	190	0
18	443	0
79	465	0
100	175	0
26	59	0
270	241	0
115	593	0
77	90	0
395	469	0
392	315	0
72	478	0
332	647	0
251	641	0
306	361	0
369	508	0
136	606	0
285	1	0
370	578	0
346	450	0
426	506	0
423	463	0
46	527	0
336	647	0
4	301	0
286	333	0
72	553	0
57	180	0
180	651	0
254	81	0
82	478	0
397	528	0
378	500	0
377	333	0
435	465	0
285	342	0
225	160	0
374	458	0
17	566	0
429	488	0
48	129	0
226	342	0
100	530	0
85	625	0
176	591	0
429	450	0
402	567	0
434	139	0
425	580	0
205	453	0
73	24	0
314	461	0
93	413	0
353	330	0
13	551	0
34	586	0
385	516	0
261	161	0
98	362	0
267	385	0
308	594	0
292	102	0
1	476	0
401	186	0
376	472	0
376	534	0
60	458	0
57	521	0
119	117	0
213	438	0
17	227	0
107	625	0
341	611	0
335	164	0
272	273	0
399	477	0
368	650	0
42	638	0
116	2	0
304	596	0
428	209	0
333	607	0
353	63	0
69	308	0
28	242	0
196	427	0
311	503	0
442	618	0
85	81	0
249	39	0
399	407	0
313	431	0
417	543	0
79	185	0
242	249	0
133	323	0
368	284	0
308	540	0
44	205	0
124	210	0
288	530	0
12	606	0
277	506	0
250	189	0
295	512	0
235	628	0
209	7	0
279	572	0
243	85	0
306	123	0
217	471	0
44	568	0
365	170	0
328	63	0
215	533	0
125	518	0
325	353	0
228	429	0
437	330	0
185	208	0
30	462	0
102	455	0
345	555	0
167	69	0
15	635	0
63	13	0
266	377	0
134	374	0
220	480	0
255	153	0
71	111	0
198	637	0
226	328	0
27	225	0
263	149	0
443	643	0
149	231	0
122	92	0
370	432	0
179	47	0
386	526	0
27	79	0
302	548	0
132	20	0
263	263	0
182	225	0
315	388	0
89	603	0
186	546	0
318	543	0
155	537	0
264	100	0
62	389	0
318	48	0
382	307	0
105	81	0
122	529	0
169	39	0
394	230	0
434	325	0
183	189	0
197	166	0
217	605	0
427	593	0
41	71	0
302	7	0
409	585	0
332	608	0
42	317	0
385	479	0
59	537	0
21	322	0
427	12	0
152	363	0
418	130	0
82	394	0
11	372	0
20	637	0
28	518	0
418	206	0
420	5	0
142	206	0
77	251	0
136	513	0
406	625	0
304	390	0
432	473	0
103	413	0
170	544	0
91	338	0
39	455	0
165	447	0
365	330	0
95	78	0
355	1	0
297	225	0
217	175	0
25	162	0
254	502	0
64	175	0
52	359	0
360	262	0
339	460	0
150	631	0
76	501	0
216	523	0
40	272	0
332	64	0
144	573	0
151	557	0
289	495	0
196	341	0
13	222	0
358	432	0
406	426	0
371	392	0
197	350	0
236	50	0
49	154	0
239	248	0
126	197	0
241	587	0
278	362	0
245	204	0
49	499	0
18	385	0
373	305	0
235	199	0
389	47	0
439	268	0
156	75	0
68	154	0
275	14	0
383	114	0
35	112	0
44	575	0
50	296	0
222	156	0
384	178	0
367	645	0
267	187	0
352	429	0
79	186	0
380	17	0
387	559	0
244	190	0
314	371	0
351	644	0
332	30	0
108	426	0
162	20	0
4	572	0
207	26	0
97	180	0
9	592	0
186	606	0
164	260	0
270	60	0
291	603	0
38	641	0
166	336	0
385	401	0
26	280	0
305	55	0
226	601	0
291	240	0
246	187	0
254	177	0
217	64	0
132	139	0
312	134	0
397	412	0
304	56	0
364	653	0
110	283	0
56	297	0
371	551	0
234	299	0
328	69	0
6	406	0
164	14	0
317	288	0
148	529	0
93	386	0
355	270	0
339	571	0
341	274	0
341	582	0
243	304	0
299	503	0
40	26	0
135	302	0
70	150	0
195	571	0
286	408	0
433	250	0
313	453	0
48	153	0
288	98	0
170	199	0
61	557	0
