0	0	1
0	21	1
0	24	1
0	28	1
0	34	1
0	35	1
0	40	1
0	43	1
0	45	1
0	50	1
0	51	1
0	52	1
0	54	1
0	59	1
0	119	1
0	139	1
0	141	1
0	167	1
0	170	1
0	219	1
0	222	1
0	233	1
0	249	1
0	258	1
0	259	1
0	277	1
0	278	1
0	284	1
0	292	1
0	311	1
0	312	1
0	327	1
0	329	1
0	490	1
0	529	1
0	548	1
0	558	1
1	111	1
1	120	1
1	127	1
1	178	1
1	200	1
1	226	1
1	231	1
1	249	1
1	281	1
1	285	1
1	296	1
1	324	1
1	348	1
1	600	1
2	233	1
2	267	1
3	249	1
3	250	1
4	365	1
4	436	1
5	2	1
5	20	1
5	175	1
5	373	1
5	569	1
5	575	1
6	127	1
6	267	1
7	267	1
7	269	1
7	271	1
7	374	1
7	376	1
7	377	1
7	514	1
7	543	1
7	567	1
8	260	1
8	261	1
8	264	1
9	157	1
9	252	1
9	508	1
9	524	1
10	566	1
11	1	1
11	65	1
11	72	1
11	194	1
11	328	1
11	332	1
11	363	1
11	541	1
11	596	1
11	640	1
11	663	1
12	111	1
12	220	1
13	14	1
13	231	1
13	335	1
13	376	1
13	377	1
13	516	1
13	528	1
14	376	1
14	377	1
14	568	1
15	13	1
15	23	1
15	36	1
15	48	1
15	49	1
15	116	1
15	126	1
15	161	1
15	164	1
15	165	1
15	166	1
15	168	1
15	169	1
15	204	1
15	205	1
15	248	1
15	256	1
15	257	1
15	273	1
15	287	1
15	305	1
15	306	1
15	307	1
15	333	1
15	352	1
15	366	1
15	386	1
15	388	1
15	414	1
15	425	1
15	426	1
15	435	1
15	444	1
15	445	1
15	460	1
15	464	1
15	484	1
15	485	1
15	509	1
15	510	1
15	511	1
15	512	1
15	513	1
15	531	1
15	540	1
15	545	1
15	564	1
15	585	1
15	620	1
15	649	1
15	655	1
16	21	1
17	206	1
17	349	1
18	477	1
18	546	1
19	66	1
19	282	1
19	334	1
20	350	1
21	118	1
22	14	1
22	279	1
22	289	1
22	303	1
22	376	1
22	377	1
22	528	1
22	530	1
23	207	1
23	641	1
24	412	1
25	167	1
25	642	1
26	210	1
26	211	1
26	212	1
26	213	1
26	214	1
26	288	1
26	318	1
26	319	1
26	336	1
26	518	1
26	621	1
27	384	1
27	418	1
27	420	1
27	438	1
27	469	1
27	652	1
28	16	1
28	33	1
28	37	1
28	39	1
28	55	1
28	62	1
28	64	1
28	70	1
28	76	1
28	128	1
28	129	1
28	130	1
28	131	1
28	132	1
28	133	1
28	134	1
28	135	1
28	136	1
28	189	1
28	192	1
28	198	1
28	239	1
28	309	1
28	385	1
28	413	1
28	437	1
28	458	1
28	459	1
28	461	1
28	462	1
28	463	1
28	465	1
28	466	1
28	467	1
28	468	1
28	470	1
28	471	1
28	472	1
28	473	1
28	474	1
28	475	1
28	476	1
28	478	1
28	479	1
28	481	1
28	482	1
28	523	1
28	542	1
28	615	1
28	618	1
28	625	1
28	635	1
28	636	1
28	637	1
28	650	1
28	660	1
29	518	1
29	519	1
30	210	1
30	211	1
30	212	1
30	213	1
30	214	1
30	319	1
30	518	1
30	519	1
31	201	1
31	288	1
31	518	1
31	519	1
32	580	1
32	581	1
33	90	1
33	210	1
33	211	1
33	212	1
33	308	1
33	319	1
33	518	1
33	519	1
34	518	1
34	519	1
35	109	1
36	518	1
36	519	1
37	93	1
37	112	1
37	167	1
37	170	1
37	171	1
37	174	1
37	177	1
37	180	1
37	337	1
37	364	1
38	210	1
38	211	1
38	212	1
38	213	1
38	214	1
38	308	1
38	319	1
38	518	1
38	519	1
39	15	1
39	96	1
39	115	1
39	194	1
39	383	1
39	515	1
40	27	1
40	81	1
40	82	1
40	83	1
40	84	1
40	85	1
40	86	1
40	87	1
40	88	1
40	89	1
40	90	1
40	91	1
40	92	1
40	93	1
40	94	1
40	95	1
40	96	1
40	97	1
40	98	1
40	99	1
40	100	1
40	101	1
40	102	1
40	103	1
40	104	1
40	105	1
40	106	1
40	107	1
40	108	1
40	109	1
40	110	1
40	145	1
40	223	1
40	240	1
40	251	1
40	320	1
40	379	1
40	391	1
40	517	1
40	549	1
40	634	1
40	646	1
40	656	1
41	210	1
41	211	1
41	212	1
41	213	1
41	214	1
41	319	1
41	518	1
41	519	1
42	117	1
43	117	1
44	228	1
45	518	1
45	519	1
46	106	1
47	1	1
48	518	1
48	519	1
49	13	1
49	23	1
49	36	1
49	41	1
49	49	1
49	77	1
49	116	1
49	143	1
49	144	1
49	164	1
49	165	1
49	166	1
49	168	1
49	169	1
49	204	1
49	205	1
49	248	1
49	256	1
49	257	1
49	287	1
49	305	1
49	306	1
49	307	1
49	352	1
49	366	1
49	386	1
49	388	1
49	425	1
49	426	1
49	435	1
49	485	1
49	509	1
49	510	1
49	511	1
49	512	1
49	513	1
49	540	1
49	545	1
49	564	1
49	585	1
49	620	1
49	655	1
50	443	1
51	518	1
51	519	1
52	580	1
52	581	1
53	16	1
53	33	1
53	37	1
53	39	1
53	55	1
53	62	1
53	64	1
53	70	1
53	76	1
53	128	1
53	129	1
53	130	1
53	131	1
53	132	1
53	133	1
53	134	1
53	135	1
53	136	1
53	189	1
53	192	1
53	198	1
53	239	1
53	385	1
53	458	1
53	459	1
53	465	1
53	466	1
53	467	1
53	468	1
53	470	1
53	471	1
53	472	1
53	473	1
53	474	1
53	475	1
53	476	1
53	478	1
53	479	1
53	481	1
53	482	1
53	523	1
53	542	1
53	615	1
53	618	1
53	625	1
53	636	1
53	637	1
53	650	1
53	660	1
54	378	1
55	580	1
55	581	1
56	109	1
57	108	1
58	333	1
58	531	1
59	114	1
60	236	1
61	120	1
61	446	1
62	217	1
62	221	1
62	235	1
62	644	1
63	18	1
63	31	1
63	80	1
63	81	1
63	92	1
63	93	1
63	121	1
63	122	1
63	123	1
63	220	1
63	318	1
63	336	1
63	372	1
63	518	1
63	519	1
63	565	1
63	621	1
64	38	1
64	208	1
64	301	1
64	603	1
64	604	1
64	605	1
64	606	1
64	607	1
64	608	1
64	609	1
64	610	1
64	611	1
64	612	1
65	383	1
66	236	1
66	255	1
67	600	1
68	27	1
68	80	1
68	81	1
68	82	1
68	83	1
68	84	1
68	85	1
68	86	1
68	87	1
68	88	1
68	89	1
68	90	1
68	91	1
68	92	1
68	93	1
68	94	1
68	95	1
68	96	1
68	97	1
68	98	1
68	99	1
68	100	1
68	101	1
68	102	1
68	103	1
68	104	1
68	105	1
68	106	1
68	107	1
68	108	1
68	109	1
68	110	1
68	145	1
68	223	1
68	240	1
68	251	1
68	320	1
68	379	1
68	391	1
68	517	1
68	549	1
68	634	1
68	646	1
68	656	1
69	26	1
69	232	1
69	375	1
69	392	1
69	394	1
69	395	1
69	396	1
69	397	1
69	398	1
69	399	1
69	400	1
69	403	1
69	404	1
69	405	1
69	406	1
69	407	1
69	408	1
69	639	1
69	640	1
70	26	1
70	232	1
70	375	1
70	392	1
70	394	1
70	395	1
70	396	1
70	397	1
70	398	1
70	399	1
70	400	1
70	403	1
70	404	1
70	405	1
70	406	1
70	407	1
70	408	1
70	639	1
70	640	1
71	92	1
71	96	1
72	114	1
73	89	1
73	96	1
74	163	1
74	316	1
74	323	1
74	324	1
74	626	1
74	630	1
75	92	1
75	96	1
76	12	1
76	317	1
77	81	1
77	88	1
77	92	1
77	96	1
77	190	1
78	117	1
79	88	1
79	96	1
79	308	1
79	378	1
80	603	1
80	604	1
80	606	1
81	347	1
82	92	1
83	518	1
83	519	1
84	236	1
84	255	1
85	88	1
85	90	1
86	423	1
87	423	1
88	423	1
89	518	1
89	519	1
90	124	1
90	227	1
90	237	1
90	254	1
90	360	1
90	378	1
90	381	1
90	528	1
90	530	1
90	550	1
90	551	1
90	569	1
90	631	1
90	662	1
91	255	1
92	38	1
92	208	1
92	301	1
92	603	1
92	604	1
92	605	1
92	606	1
92	607	1
92	608	1
92	609	1
92	610	1
92	611	1
92	612	1
93	255	1
94	270	1
95	114	1
96	96	1
97	137	1
98	26	1
98	232	1
98	375	1
98	392	1
98	394	1
98	395	1
98	396	1
98	397	1
98	398	1
98	399	1
98	400	1
98	403	1
98	404	1
98	405	1
98	406	1
98	407	1
98	408	1
98	639	1
98	640	1
99	211	1
99	518	1
99	519	1
99	583	1
100	27	1
100	80	1
100	81	1
100	82	1
100	83	1
100	84	1
100	85	1
100	86	1
100	87	1
100	88	1
100	89	1
100	90	1
100	91	1
100	92	1
100	93	1
100	94	1
100	95	1
100	96	1
100	97	1
100	98	1
100	99	1
100	100	1
100	101	1
100	102	1
100	103	1
100	104	1
100	105	1
100	106	1
100	107	1
100	108	1
100	109	1
100	110	1
100	145	1
100	223	1
100	240	1
100	251	1
100	320	1
100	379	1
100	391	1
100	517	1
100	549	1
100	634	1
100	646	1
100	656	1
101	114	1
102	96	1
103	255	1
104	27	1
104	80	1
104	81	1
104	82	1
104	83	1
104	84	1
104	85	1
104	86	1
104	87	1
104	88	1
104	89	1
104	90	1
104	91	1
104	92	1
104	93	1
104	94	1
104	95	1
104	96	1
104	97	1
104	98	1
104	99	1
104	100	1
104	101	1
104	102	1
104	103	1
104	104	1
104	105	1
104	106	1
104	107	1
104	108	1
104	109	1
104	110	1
104	145	1
104	223	1
104	240	1
104	251	1
104	320	1
104	379	1
104	391	1
104	517	1
104	549	1
104	634	1
104	646	1
104	656	1
105	255	1
106	121	1
106	122	1
106	123	1
106	200	1
106	201	1
106	336	1
106	584	1
106	599	1
107	27	1
107	81	1
107	82	1
107	83	1
107	84	1
107	85	1
107	86	1
107	87	1
107	88	1
107	89	1
107	90	1
107	91	1
107	92	1
107	93	1
107	94	1
107	95	1
107	96	1
107	97	1
107	98	1
107	99	1
107	100	1
107	101	1
107	103	1
107	105	1
107	106	1
107	107	1
107	108	1
107	109	1
107	110	1
107	145	1
107	223	1
107	240	1
107	251	1
107	275	1
107	276	1
107	320	1
107	379	1
107	383	1
107	391	1
107	517	1
107	549	1
107	634	1
107	646	1
107	656	1
108	211	1
109	88	1
109	90	1
110	26	1
110	30	1
110	53	1
110	63	1
110	197	1
110	232	1
110	238	1
110	263	1
110	280	1
110	375	1
110	380	1
110	382	1
110	392	1
110	394	1
110	395	1
110	396	1
110	397	1
110	398	1
110	399	1
110	400	1
110	401	1
110	402	1
110	403	1
110	404	1
110	405	1
110	406	1
110	407	1
110	408	1
110	410	1
110	414	1
110	415	1
110	416	1
110	427	1
110	428	1
110	429	1
110	430	1
110	431	1
110	432	1
110	433	1
110	434	1
110	486	1
110	488	1
110	555	1
110	556	1
110	632	1
110	639	1
110	640	1
111	565	1
112	114	1
113	61	1
113	191	1
113	291	1
113	414	1
114	518	1
114	519	1
115	96	1
115	270	1
116	27	1
116	80	1
116	81	1
116	82	1
116	83	1
116	84	1
116	85	1
116	86	1
116	87	1
116	88	1
116	89	1
116	91	1
116	92	1
116	93	1
116	94	1
116	95	1
116	96	1
116	97	1
116	98	1
116	99	1
116	100	1
116	101	1
116	102	1
116	103	1
116	105	1
116	106	1
116	107	1
116	108	1
116	109	1
116	110	1
116	145	1
116	223	1
116	240	1
116	251	1
116	320	1
116	379	1
116	391	1
116	517	1
116	549	1
116	634	1
116	646	1
116	656	1
117	0	1
117	44	1
117	210	1
117	211	1
117	212	1
117	213	1
117	214	1
117	288	1
117	303	1
117	319	1
117	659	1
118	519	1
119	190	1
120	518	1
120	519	1
121	81	1
121	92	1
122	361	1
123	114	1
124	518	1
124	519	1
125	360	1
126	333	1
127	117	1
128	163	1
129	622	1
130	26	1
130	30	1
130	53	1
130	63	1
130	191	1
130	197	1
130	232	1
130	238	1
130	263	1
130	266	1
130	280	1
130	290	1
130	353	1
130	380	1
130	382	1
130	387	1
130	392	1
130	394	1
130	395	1
130	396	1
130	397	1
130	398	1
130	399	1
130	400	1
130	401	1
130	402	1
130	403	1
130	404	1
130	405	1
130	407	1
130	408	1
130	410	1
130	414	1
130	415	1
130	416	1
130	427	1
130	428	1
130	429	1
130	430	1
130	431	1
130	432	1
130	433	1
130	434	1
130	486	1
130	488	1
130	522	1
130	555	1
130	556	1
130	629	1
130	632	1
130	639	1
130	640	1
131	92	1
131	96	1
132	323	1
132	324	1
133	210	1
133	211	1
133	212	1
133	213	1
133	214	1
133	308	1
133	319	1
133	517	1
133	518	1
133	519	1
134	88	1
134	90	1
135	190	1
136	351	1
137	351	1
138	38	1
138	208	1
138	301	1
138	603	1
138	604	1
138	605	1
138	606	1
138	607	1
138	608	1
138	609	1
138	610	1
138	611	1
138	612	1
139	38	1
139	208	1
139	301	1
139	603	1
139	604	1
139	605	1
139	606	1
139	607	1
139	608	1
139	609	1
139	610	1
139	611	1
139	612	1
140	92	1
140	96	1
141	26	1
141	27	1
141	30	1
141	53	1
141	63	1
141	80	1
141	81	1
141	82	1
141	83	1
141	85	1
141	86	1
141	87	1
141	88	1
141	89	1
141	90	1
141	91	1
141	92	1
141	93	1
141	94	1
141	95	1
141	96	1
141	97	1
141	98	1
141	99	1
141	100	1
141	101	1
141	102	1
141	103	1
141	104	1
141	105	1
141	106	1
141	107	1
141	108	1
141	109	1
141	110	1
141	145	1
141	197	1
141	223	1
141	232	1
141	238	1
141	240	1
141	251	1
141	263	1
141	280	1
141	320	1
141	344	1
141	379	1
141	380	1
141	382	1
141	391	1
141	392	1
141	394	1
141	395	1
141	396	1
141	397	1
141	398	1
141	399	1
141	400	1
141	401	1
141	402	1
141	403	1
141	404	1
141	405	1
141	407	1
141	408	1
141	410	1
141	414	1
141	415	1
141	416	1
141	427	1
141	428	1
141	429	1
141	430	1
141	431	1
141	432	1
141	433	1
141	434	1
141	486	1
141	488	1
141	517	1
141	549	1
141	555	1
141	556	1
141	632	1
141	634	1
141	639	1
141	640	1
141	646	1
141	656	1
142	378	1
143	88	1
144	124	1
145	88	1
146	604	1
146	606	1
147	38	1
147	208	1
147	301	1
147	603	1
147	604	1
147	605	1
147	606	1
147	607	1
147	608	1
147	609	1
147	610	1
147	611	1
147	612	1
148	27	1
148	80	1
148	81	1
148	82	1
148	83	1
148	84	1
148	85	1
148	86	1
148	87	1
148	88	1
148	89	1
148	90	1
148	91	1
148	92	1
148	94	1
148	95	1
148	96	1
148	97	1
148	98	1
148	99	1
148	100	1
148	101	1
148	102	1
148	103	1
148	104	1
148	105	1
148	106	1
148	107	1
148	108	1
148	109	1
148	110	1
148	145	1
148	223	1
148	230	1
148	240	1
148	251	1
148	320	1
148	379	1
148	390	1
148	391	1
148	517	1
148	549	1
148	634	1
148	646	1
148	656	1
149	93	1
149	230	1
149	390	1
150	93	1
150	230	1
150	390	1
151	230	1
151	390	1
152	230	1
152	390	1
153	93	1
153	230	1
153	390	1
154	378	1
155	96	1
156	163	1
157	121	1
157	122	1
157	123	1
157	318	1
157	336	1
157	584	1
157	599	1
157	621	1
158	81	1
158	92	1
158	96	1
159	518	1
159	519	1
160	90	1
160	518	1
160	519	1
161	518	1
161	519	1
162	80	1
162	81	1
163	27	1
163	80	1
163	81	1
163	82	1
163	83	1
163	84	1
163	85	1
163	86	1
163	87	1
163	88	1
163	89	1
163	90	1
163	91	1
163	92	1
163	93	1
163	94	1
163	95	1
163	96	1
163	97	1
163	98	1
163	99	1
163	100	1
163	101	1
163	102	1
163	103	1
163	104	1
163	105	1
163	106	1
163	108	1
163	109	1
163	110	1
163	145	1
163	223	1
163	240	1
163	251	1
163	320	1
163	379	1
163	391	1
163	517	1
163	549	1
163	634	1
163	646	1
163	656	1
164	18	1
164	31	1
164	121	1
164	122	1
164	123	1
164	220	1
164	242	1
164	243	1
164	244	1
164	245	1
164	246	1
164	247	1
164	318	1
164	336	1
164	372	1
164	621	1
165	573	1
166	78	1
166	127	1
166	577	1
166	578	1
166	588	1
166	597	1
166	598	1
167	90	1
168	89	1
169	114	1
170	114	1
171	114	1
172	114	1
173	114	1
174	217	1
174	221	1
174	235	1
174	644	1
175	351	1
176	603	1
176	604	1
176	606	1
177	603	1
177	604	1
177	606	1
178	38	1
178	208	1
178	301	1
178	603	1
178	604	1
178	605	1
178	606	1
178	607	1
178	608	1
178	609	1
178	610	1
178	611	1
178	612	1
179	38	1
179	208	1
179	301	1
179	603	1
179	604	1
179	605	1
179	606	1
179	607	1
179	608	1
179	609	1
179	610	1
179	611	1
179	612	1
180	347	1
180	603	1
180	604	1
180	606	1
181	38	1
181	208	1
181	301	1
181	603	1
181	604	1
181	605	1
181	606	1
181	607	1
181	608	1
181	609	1
181	610	1
181	611	1
181	612	1
182	347	1
182	603	1
182	604	1
182	606	1
183	347	1
183	603	1
183	604	1
183	606	1
184	333	1
184	531	1
185	333	1
185	531	1
186	26	1
186	232	1
186	392	1
186	394	1
186	395	1
186	396	1
186	397	1
186	398	1
186	399	1
186	400	1
186	403	1
186	404	1
186	405	1
186	407	1
186	639	1
187	603	1
187	604	1
188	603	1
189	190	1
189	342	1
190	163	1
190	531	1
191	118	1
192	291	1
192	292	1
193	188	1
194	575	1
195	80	1
195	81	1
195	84	1
195	93	1
196	60	1
197	323	1
197	324	1
198	60	1
199	333	1
199	531	1
200	518	1
200	519	1
201	518	1
201	519	1
202	323	1
202	324	1
203	518	1
203	519	1
204	362	1
205	88	1
205	90	1
206	236	1
207	236	1
208	270	1
209	270	1
210	270	1
211	270	1
212	25	1
212	56	1
212	345	1
212	346	1
213	25	1
213	56	1
213	345	1
213	346	1
214	518	1
214	519	1
215	518	1
215	519	1
216	323	1
217	80	1
217	81	1
217	82	1
217	83	1
217	84	1
217	85	1
217	86	1
217	87	1
217	88	1
217	89	1
217	90	1
217	91	1
217	92	1
217	93	1
217	94	1
217	95	1
217	96	1
217	97	1
217	99	1
217	106	1
217	145	1
217	223	1
217	251	1
217	549	1
218	106	1
219	80	1
219	81	1
219	82	1
219	83	1
219	84	1
219	85	1
219	86	1
219	87	1
219	88	1
219	89	1
219	90	1
219	91	1
219	92	1
219	93	1
219	94	1
219	95	1
219	96	1
219	97	1
219	99	1
219	106	1
219	145	1
219	223	1
219	251	1
219	549	1
220	446	1
221	518	1
221	519	1
222	518	1
222	519	1
223	518	1
223	519	1
224	333	1
225	333	1
226	333	1
227	333	1
228	272	1
228	340	1
228	341	1
228	343	1
229	46	1
229	579	1
229	582	1
229	643	1
230	588	1
231	114	1
232	27	1
232	80	1
232	81	1
232	82	1
232	83	1
232	84	1
232	85	1
232	86	1
232	87	1
232	88	1
232	89	1
232	90	1
232	91	1
232	92	1
232	93	1
232	94	1
232	95	1
232	96	1
232	97	1
232	98	1
232	99	1
232	100	1
232	101	1
232	102	1
232	103	1
232	104	1
232	105	1
232	106	1
232	107	1
232	108	1
232	109	1
232	110	1
232	145	1
232	223	1
232	240	1
232	251	1
232	320	1
232	379	1
232	391	1
232	517	1
232	549	1
232	634	1
232	646	1
232	656	1
233	323	1
233	324	1
234	531	1
235	114	1
236	518	1
236	519	1
237	26	1
237	232	1
237	375	1
237	392	1
237	394	1
237	395	1
237	396	1
237	397	1
237	398	1
237	399	1
237	400	1
237	403	1
237	404	1
237	405	1
237	406	1
237	407	1
237	408	1
237	639	1
237	640	1
238	426	1
238	435	1
239	92	1
240	274	1
241	518	1
241	519	1
242	38	1
242	208	1
242	301	1
242	603	1
242	604	1
242	605	1
242	606	1
242	607	1
242	608	1
242	609	1
242	610	1
242	611	1
242	612	1
243	26	1
243	232	1
243	375	1
243	392	1
243	394	1
243	395	1
243	396	1
243	397	1
243	398	1
243	399	1
243	400	1
243	403	1
243	404	1
243	405	1
243	406	1
243	407	1
243	408	1
243	639	1
243	640	1
244	588	1
245	19	1
245	42	1
245	47	1
245	57	1
245	138	1
245	161	1
245	218	1
245	224	1
245	265	1
245	268	1
245	314	1
245	315	1
245	317	1
245	333	1
245	368	1
245	369	1
245	370	1
245	371	1
245	393	1
245	421	1
245	422	1
245	423	1
245	424	1
245	439	1
245	440	1
245	441	1
245	531	1
245	547	1
245	559	1
245	588	1
245	617	1
245	619	1
245	623	1
245	624	1
245	633	1
245	653	1
245	657	1
246	333	1
247	347	1
248	603	1
248	604	1
248	606	1
249	580	1
249	581	1
250	580	1
250	581	1
251	22	1
251	32	1
251	447	1
251	448	1
251	449	1
251	450	1
251	451	1
251	452	1
251	453	1
251	454	1
251	455	1
251	456	1
251	591	1
251	592	1
251	593	1
251	594	1
251	595	1
251	616	1
252	518	1
252	519	1
253	210	1
253	211	1
253	212	1
253	213	1
253	214	1
253	232	1
253	319	1
253	406	1
254	41	1
254	77	1
254	235	1
254	439	1
255	213	1
255	518	1
255	519	1
256	423	1
257	350	1
258	518	1
258	519	1
259	80	1
259	81	1
259	82	1
259	83	1
259	84	1
259	85	1
259	86	1
259	87	1
259	88	1
259	89	1
259	90	1
259	91	1
259	92	1
259	93	1
259	94	1
259	95	1
259	96	1
259	97	1
259	99	1
259	106	1
259	145	1
259	223	1
259	251	1
259	549	1
260	46	1
260	579	1
260	582	1
260	643	1
261	5	1
261	17	1
261	58	1
261	74	1
261	75	1
261	140	1
261	142	1
261	146	1
261	147	1
261	148	1
261	149	1
261	150	1
261	151	1
261	152	1
261	153	1
261	154	1
261	155	1
261	156	1
261	158	1
261	159	1
261	160	1
261	173	1
261	181	1
261	182	1
261	184	1
261	185	1
261	186	1
261	187	1
261	195	1
261	196	1
261	199	1
261	209	1
261	215	1
261	216	1
261	241	1
261	253	1
261	262	1
261	283	1
261	293	1
261	294	1
261	295	1
261	297	1
261	298	1
261	299	1
261	302	1
261	304	1
261	310	1
261	321	1
261	322	1
261	326	1
261	330	1
261	339	1
261	342	1
261	354	1
261	355	1
261	356	1
261	357	1
261	358	1
261	359	1
261	409	1
261	411	1
261	480	1
261	489	1
261	502	1
261	503	1
261	504	1
261	505	1
261	506	1
261	520	1
261	521	1
261	533	1
261	534	1
261	535	1
261	538	1
261	544	1
261	552	1
261	553	1
261	554	1
261	561	1
261	563	1
261	570	1
261	571	1
261	572	1
261	574	1
261	576	1
261	586	1
261	587	1
261	590	1
261	601	1
261	602	1
261	613	1
261	645	1
261	647	1
261	648	1
261	651	1
261	654	1
262	518	1
262	519	1
263	518	1
263	519	1
264	518	1
264	519	1
265	114	1
266	518	1
266	519	1
267	518	1
267	519	1
268	518	1
268	519	1
269	217	1
269	221	1
269	644	1
270	114	1
271	194	1
272	26	1
272	232	1
272	375	1
272	392	1
272	394	1
272	395	1
272	396	1
272	397	1
272	398	1
272	399	1
272	400	1
272	403	1
272	404	1
272	405	1
272	406	1
272	407	1
272	408	1
272	639	1
272	640	1
273	26	1
273	232	1
273	375	1
273	392	1
273	394	1
273	395	1
273	396	1
273	397	1
273	398	1
273	399	1
273	400	1
273	403	1
273	404	1
273	405	1
273	406	1
273	407	1
273	408	1
273	639	1
273	640	1
274	518	1
274	519	1
275	26	1
275	232	1
275	375	1
275	392	1
275	394	1
275	395	1
275	396	1
275	397	1
275	398	1
275	399	1
275	400	1
275	403	1
275	404	1
275	405	1
275	406	1
275	407	1
275	408	1
275	639	1
275	640	1
276	194	1
277	518	1
277	519	1
278	580	1
278	581	1
279	518	1
279	519	1
280	518	1
280	519	1
281	518	1
281	519	1
282	423	1
283	162	1
284	73	1
284	183	1
284	492	1
284	493	1
284	494	1
284	495	1
284	496	1
284	497	1
284	498	1
284	499	1
284	500	1
284	501	1
284	539	1
285	194	1
286	166	1
287	270	1
288	518	1
288	519	1
289	580	1
289	581	1
290	323	1
290	324	1
291	114	1
292	442	1
292	536	1
293	46	1
293	579	1
293	580	1
293	581	1
293	582	1
293	643	1
294	270	1
295	144	1
296	557	1
296	627	1
297	176	1
298	96	1
299	518	1
299	519	1
300	17	1
300	74	1
300	140	1
300	142	1
300	146	1
300	147	1
300	148	1
300	149	1
300	150	1
300	151	1
300	152	1
300	153	1
300	154	1
300	155	1
300	156	1
300	158	1
300	159	1
300	160	1
300	184	1
300	185	1
300	186	1
300	187	1
300	195	1
300	196	1
300	199	1
300	209	1
300	241	1
300	283	1
300	293	1
300	294	1
300	302	1
300	304	1
300	321	1
300	330	1
300	339	1
300	342	1
300	354	1
300	355	1
300	356	1
300	357	1
300	358	1
300	359	1
300	409	1
300	411	1
300	489	1
300	521	1
300	533	1
300	534	1
300	538	1
300	572	1
300	576	1
300	590	1
300	613	1
301	163	1
302	361	1
303	26	1
303	232	1
303	375	1
303	392	1
303	394	1
303	395	1
303	396	1
303	397	1
303	398	1
303	399	1
303	400	1
303	403	1
303	404	1
303	405	1
303	406	1
303	407	1
303	408	1
303	639	1
303	640	1
304	26	1
304	232	1
304	375	1
304	392	1
304	394	1
304	395	1
304	396	1
304	397	1
304	398	1
304	399	1
304	400	1
304	403	1
304	404	1
304	405	1
304	406	1
304	407	1
304	408	1
304	639	1
304	640	1
305	26	1
305	232	1
305	375	1
305	392	1
305	394	1
305	395	1
305	396	1
305	397	1
305	398	1
305	399	1
305	400	1
305	403	1
305	404	1
305	405	1
305	406	1
305	407	1
305	408	1
305	639	1
305	640	1
306	333	1
307	518	1
307	519	1
308	117	1
309	580	1
309	581	1
310	46	1
310	579	1
310	582	1
310	643	1
311	333	1
312	67	1
312	68	1
312	69	1
312	457	1
313	333	1
313	531	1
314	125	1
315	580	1
315	581	1
316	26	1
316	232	1
316	375	1
316	392	1
316	394	1
316	395	1
316	396	1
316	397	1
316	398	1
316	399	1
316	400	1
316	403	1
316	404	1
316	405	1
316	406	1
316	407	1
316	408	1
316	639	1
316	640	1
317	270	1
318	573	1
319	423	1
320	518	1
320	519	1
321	300	1
322	329	1
323	225	1
324	580	1
324	581	1
325	15	1
325	194	1
326	194	1
327	580	1
327	581	1
328	29	1
328	163	1
328	164	1
328	165	1
328	166	1
328	228	1
328	507	1
328	614	1
329	518	1
329	519	1
330	92	1
331	518	1
331	519	1
332	518	1
332	519	1
333	57	1
333	89	1
333	96	1
333	603	1
334	113	1
334	417	1
334	536	1
334	588	1
335	560	1
336	333	1
337	603	1
338	80	1
338	81	1
338	82	1
338	83	1
338	84	1
338	85	1
338	86	1
338	87	1
338	88	1
338	89	1
338	90	1
338	91	1
338	92	1
338	93	1
338	94	1
338	95	1
338	96	1
338	97	1
338	99	1
338	106	1
338	145	1
338	223	1
338	251	1
338	549	1
339	117	1
340	110	1
341	333	1
342	323	1
342	324	1
343	323	1
343	324	1
344	323	1
344	324	1
345	323	1
345	324	1
346	323	1
346	324	1
347	323	1
347	324	1
348	367	1
349	323	1
349	324	1
350	323	1
350	324	1
351	323	1
351	324	1
352	26	1
352	232	1
352	375	1
352	392	1
352	394	1
352	395	1
352	396	1
352	397	1
352	398	1
352	399	1
352	400	1
352	403	1
352	404	1
352	405	1
352	406	1
352	407	1
352	408	1
352	639	1
352	640	1
353	92	1
354	580	1
354	581	1
355	518	1
355	519	1
356	333	1
356	531	1
357	26	1
357	232	1
357	375	1
357	392	1
357	394	1
357	395	1
357	396	1
357	397	1
357	398	1
357	399	1
357	400	1
357	403	1
357	404	1
357	405	1
357	406	1
357	407	1
357	408	1
357	639	1
357	640	1
358	46	1
358	579	1
358	580	1
358	581	1
358	582	1
358	643	1
359	21	1
359	61	1
359	172	1
359	229	1
359	286	1
359	487	1
359	491	1
359	525	1
359	526	1
359	527	1
359	628	1
360	194	1
361	3	1
361	4	1
361	6	1
361	7	1
361	8	1
361	9	1
361	10	1
361	11	1
361	193	1
361	331	1
361	638	1
361	661	1
362	557	1
362	627	1
363	562	1
363	589	1
364	114	1
365	73	1
365	183	1
365	492	1
365	493	1
365	494	1
365	495	1
365	496	1
365	497	1
365	498	1
365	499	1
365	500	1
365	501	1
365	539	1
366	532	1
367	26	1
367	232	1
367	375	1
367	392	1
367	394	1
367	395	1
367	396	1
367	397	1
367	398	1
367	399	1
367	400	1
367	403	1
367	404	1
367	405	1
367	406	1
367	407	1
367	408	1
367	639	1
367	640	1
368	17	1
368	74	1
368	140	1
368	142	1
368	146	1
368	147	1
368	148	1
368	149	1
368	150	1
368	151	1
368	152	1
368	153	1
368	154	1
368	155	1
368	156	1
368	158	1
368	159	1
368	160	1
368	184	1
368	185	1
368	186	1
368	187	1
368	195	1
368	196	1
368	199	1
368	209	1
368	241	1
368	283	1
368	293	1
368	294	1
368	302	1
368	304	1
368	321	1
368	330	1
368	339	1
368	342	1
368	354	1
368	355	1
368	356	1
368	357	1
368	358	1
368	359	1
368	409	1
368	411	1
368	489	1
368	521	1
368	533	1
368	534	1
368	538	1
368	572	1
368	576	1
368	590	1
368	613	1
369	17	1
369	74	1
369	140	1
369	142	1
369	146	1
369	147	1
369	148	1
369	149	1
369	150	1
369	151	1
369	152	1
369	153	1
369	154	1
369	155	1
369	156	1
369	158	1
369	159	1
369	160	1
369	184	1
369	185	1
369	186	1
369	187	1
369	195	1
369	196	1
369	199	1
369	209	1
369	241	1
369	283	1
369	293	1
369	294	1
369	302	1
369	304	1
369	321	1
369	330	1
369	339	1
369	342	1
369	354	1
369	355	1
369	356	1
369	357	1
369	358	1
369	359	1
369	409	1
369	411	1
369	489	1
369	521	1
369	533	1
369	534	1
369	538	1
369	572	1
369	576	1
369	590	1
369	613	1
370	26	1
370	232	1
370	375	1
370	392	1
370	394	1
370	395	1
370	396	1
370	397	1
370	398	1
370	399	1
370	400	1
370	403	1
370	404	1
370	405	1
370	406	1
370	407	1
370	408	1
370	639	1
370	640	1
371	17	1
371	74	1
371	140	1
371	142	1
371	146	1
371	147	1
371	148	1
371	149	1
371	150	1
371	151	1
371	152	1
371	153	1
371	154	1
371	155	1
371	156	1
371	158	1
371	159	1
371	160	1
371	184	1
371	185	1
371	186	1
371	187	1
371	195	1
371	196	1
371	199	1
371	209	1
371	241	1
371	283	1
371	293	1
371	294	1
371	302	1
371	304	1
371	321	1
371	330	1
371	339	1
371	342	1
371	354	1
371	355	1
371	356	1
371	357	1
371	358	1
371	359	1
371	409	1
371	411	1
371	489	1
371	521	1
371	533	1
371	534	1
371	538	1
371	572	1
371	576	1
371	590	1
371	613	1
372	84	1
372	86	1
372	201	1
373	217	1
373	221	1
373	644	1
374	114	1
375	270	1
376	270	1
377	18	1
377	27	1
377	31	1
377	79	1
377	80	1
377	81	1
377	82	1
377	83	1
377	84	1
377	85	1
377	86	1
377	87	1
377	88	1
377	89	1
377	90	1
377	91	1
377	92	1
377	93	1
377	94	1
377	95	1
377	96	1
377	97	1
377	99	1
377	100	1
377	101	1
377	102	1
377	103	1
377	104	1
377	105	1
377	106	1
377	107	1
377	108	1
377	109	1
377	110	1
377	121	1
377	122	1
377	123	1
377	145	1
377	179	1
377	220	1
377	223	1
377	240	1
377	251	1
377	318	1
377	320	1
377	367	1
377	372	1
377	419	1
377	517	1
377	536	1
377	537	1
377	549	1
377	621	1
377	634	1
377	646	1
378	518	1
378	519	1
379	518	1
379	519	1
380	518	1
380	519	1
381	518	1
381	519	1
382	518	1
382	519	1
383	518	1
383	519	1
384	202	1
384	203	1
385	163	1
386	163	1
387	323	1
387	324	1
388	323	1
388	324	1
389	557	1
389	627	1
390	557	1
390	627	1
391	73	1
391	183	1
391	492	1
391	493	1
391	494	1
391	495	1
391	496	1
391	497	1
391	498	1
391	499	1
391	500	1
391	501	1
391	539	1
392	532	1
393	532	1
394	532	1
395	532	1
396	333	1
397	114	1
398	114	1
399	114	1
400	114	1
401	114	1
402	114	1
403	114	1
404	114	1
405	114	1
406	114	1
407	114	1
408	114	1
409	114	1
410	80	1
410	81	1
410	82	1
410	83	1
410	84	1
410	85	1
410	86	1
410	87	1
410	88	1
410	89	1
410	90	1
410	91	1
410	92	1
410	93	1
410	94	1
410	95	1
410	96	1
410	97	1
410	99	1
410	106	1
410	145	1
410	223	1
410	251	1
410	549	1
411	80	1
411	81	1
411	82	1
411	83	1
411	84	1
411	85	1
411	86	1
411	87	1
411	88	1
411	89	1
411	90	1
411	91	1
411	92	1
411	93	1
411	94	1
411	95	1
411	96	1
411	97	1
411	99	1
411	105	1
411	106	1
411	145	1
411	223	1
411	251	1
411	549	1
412	80	1
412	81	1
412	82	1
412	83	1
412	84	1
412	85	1
412	86	1
412	87	1
412	88	1
412	89	1
412	90	1
412	91	1
412	92	1
412	93	1
412	94	1
412	95	1
412	96	1
412	97	1
412	99	1
412	105	1
412	106	1
412	145	1
412	223	1
412	251	1
412	549	1
413	112	1
414	144	1
415	71	1
415	120	1
415	234	1
415	348	1
415	389	1
415	614	1
415	658	1
416	194	1
417	194	1
418	194	1
419	194	1
420	270	1
421	333	1
421	531	1
422	333	1
423	333	1
424	588	1
425	25	1
425	56	1
425	345	1
425	346	1
426	38	1
426	208	1
426	301	1
426	603	1
426	604	1
426	605	1
426	606	1
426	607	1
426	608	1
426	609	1
426	610	1
426	611	1
426	612	1
427	211	1
428	580	1
428	581	1
429	17	1
429	74	1
429	140	1
429	142	1
429	146	1
429	147	1
429	148	1
429	149	1
429	150	1
429	151	1
429	152	1
429	153	1
429	154	1
429	155	1
429	156	1
429	158	1
429	159	1
429	160	1
429	184	1
429	185	1
429	186	1
429	187	1
429	195	1
429	196	1
429	199	1
429	209	1
429	241	1
429	283	1
429	293	1
429	294	1
429	302	1
429	304	1
429	321	1
429	330	1
429	339	1
429	342	1
429	354	1
429	355	1
429	356	1
429	357	1
429	358	1
429	359	1
429	409	1
429	411	1
429	489	1
429	521	1
429	533	1
429	534	1
429	538	1
429	572	1
429	576	1
429	590	1
429	613	1
430	17	1
430	74	1
430	140	1
430	142	1
430	146	1
430	147	1
430	148	1
430	149	1
430	150	1
430	151	1
430	152	1
430	153	1
430	154	1
430	155	1
430	156	1
430	158	1
430	159	1
430	160	1
430	184	1
430	185	1
430	186	1
430	187	1
430	195	1
430	196	1
430	199	1
430	209	1
430	241	1
430	283	1
430	293	1
430	294	1
430	302	1
430	304	1
430	321	1
430	330	1
430	339	1
430	342	1
430	354	1
430	355	1
430	356	1
430	357	1
430	358	1
430	359	1
430	409	1
430	411	1
430	489	1
430	521	1
430	533	1
430	534	1
430	538	1
430	572	1
430	576	1
430	590	1
430	613	1
431	17	1
431	74	1
431	140	1
431	142	1
431	146	1
431	147	1
431	148	1
431	149	1
431	150	1
431	151	1
431	152	1
431	153	1
431	154	1
431	155	1
431	156	1
431	158	1
431	159	1
431	160	1
431	184	1
431	185	1
431	186	1
431	187	1
431	195	1
431	196	1
431	199	1
431	209	1
431	241	1
431	283	1
431	293	1
431	294	1
431	302	1
431	304	1
431	321	1
431	330	1
431	339	1
431	342	1
431	354	1
431	355	1
431	356	1
431	357	1
431	358	1
431	359	1
431	409	1
431	411	1
431	489	1
431	521	1
431	533	1
431	534	1
431	538	1
431	572	1
431	576	1
431	590	1
431	613	1
432	19	1
432	313	1
432	314	1
432	439	1
432	440	1
432	441	1
432	617	1
432	633	1
432	653	1
433	166	1
434	46	1
434	579	1
434	582	1
434	643	1
435	323	1
435	324	1
436	588	1
437	333	1
438	293	1
438	294	1
439	325	1
439	338	1
439	340	1
439	341	1
440	89	1
440	483	1
441	88	1
441	90	1
441	96	1
441	347	1
442	255	1
443	324	1
444	117	1
345	95	0
291	238	0
361	326	0
16	26	0
226	21	0
244	656	0
390	509	0
404	379	0
307	440	0
228	134	0
183	302	0
288	558	0
173	472	0
79	152	0
121	158	0
189	234	0
263	327	0
252	446	0
12	184	0
410	165	0
155	613	0
19	187	0
269	313	0
214	382	0
401	130	0
308	511	0
72	627	0
175	373	0
181	393	0
337	490	0
404	423	0
401	266	0
298	476	0
186	253	0
161	612	0
230	229	0
435	58	0
387	106	0
73	387	0
124	108	0
42	211	0
340	208	0
8	225	0
433	230	0
385	615	0
289	661	0
265	485	0
431	169	0
89	424	0
194	644	0
185	76	0
326	660	0
339	17	0
99	89	0
192	497	0
219	317	0
43	608	0
420	177	0
110	617	0
310	342	0
387	31	0
26	247	0
303	226	0
17	109	0
272	188	0
396	394	0
277	150	0
364	11	0
156	2	0
151	635	0
49	360	0
76	47	0
131	402	0
116	44	0
41	219	0
85	383	0
439	493	0
223	349	0
107	610	0
165	537	0
137	216	0
225	306	0
51	592	0
171	292	0
405	33	0
13	382	0
147	267	0
206	203	0
191	166	0
382	52	0
268	9	0
27	389	0
345	12	0
288	149	0
42	20	0
271	522	0
420	61	0
266	195	0
100	201	0
330	262	0
347	415	0
61	85	0
374	327	0
128	574	0
361	363	0
299	290	0
243	235	0
267	341	0
400	533	0
201	629	0
120	504	0
233	453	0
15	210	0
414	500	0
83	460	0
247	22	0
158	605	0
78	183	0
295	329	0
148	479	0
273	511	0
420	414	0
220	438	0
370	321	0
134	343	0
199	142	0
405	456	0
441	486	0
200	353	0
434	365	0
259	239	0
161	487	0
127	603	0
278	94	0
146	42	0
0	229	0
434	23	0
74	262	0
26	182	0
373	485	0
185	241	0
2	182	0
234	458	0
429	77	0
242	111	0
115	64	0
136	468	0
93	660	0
129	152	0
252	386	0
277	572	0
294	195	0
347	628	0
85	245	0
204	499	0
240	438	0
407	395	0
342	155	0
217	313	0
165	259	0
45	200	0
391	94	0
444	496	0
410	377	0
192	34	0
413	637	0
176	530	0
138	181	0
238	116	0
104	504	0
250	223	0
164	97	0
234	618	0
394	409	0
180	240	0
399	594	0
375	118	0
373	38	0
104	520	0
167	218	0
229	560	0
359	605	0
31	215	0
404	539	0
363	394	0
127	139	0
169	643	0
104	303	0
35	476	0
262	18	0
209	199	0
398	464	0
109	589	0
286	565	0
80	632	0
109	185	0
90	421	0
184	339	0
301	392	0
279	322	0
302	299	0
222	387	0
355	181	0
195	32	0
23	607	0
287	9	0
150	71	0
94	236	0
168	123	0
402	398	0
305	58	0
52	169	0
265	430	0
227	86	0
390	497	0
5	346	0
430	511	0
348	287	0
255	29	0
90	559	0
100	414	0
373	117	0
161	527	0
12	392	0
429	41	0
112	611	0
380	27	0
82	642	0
75	504	0
340	238	0
12	640	0
403	32	0
355	648	0
330	549	0
164	106	0
168	338	0
333	598	0
263	276	0
149	248	0
178	219	0
306	23	0
201	581	0
203	335	0
328	76	0
274	629	0
113	239	0
398	188	0
146	28	0
112	463	0
182	519	0
255	313	0
265	61	0
392	338	0
125	651	0
163	593	0
18	270	0
387	619	0
340	453	0
318	527	0
404	232	0
413	616	0
329	569	0
391	360	0
66	29	0
187	96	0
267	481	0
336	620	0
46	484	0
287	171	0
439	65	0
398	535	0
101	621	0
257	170	0
88	206	0
127	5	0
156	359	0
96	69	0
155	329	0
293	355	0
75	506	0
248	116	0
296	239	0
196	574	0
35	150	0
376	178	0
416	566	0
53	448	0
16	590	0
90	489	0
243	429	0
79	303	0
352	453	0
244	467	0
126	388	0
368	549	0
208	524	0
165	213	0
96	115	0
337	343	0
435	541	0
126	246	0
125	156	0
165	23	0
371	523	0
189	105	0
283	53	0
174	538	0
81	628	0
221	579	0
136	43	0
96	272	0
322	296	0
363	619	0
397	492	0
358	453	0
412	20	0
137	362	0
399	479	0
315	91	0
109	349	0
318	86	0
94	49	0
188	471	0
109	428	0
268	324	0
282	348	0
205	433	0
201	134	0
205	3	0
9	379	0
72	228	0
188	152	0
167	314	0
336	118	0
185	317	0
233	532	0
208	655	0
72	511	0
89	142	0
387	159	0
50	224	0
307	583	0
308	215	0
46	378	0
129	503	0
303	214	0
203	514	0
333	431	0
350	531	0
321	82	0
58	250	0
87	381	0
444	398	0
415	264	0
96	614	0
323	169	0
70	651	0
28	469	0
382	425	0
214	263	0
202	524	0
369	414	0
388	206	0
52	562	0
246	656	0
328	129	0
397	157	0
69	252	0
190	486	0
63	340	0
321	282	0
162	620	0
410	474	0
25	70	0
326	215	0
62	459	0
248	615	0
83	34	0
249	523	0
243	203	0
321	513	0
413	258	0
316	283	0
408	527	0
257	385	0
226	634	0
385	74	0
393	455	0
74	303	0
353	469	0
147	2	0
430	651	0
353	623	0
395	245	0
145	295	0
251	364	0
178	640	0
368	477	0
417	232	0
66	219	0
20	186	0
198	299	0
244	266	0
178	57	0
140	339	0
70	538	0
169	291	0
95	38	0
60	102	0
383	75	0
367	321	0
8	499	0
304	260	0
418	137	0
239	306	0
252	333	0
127	187	0
48	47	0
77	264	0
35	16	0
295	113	0
161	109	0
396	443	0
183	252	0
54	624	0
378	462	0
108	206	0
322	192	0
84	275	0
76	526	0
60	657	0
374	87	0
342	660	0
377	249	0
130	165	0
87	482	0
292	184	0
9	453	0
351	299	0
347	33	0
411	303	0
153	543	0
424	16	0
335	591	0
277	207	0
288	178	0
263	428	0
100	132	0
307	4	0
82	68	0
360	613	0
266	260	0
431	317	0
198	578	0
289	659	0
162	291	0
444	400	0
312	500	0
30	202	0
136	73	0
337	93	0
432	404	0
413	25	0
121	310	0
242	448	0
275	543	0
436	499	0
148	630	0
149	87	0
391	72	0
355	383	0
321	285	0
110	546	0
272	47	0
376	44	0
386	281	0
89	88	0
110	579	0
424	363	0
421	109	0
304	334	0
1	469	0
374	372	0
233	310	0
197	61	0
401	118	0
432	579	0
343	203	0
335	361	0
121	597	0
367	551	0
162	365	0
17	325	0
372	571	0
397	533	0
298	522	0
429	591	0
438	146	0
250	122	0
435	591	0
42	29	0
16	78	0
202	219	0
319	118	0
171	43	0
195	247	0
320	395	0
2	396	0
272	456	0
279	578	0
87	501	0
368	91	0
412	654	0
228	131	0
252	39	0
201	541	0
106	332	0
51	547	0
340	421	0
398	625	0
199	318	0
297	24	0
224	426	0
43	16	0
173	291	0
438	317	0
195	447	0
32	544	0
433	644	0
82	355	0
27	464	0
268	516	0
278	489	0
107	540	0
257	373	0
15	158	0
6	33	0
47	635	0
290	85	0
300	515	0
12	546	0
185	120	0
387	71	0
279	596	0
172	228	0
146	354	0
7	337	0
195	306	0
15	40	0
31	344	0
64	354	0
363	584	0
430	311	0
351	11	0
167	104	0
125	135	0
46	137	0
347	340	0
221	640	0
10	532	0
85	505	0
320	534	0
109	3	0
10	466	0
138	232	0
3	400	0
27	14	0
349	414	0
271	231	0
310	150	0
78	561	0
291	421	0
111	486	0
72	356	0
299	26	0
440	377	0
410	161	0
400	312	0
268	65	0
368	529	0
404	648	0
382	470	0
364	291	0
369	353	0
289	55	0
307	250	0
204	227	0
361	206	0
320	431	0
409	117	0
329	130	0
177	608	0
223	225	0
192	508	0
55	367	0
349	298	0
346	631	0
67	292	0
136	330	0
15	57	0
284	383	0
190	121	0
379	264	0
332	605	0
112	190	0
252	404	0
216	321	0
387	284	0
399	186	0
389	573	0
30	428	0
152	612	0
54	401	0
364	29	0
285	288	0
24	660	0
387	190	0
410	327	0
254	434	0
52	560	0
424	298	0
77	259	0
193	590	0
263	86	0
52	283	0
45	612	0
109	84	0
343	10	0
174	143	0
362	487	0
351	387	0
344	8	0
211	453	0
282	62	0
371	365	0
282	512	0
145	59	0
137	549	0
307	278	0
136	638	0
294	618	0
326	86	0
206	184	0
444	95	0
9	485	0
49	517	0
247	340	0
97	3	0
147	204	0
69	549	0
127	67	0
151	256	0
341	546	0
169	166	0
376	215	0
278	345	0
12	639	0
95	187	0
128	363	0
384	152	0
437	601	0
332	495	0
189	169	0
203	507	0
217	560	0
434	489	0
230	477	0
13	593	0
148	606	0
319	187	0
161	427	0
390	499	0
80	150	0
203	34	0
251	405	0
401	345	0
201	98	0
199	152	0
316	217	0
22	546	0
69	470	0
177	584	0
17	209	0
216	461	0
67	493	0
247	356	0
174	242	0
229	240	0
122	661	0
11	304	0
294	149	0
23	552	0
404	621	0
291	270	0
328	580	0
65	112	0
81	378	0
433	262	0
322	199	0
88	574	0
36	239	0
26	596	0
104	166	0
265	143	0
41	159	0
203	426	0
322	309	0
317	306	0
60	574	0
37	446	0
377	176	0
84	431	0
348	394	0
25	397	0
436	68	0
134	475	0
306	243	0
60	278	0
369	305	0
319	232	0
46	573	0
380	183	0
214	320	0
300	425	0
206	41	0
131	618	0
168	34	0
332	365	0
130	227	0
328	299	0
121	440	0
283	525	0
291	549	0
411	544	0
225	645	0
43	49	0
162	225	0
293	553	0
243	631	0
299	206	0
209	6	0
414	258	0
135	481	0
35	129	0
148	405	0
101	11	0
440	39	0
157	300	0
436	350	0
233	401	0
432	495	0
287	378	0
274	355	0
14	586	0
231	53	0
327	111	0
433	142	0
255	626	0
298	406	0
368	403	0
333	170	0
131	351	0
13	81	0
113	94	0
404	107	0
397	234	0
20	643	0
149	272	0
360	549	0
360	239	0
135	344	0
93	18	0
217	498	0
363	566	0
51	510	0
259	318	0
273	358	0
174	587	0
17	470	0
129	111	0
360	220	0
78	316	0
1	573	0
257	107	0
197	246	0
179	639	0
406	652	0
188	282	0
315	179	0
1	526	0
178	521	0
176	160	0
72	229	0
385	255	0
333	418	0
395	257	0
248	569	0
220	662	0
113	471	0
203	428	0
348	366	0
101	493	0
24	263	0
277	530	0
369	201	0
189	157	0
401	96	0
396	143	0
249	442	0
14	309	0
69	178	0
355	188	0
384	468	0
427	195	0
181	504	0
283	618	0
174	288	0
12	407	0
406	21	0
213	9	0
292	657	0
197	432	0
51	72	0
51	21	0
287	588	0
444	223	0
354	178	0
269	354	0
266	396	0
70	4	0
343	578	0
132	185	0
441	84	0
65	169	0
52	570	0
57	157	0
180	330	0
349	490	0
314	504	0
354	298	0
395	137	0
320	148	0
171	213	0
102	151	0
278	346	0
200	126	0
288	313	0
187	225	0
65	30	0
312	310	0
80	228	0
6	643	0
385	62	0
428	583	0
76	602	0
335	174	0
204	597	0
16	248	0
195	125	0
190	110	0
216	283	0
247	178	0
17	23	0
45	369	0
343	498	0
256	205	0
242	73	0
369	633	0
372	527	0
404	659	0
134	566	0
411	655	0
88	155	0
30	282	0
419	358	0
323	436	0
432	355	0
221	453	0
206	115	0
20	152	0
277	163	0
343	87	0
352	427	0
86	418	0
336	237	0
388	261	0
280	246	0
169	324	0
62	18	0
332	637	0
361	598	0
404	181	0
186	305	0
58	112	0
150	549	0
371	11	0
224	57	0
182	55	0
264	506	0
271	330	0
333	178	0
181	187	0
108	36	0
100	626	0
247	476	0
194	55	0
332	401	0
370	103	0
182	187	0
144	32	0
242	186	0
122	606	0
292	486	0
306	256	0
141	29	0
336	531	0
101	322	0
154	39	0
120	158	0
245	610	0
188	462	0
390	352	0
263	24	0
89	439	0
197	257	0
277	122	0
306	180	0
322	409	0
296	545	0
250	135	0
47	350	0
262	544	0
120	527	0
198	451	0
387	260	0
398	650	0
267	527	0
135	332	0
41	598	0
248	497	0
406	419	0
57	224	0
351	401	0
173	516	0
135	290	0
39	593	0
387	642	0
105	635	0
269	259	0
15	453	0
62	618	0
420	85	0
289	232	0
315	48	0
176	187	0
442	491	0
363	113	0
156	403	0
135	100	0
113	216	0
332	202	0
201	70	0
98	115	0
136	529	0
394	210	0
86	69	0
77	473	0
160	133	0
74	472	0
353	657	0
370	528	0
412	109	0
53	216	0
143	398	0
348	525	0
373	379	0
20	547	0
339	599	0
418	72	0
361	563	0
422	285	0
78	334	0
432	612	0
153	362	0
198	69	0
209	498	0
301	240	0
288	418	0
418	439	0
345	653	0
405	215	0
128	524	0
255	446	0
241	466	0
98	626	0
136	334	0
320	528	0
157	579	0
225	162	0
248	338	0
352	578	0
348	79	0
206	105	0
433	302	0
235	76	0
24	75	0
207	268	0
172	657	0
256	317	0
148	378	0
261	623	0
442	348	0
55	198	0
182	175	0
435	265	0
253	637	0
440	155	0
416	613	0
223	450	0
230	522	0
124	459	0
98	587	0
23	429	0
440	168	0
143	569	0
354	171	0
199	546	0
205	250	0
31	280	0
183	32	0
240	297	0
317	189	0
331	66	0
367	68	0
249	391	0
212	143	0
353	159	0
376	655	0
320	447	0
52	582	0
114	330	0
141	308	0
338	368	0
371	280	0
303	73	0
90	240	0
162	82	0
426	402	0
410	628	0
78	560	0
91	476	0
115	66	0
240	500	0
372	596	0
106	614	0
58	480	0
339	208	0
30	530	0
59	657	0
249	309	0
433	539	0
394	311	0
422	349	0
249	392	0
60	307	0
342	226	0
346	546	0
301	621	0
434	60	0
356	274	0
258	450	0
197	645	0
97	551	0
312	218	0
125	591	0
336	508	0
245	460	0
419	210	0
114	479	0
359	7	0
58	276	0
301	552	0
65	188	0
421	558	0
363	366	0
147	637	0
26	471	0
61	235	0
432	560	0
246	117	0
272	594	0
27	15	0
241	182	0
223	122	0
331	620	0
26	98	0
191	242	0
5	621	0
159	570	0
394	104	0
259	185	0
9	347	0
329	18	0
148	545	0
136	271	0
440	353	0
287	95	0
337	27	0
328	223	0
215	639	0
50	243	0
9	315	0
330	17	0
63	536	0
116	389	0
237	214	0
413	79	0
56	221	0
323	421	0
193	31	0
223	341	0
106	457	0
180	288	0
287	278	0
412	124	0
430	565	0
196	129	0
273	158	0
345	406	0
92	649	0
217	284	0
4	306	0
291	169	0
322	478	0
438	359	0
67	644	0
425	497	0
226	569	0
400	171	0
127	56	0
164	482	0
357	13	0
324	49	0
374	339	0
320	319	0
367	374	0
122	213	0
65	537	0
389	324	0
267	79	0
425	391	0
390	85	0
282	411	0
419	48	0
17	212	0
88	67	0
325	312	0
161	167	0
92	100	0
154	366	0
346	196	0
328	91	0
59	17	0
86	567	0
305	146	0
334	119	0
105	441	0
234	268	0
229	450	0
373	11	0
118	208	0
406	567	0
52	242	0
370	52	0
309	360	0
271	45	0
116	418	0
443	611	0
229	177	0
176	384	0
149	551	0
439	573	0
203	259	0
69	617	0
371	443	0
75	446	0
146	34	0
301	294	0
245	618	0
417	539	0
226	340	0
144	444	0
300	539	0
439	142	0
233	519	0
425	493	0
386	418	0
405	425	0
176	53	0
101	20	0
361	201	0
2	494	0
2	515	0
74	160	0
27	314	0
40	305	0
335	589	0
442	44	0
192	443	0
218	302	0
208	390	0
261	202	0
316	66	0
189	380	0
304	635	0
4	250	0
121	245	0
19	285	0
25	213	0
80	324	0
46	205	0
361	66	0
425	132	0
261	250	0
196	98	0
293	7	0
308	531	0
16	315	0
325	406	0
384	528	0
136	240	0
101	498	0
279	71	0
93	442	0
213	330	0
137	574	0
335	613	0
410	138	0
327	42	0
265	99	0
90	246	0
306	367	0
138	145	0
438	185	0
60	47	0
227	651	0
151	497	0
312	531	0
294	94	0
128	318	0
91	76	0
412	278	0
186	5	0
378	134	0
385	209	0
405	293	0
370	650	0
328	617	0
91	438	0
431	480	0
207	294	0
17	368	0
39	579	0
291	567	0
48	205	0
105	96	0
102	183	0
252	541	0
382	33	0
52	195	0
87	652	0
98	433	0
327	432	0
37	429	0
309	550	0
231	379	0
212	365	0
393	295	0
439	472	0
429	36	0
24	457	0
391	310	0
0	416	0
401	630	0
423	212	0
53	398	0
249	502	0
80	346	0
336	405	0
263	294	0
113	60	0
169	441	0
31	515	0
93	637	0
215	630	0
404	409	0
83	457	0
137	608	0
58	611	0
200	123	0
257	524	0
250	452	0
130	572	0
33	35	0
308	137	0
337	191	0
68	182	0
247	81	0
375	617	0
201	342	0
230	452	0
392	219	0
230	657	0
158	287	0
105	578	0
199	27	0
380	603	0
397	343	0
179	203	0
373	519	0
262	656	0
160	180	0
429	431	0
357	135	0
143	319	0
169	369	0
382	397	0
365	206	0
175	235	0
281	237	0
294	415	0
76	355	0
250	161	0
246	571	0
204	581	0
334	486	0
84	392	0
88	70	0
275	489	0
443	329	0
158	250	0
39	559	0
82	169	0
194	9	0
351	84	0
191	191	0
173	642	0
376	60	0
427	232	0
176	494	0
210	288	0
182	50	0
404	604	0
383	510	0
78	543	0
146	646	0
263	636	0
54	465	0
376	579	0
357	536	0
135	211	0
369	651	0
58	613	0
152	353	0
299	76	0
294	637	0
134	94	0
160	412	0
81	513	0
368	128	0
235	511	0
129	277	0
439	462	0
89	395	0
122	215	0
127	88	0
352	468	0
132	106	0
426	113	0
297	294	0
305	77	0
94	150	0
381	278	0
169	494	0
157	549	0
132	301	0
138	548	0
363	601	0
241	425	0
213	446	0
76	510	0
411	44	0
121	113	0
239	303	0
247	60	0
189	224	0
263	33	0
194	543	0
327	206	0
340	225	0
232	499	0
343	45	0
169	276	0
103	525	0
98	552	0
380	620	0
427	242	0
179	511	0
38	636	0
331	65	0
338	45	0
386	541	0
106	63	0
156	362	0
238	193	0
385	244	0
152	637	0
92	70	0
319	362	0
422	148	0
141	21	0
312	612	0
365	66	0
209	663	0
299	576	0
335	187	0
417	99	0
133	59	0
133	22	0
210	4	0
317	411	0
67	147	0
444	605	0
314	557	0
28	246	0
316	563	0
407	73	0
170	443	0
117	519	0
219	421	0
278	658	0
298	505	0
139	451	0
25	296	0
75	637	0
187	492	0
107	206	0
205	356	0
237	614	0
282	505	0
220	481	0
422	359	0
170	535	0
244	4	0
204	276	0
131	68	0
17	178	0
248	33	0
323	76	0
201	532	0
443	627	0
396	331	0
398	512	0
415	631	0
295	182	0
169	336	0
333	235	0
348	342	0
95	414	0
430	97	0
240	71	0
436	547	0
3	70	0
209	47	0
152	343	0
29	244	0
213	579	0
337	331	0
278	38	0
61	17	0
188	111	0
415	383	0
368	246	0
66	353	0
165	119	0
217	8	0
127	118	0
318	491	0
131	397	0
249	461	0
275	439	0
228	521	0
156	65	0
385	49	0
263	411	0
270	414	0
359	662	0
376	332	0
285	42	0
256	578	0
175	648	0
291	76	0
158	260	0
129	202	0
338	226	0
168	368	0
225	583	0
154	557	0
68	592	0
249	488	0
34	97	0
73	39	0
356	354	0
206	592	0
212	399	0
441	655	0
74	652	0
257	439	0
60	239	0
126	282	0
336	148	0
18	195	0
161	255	0
12	291	0
397	198	0
221	424	0
220	222	0
48	442	0
136	297	0
177	651	0
225	541	0
231	286	0
363	428	0
266	136	0
298	277	0
77	388	0
407	620	0
322	175	0
300	54	0
154	357	0
387	49	0
255	152	0
315	400	0
438	653	0
83	402	0
283	279	0
9	280	0
214	587	0
79	212	0
198	373	0
185	400	0
117	86	0
132	530	0
165	238	0
115	373	0
64	383	0
131	4	0
98	125	0
55	510	0
78	530	0
286	258	0
417	442	0
321	275	0
392	115	0
226	453	0
189	70	0
102	582	0
314	143	0
164	299	0
157	105	0
133	203	0
317	78	0
382	547	0
415	587	0
179	119	0
380	168	0
242	324	0
97	603	0
272	507	0
91	562	0
433	476	0
103	626	0
48	179	0
263	640	0
96	310	0
289	114	0
233	413	0
239	126	0
232	621	0
118	397	0
21	374	0
11	569	0
137	460	0
407	28	0
385	42	0
307	399	0
384	232	0
437	517	0
353	199	0
260	147	0
272	63	0
152	201	0
256	483	0
301	184	0
70	567	0
21	261	0
63	389	0
139	182	0
34	87	0
119	251	0
303	479	0
296	161	0
137	514	0
111	454	0
219	376	0
107	261	0
118	442	0
266	326	0
394	431	0
297	560	0
296	448	0
376	546	0
172	342	0
331	108	0
41	117	0
259	326	0
212	280	0
154	587	0
72	545	0
421	11	0
260	274	0
214	54	0
101	19	0
302	328	0
443	125	0
150	650	0
421	569	0
329	160	0
342	43	0
203	613	0
270	438	0
371	626	0
364	314	0
412	562	0
55	3	0
156	610	0
339	562	0
349	558	0
102	614	0
92	166	0
122	116	0
2	36	0
13	26	0
409	219	0
22	618	0
229	356	0
235	447	0
42	471	0
398	627	0
304	9	0
139	336	0
113	289	0
75	461	0
11	386	0
444	378	0
193	494	0
210	364	0
232	551	0
62	512	0
15	260	0
389	563	0
18	568	0
318	260	0
134	146	0
161	373	0
358	399	0
199	280	0
13	504	0
406	24	0
196	427	0
141	164	0
113	260	0
158	500	0
94	149	0
229	637	0
239	197	0
290	534	0
27	330	0
179	373	0
75	108	0
371	435	0
95	636	0
342	301	0
79	541	0
89	181	0
359	200	0
137	254	0
421	536	0
388	186	0
288	58	0
299	80	0
125	647	0
320	65	0
377	260	0
110	112	0
65	575	0
390	180	0
379	475	0
323	154	0
233	447	0
435	605	0
210	487	0
370	482	0
228	237	0
123	298	0
304	250	0
430	310	0
156	98	0
127	66	0
75	394	0
59	245	0
380	7	0
83	172	0
181	417	0
38	153	0
44	372	0
381	342	0
114	215	0
224	18	0
285	65	0
131	469	0
161	269	0
138	444	0
388	280	0
224	271	0
357	389	0
323	625	0
153	444	0
164	389	0
215	109	0
7	161	0
401	369	0
50	162	0
147	484	0
338	597	0
140	8	0
202	644	0
90	417	0
30	562	0
439	81	0
340	138	0
276	352	0
343	405	0
193	343	0
249	198	0
257	77	0
23	51	0
307	132	0
315	495	0
123	312	0
110	393	0
365	402	0
318	388	0
119	571	0
87	582	0
17	72	0
341	43	0
285	26	0
197	495	0
95	8	0
172	10	0
298	584	0
186	83	0
109	511	0
105	641	0
330	84	0
120	75	0
257	186	0
24	138	0
21	584	0
91	25	0
196	99	0
357	17	0
39	485	0
260	121	0
287	72	0
158	270	0
442	660	0
179	361	0
358	500	0
278	623	0
425	424	0
354	609	0
0	341	0
117	425	0
437	207	0
65	472	0
277	605	0
185	65	0
114	20	0
19	284	0
240	103	0
95	529	0
72	316	0
119	199	0
79	97	0
310	68	0
106	595	0
442	537	0
264	461	0
281	526	0
301	503	0
143	639	0
212	624	0
381	527	0
194	314	0
113	218	0
3	241	0
290	554	0
36	153	0
28	156	0
206	523	0
371	597	0
406	591	0
351	404	0
184	575	0
272	523	0
188	326	0
430	635	0
318	251	0
164	632	0
87	409	0
94	553	0
72	96	0
423	192	0
68	342	0
106	524	0
371	276	0
58	168	0
233	593	0
248	128	0
13	30	0
393	128	0
58	107	0
429	575	0
100	377	0
285	526	0
109	37	0
313	99	0
92	507	0
188	347	0
129	198	0
125	108	0
424	237	0
48	306	0
102	274	0
282	265	0
177	359	0
198	573	0
276	342	0
413	50	0
379	127	0
382	375	0
256	590	0
232	192	0
252	463	0
12	611	0
359	279	0
382	612	0
108	81	0
156	539	0
87	577	0
23	87	0
258	90	0
348	231	0
418	92	0
303	456	0
25	651	0
441	474	0
145	647	0
120	133	0
216	146	0
278	510	0
372	440	0
34	622	0
400	185	0
138	16	0
281	155	0
15	283	0
223	247	0
26	138	0
117	460	0
6	473	0
107	272	0
301	119	0
6	459	0
50	231	0
87	160	0
23	432	0
217	109	0
33	289	0
311	458	0
158	649	0
270	597	0
139	181	0
347	433	0
172	663	0
405	658	0
435	560	0
48	593	0
280	656	0
184	165	0
340	435	0
436	117	0
442	626	0
331	408	0
191	111	0
335	423	0
222	376	0
146	287	0
224	649	0
417	412	0
30	603	0
195	8	0
15	125	0
426	334	0
242	635	0
70	463	0
83	293	0
221	503	0
104	636	0
34	270	0
16	127	0
163	467	0
118	593	0
324	412	0
175	378	0
309	541	0
61	577	0
385	52	0
269	95	0
166	218	0
51	613	0
314	92	0
269	157	0
384	47	0
127	369	0
374	338	0
354	537	0
48	361	0
141	332	0
265	121	0
70	117	0
183	508	0
88	561	0
306	223	0
375	580	0
423	340	0
158	316	0
212	459	0
173	414	0
38	436	0
147	429	0
39	19	0
388	569	0
230	385	0
368	62	0
3	645	0
204	496	0
442	548	0
309	236	0
398	153	0
431	166	0
185	131	0
242	116	0
207	162	0
147	95	0
238	228	0
185	367	0
119	34	0
116	606	0
321	310	0
133	8	0
214	578	0
314	250	0
239	75	0
210	124	0
165	566	0
17	99	0
413	103	0
6	386	0
227	336	0
191	437	0
319	408	0
53	392	0
109	599	0
114	112	0
140	313	0
57	297	0
133	57	0
159	456	0
410	398	0
349	378	0
307	623	0
15	137	0
58	315	0
291	583	0
165	257	0
54	303	0
2	5	0
31	658	0
232	585	0
69	368	0
170	254	0
306	35	0
352	186	0
50	631	0
373	552	0
169	49	0
108	439	0
385	173	0
14	551	0
229	102	0
241	501	0
262	299	0
151	108	0
125	578	0
400	283	0
380	332	0
269	366	0
443	410	0
281	31	0
229	437	0
118	280	0
98	30	0
171	311	0
148	121	0
120	61	0
138	498	0
66	118	0
322	616	0
255	129	0
112	97	0
434	34	0
149	387	0
105	271	0
164	623	0
22	489	0
415	284	0
162	178	0
356	415	0
103	495	0
201	506	0
50	384	0
180	56	0
258	146	0
407	324	0
17	208	0
287	526	0
143	656	0
282	554	0
423	55	0
169	7	0
360	603	0
312	349	0
79	590	0
42	627	0
436	580	0
225	203	0
10	260	0
184	467	0
292	503	0
255	286	0
109	586	0
37	286	0
88	447	0
444	14	0
70	129	0
18	351	0
338	265	0
222	246	0
85	581	0
26	474	0
103	6	0
87	127	0
91	91	0
25	381	0
78	600	0
114	65	0
380	495	0
49	173	0
283	477	0
49	314	0
402	377	0
288	98	0
32	501	0
346	220	0
160	410	0
14	8	0
122	621	0
255	87	0
6	12	0
354	508	0
229	220	0
129	370	0
67	420	0
37	303	0
246	36	0
81	356	0
184	106	0
163	295	0
365	289	0
151	224	0
302	447	0
140	413	0
198	356	0
361	553	0
376	465	0
48	379	0
109	409	0
353	225	0
280	86	0
90	271	0
233	180	0
341	407	0
205	234	0
43	24	0
61	269	0
64	559	0
186	345	0
89	24	0
300	12	0
101	203	0
391	36	0
241	429	0
278	213	0
183	183	0
121	130	0
1	365	0
257	580	0
117	415	0
67	351	0
342	550	0
3	425	0
423	147	0
430	518	0
411	517	0
174	527	0
46	56	0
230	284	0
99	338	0
298	552	0
241	211	0
163	567	0
54	173	0
54	468	0
102	5	0
128	623	0
49	22	0
61	451	0
327	269	0
336	317	0
195	332	0
234	620	0
207	334	0
13	419	0
241	235	0
38	302	0
18	159	0
426	483	0
111	203	0
184	426	0
386	210	0
195	330	0
428	644	0
439	432	0
92	323	0
415	59	0
163	359	0
4	366	0
303	372	0
312	422	0
361	34	0
272	538	0
131	221	0
185	470	0
418	336	0
248	640	0
248	441	0
357	162	0
242	586	0
76	96	0
165	367	0
364	456	0
212	239	0
32	461	0
143	358	0
344	499	0
231	10	0
192	287	0
168	381	0
313	128	0
132	469	0
317	658	0
169	520	0
270	283	0
181	292	0
350	391	0
407	99	0
220	475	0
270	229	0
188	503	0
56	189	0
38	381	0
200	363	0
55	166	0
344	659	0
204	656	0
284	467	0
310	577	0
294	606	0
183	628	0
150	247	0
120	276	0
277	313	0
19	119	0
86	383	0
124	326	0
96	658	0
328	175	0
246	176	0
181	325	0
415	56	0
147	26	0
298	93	0
65	253	0
157	180	0
48	166	0
77	603	0
384	262	0
344	135	0
0	567	0
115	206	0
346	605	0
4	594	0
311	335	0
181	168	0
330	351	0
30	622	0
135	120	0
405	428	0
281	661	0
302	26	0
170	641	0
253	224	0
84	531	0
342	1	0
342	318	0
83	304	0
372	65	0
116	140	0
212	422	0
259	362	0
172	11	0
280	599	0
408	544	0
201	18	0
118	265	0
8	572	0
398	193	0
38	258	0
364	250	0
319	250	0
120	415	0
90	62	0
387	172	0
223	592	0
262	370	0
156	97	0
47	129	0
37	474	0
246	379	0
81	6	0
433	563	0
165	643	0
351	4	0
380	473	0
350	589	0
178	338	0
112	211	0
443	530	0
131	406	0
190	63	0
249	472	0
33	572	0
223	95	0
370	343	0
415	21	0
51	334	0
45	364	0
104	414	0
108	505	0
335	239	0
223	410	0
318	19	0
367	149	0
385	342	0
136	344	0
346	491	0
245	251	0
192	586	0
241	600	0
127	287	0
232	195	0
193	500	0
83	642	0
395	6	0
199	9	0
129	432	0
401	281	0
313	61	0
180	418	0
26	610	0
157	436	0
326	229	0
235	162	0
437	488	0
129	191	0
416	624	0
224	321	0
223	620	0
369	287	0
399	640	0
241	612	0
67	511	0
100	329	0
154	485	0
257	48	0
441	217	0
172	272	0
253	237	0
109	343	0
315	304	0
279	336	0
352	642	0
45	500	0
55	35	0
41	22	0
29	191	0
10	415	0
203	411	0
359	443	0
200	429	0
371	208	0
139	138	0
118	315	0
372	663	0
265	161	0
427	327	0
365	411	0
81	102	0
340	8	0
153	548	0
128	76	0
180	444	0
139	21	0
426	517	0
56	162	0
326	259	0
109	143	0
381	4	0
99	146	0
207	463	0
117	267	0
226	60	0
69	564	0
227	377	0
432	278	0
150	21	0
242	618	0
144	539	0
158	462	0
364	313	0
253	44	0
95	579	0
264	5	0
336	634	0
390	470	0
384	13	0
158	185	0
73	637	0
127	463	0
123	414	0
302	341	0
120	294	0
428	491	0
213	586	0
343	512	0
424	259	0
285	23	0
307	423	0
151	60	0
30	51	0
397	481	0
392	236	0
369	350	0
19	313	0
86	200	0
91	250	0
57	38	0
350	632	0
388	484	0
290	310	0
49	638	0
222	584	0
147	229	0
122	269	0
427	288	0
254	162	0
408	64	0
254	553	0
323	242	0
10	443	0
114	91	0
177	323	0
61	325	0
15	56	0
315	274	0
121	76	0
439	541	0
50	623	0
274	48	0
348	463	0
38	283	0
348	393	0
256	45	0
199	407	0
211	452	0
57	249	0
429	486	0
81	279	0
23	625	0
304	445	0
102	373	0
308	42	0
239	90	0
145	263	0
375	246	0
189	251	0
284	106	0
21	4	0
62	606	0
261	364	0
390	142	0
118	500	0
97	412	0
295	324	0
226	608	0
400	79	0
221	394	0
95	381	0
139	73	0
230	578	0
223	488	0
20	614	0
327	321	0
176	126	0
421	620	0
29	618	0
201	365	0
77	63	0
350	526	0
0	174	0
88	316	0
205	280	0
340	269	0
155	3	0
368	499	0
119	18	0
252	561	0
310	390	0
190	109	0
107	159	0
27	551	0
174	313	0
28	561	0
340	482	0
1	104	0
196	356	0
59	579	0
77	211	0
129	159	0
383	410	0
342	90	0
96	342	0
285	514	0
303	433	0
137	294	0
152	583	0
194	229	0
125	475	0
415	161	0
274	569	0
430	524	0
104	271	0
84	518	0
275	412	0
416	597	0
65	622	0
96	270	0
393	494	0
295	652	0
5	230	0
196	387	0
177	508	0
23	433	0
308	213	0
8	473	0
218	181	0
210	23	0
421	299	0
51	500	0
5	300	0
132	10	0
141	269	0
122	188	0
211	485	0
341	631	0
229	228	0
311	413	0
48	336	0
235	218	0
300	230	0
201	347	0
161	56	0
152	567	0
388	91	0
199	242	0
189	15	0
146	328	0
278	244	0
148	382	0
435	542	0
406	262	0
303	22	0
148	604	0
438	154	0
22	422	0
121	610	0
223	579	0
65	55	0
322	200	0
351	477	0
226	187	0
313	107	0
212	516	0
152	484	0
39	231	0
99	339	0
63	656	0
367	586	0
3	323	0
139	162	0
282	636	0
151	297	0
376	466	0
416	105	0
209	556	0
116	658	0
415	316	0
118	356	0
352	635	0
94	272	0
247	494	0
377	327	0
387	343	0
123	588	0
363	179	0
226	178	0
215	604	0
76	564	0
156	221	0
229	122	0
326	0	0
171	179	0
389	471	0
20	323	0
54	447	0
322	596	0
91	574	0
195	179	0
200	75	0
122	642	0
233	57	0
327	230	0
278	476	0
10	177	0
26	587	0
236	513	0
203	555	0
5	577	0
304	426	0
82	298	0
122	435	0
217	260	0
374	168	0
46	402	0
363	622	0
22	48	0
78	23	0
210	291	0
45	299	0
211	63	0
41	271	0
208	482	0
69	475	0
351	26	0
421	488	0
130	34	0
223	408	0
150	478	0
336	142	0
85	320	0
69	327	0
412	646	0
421	380	0
138	417	0
51	600	0
63	227	0
275	153	0
40	114	0
387	476	0
257	118	0
422	493	0
422	552	0
407	484	0
434	313	0
398	54	0
438	64	0
371	467	0
194	658	0
256	284	0
90	661	0
148	7	0
176	573	0
367	557	0
184	256	0
129	321	0
114	162	0
231	75	0
295	105	0
49	57	0
291	77	0
150	257	0
327	343	0
302	438	0
17	500	0
74	152	0
372	42	0
259	562	0
216	13	0
417	25	0
15	149	0
327	395	0
126	264	0
281	65	0
113	279	0
385	551	0
153	436	0
145	654	0
66	388	0
181	9	0
409	28	0
402	237	0
264	535	0
233	70	0
384	464	0
147	144	0
70	266	0
344	528	0
120	588	0
308	462	0
364	26	0
298	396	0
318	579	0
230	227	0
227	386	0
231	516	0
25	376	0
371	562	0
254	210	0
367	215	0
119	378	0
305	313	0
157	447	0
36	148	0
38	64	0
351	33	0
251	590	0
140	40	0
109	516	0
27	327	0
241	506	0
140	541	0
222	511	0
291	1	0
312	122	0
136	44	0
165	248	0
373	449	0
243	70	0
270	218	0
4	69	0
263	578	0
60	280	0
327	401	0
337	559	0
75	507	0
184	555	0
190	59	0
196	254	0
372	314	0
110	207	0
3	510	0
298	385	0
162	115	0
111	338	0
303	128	0
202	663	0
309	61	0
427	163	0
126	650	0
292	526	0
279	661	0
197	172	0
76	15	0
320	55	0
172	475	0
70	336	0
57	400	0
438	538	0
102	98	0
342	639	0
74	188	0
125	183	0
11	400	0
428	655	0
332	224	0
263	201	0
434	368	0
16	546	0
233	457	0
397	109	0
267	58	0
60	597	0
335	165	0
322	194	0
272	121	0
254	290	0
151	407	0
36	61	0
26	226	0
340	624	0
118	34	0
74	40	0
144	585	0
20	101	0
440	424	0
190	618	0
132	600	0
143	64	0
137	578	0
434	278	0
359	592	0
197	224	0
193	387	0
412	652	0
7	401	0
342	359	0
125	6	0
442	663	0
32	320	0
392	427	0
388	446	0
235	310	0
130	109	0
380	152	0
38	470	0
321	471	0
237	86	0
19	546	0
74	250	0
51	476	0
425	659	0
230	563	0
339	135	0
125	584	0
299	478	0
120	185	0
29	489	0
130	320	0
412	613	0
119	474	0
395	51	0
323	415	0
390	531	0
354	305	0
419	399	0
285	349	0
262	339	0
444	320	0
428	149	0
92	95	0
303	91	0
75	607	0
344	192	0
52	510	0
169	574	0
115	547	0
399	106	0
3	448	0
64	641	0
16	154	0
288	131	0
380	371	0
346	550	0
334	594	0
124	61	0
24	433	0
200	400	0
305	265	0
219	573	0
375	499	0
227	418	0
49	559	0
74	661	0
76	615	0
27	370	0
365	315	0
292	106	0
349	649	0
118	304	0
306	85	0
407	319	0
154	224	0
382	379	0
393	300	0
281	437	0
158	244	0
222	360	0
212	361	0
114	393	0
422	332	0
363	457	0
147	60	0
233	330	0
68	557	0
352	652	0
331	180	0
143	141	0
349	309	0
80	143	0
404	120	0
200	536	0
276	586	0
77	657	0
41	36	0
247	511	0
157	344	0
127	658	0
440	309	0
251	69	0
350	254	0
375	548	0
151	300	0
350	23	0
381	305	0
421	642	0
189	281	0
44	96	0
86	636	0
321	429	0
193	623	0
328	246	0
312	112	0
267	602	0
264	334	0
344	537	0
377	451	0
277	55	0
444	529	0
368	310	0
216	54	0
325	322	0
20	160	0
218	402	0
20	381	0
215	475	0
426	404	0
419	360	0
311	207	0
26	199	0
228	502	0
125	188	0
374	92	0
299	79	0
312	386	0
116	611	0
292	361	0
13	270	0
184	364	0
50	255	0
139	177	0
401	157	0
195	257	0
439	154	0
325	424	0
329	67	0
99	40	0
54	507	0
128	485	0
191	12	0
420	618	0
192	448	0
42	339	0
373	198	0
