0	4	1
0	165	1
1	5	1
1	152	1
1	156	1
1	161	1
1	162	1
1	163	1
1	164	1
2	17	1
2	60	1
2	61	1
2	62	1
2	63	1
2	64	1
3	6	1
3	7	1
3	8	1
3	9	1
3	10	1
3	11	1
3	131	1
3	138	1
3	190	1
4	89	1
5	25	1
5	26	1
5	27	1
5	28	1
5	29	1
5	30	1
5	31	1
5	32	1
5	33	1
5	34	1
5	35	1
5	36	1
5	37	1
5	38	1
5	134	1
6	3	1
6	110	1
6	143	1
6	144	1
6	145	1
7	162	1
7	164	1
8	88	1
9	126	1
9	130	1
9	133	1
9	147	1
9	149	1
9	150	1
9	151	1
9	152	1
9	153	1
9	156	1
9	157	1
9	158	1
9	159	1
9	160	1
9	199	1
10	88	1
11	49	1
11	65	1
11	196	1
12	25	1
12	26	1
12	27	1
12	28	1
12	29	1
12	30	1
12	31	1
12	32	1
12	33	1
12	34	1
12	35	1
12	36	1
12	37	1
12	38	1
12	39	1
12	46	1
12	47	1
12	48	1
12	134	1
13	0	1
13	19	1
13	23	1
13	24	1
13	40	1
13	41	1
13	43	1
13	44	1
13	45	1
13	50	1
13	51	1
13	52	1
13	53	1
13	68	1
13	69	1
13	70	1
13	71	1
13	72	1
13	73	1
13	74	1
13	75	1
13	76	1
13	77	1
13	78	1
13	79	1
13	80	1
13	81	1
13	82	1
13	83	1
13	84	1
13	85	1
13	86	1
13	87	1
13	88	1
13	89	1
13	90	1
13	91	1
13	92	1
13	93	1
13	94	1
13	95	1
13	96	1
13	97	1
13	99	1
13	100	1
13	101	1
13	102	1
13	103	1
13	105	1
13	106	1
13	107	1
13	108	1
13	109	1
13	110	1
13	111	1
13	112	1
13	113	1
13	114	1
13	115	1
13	116	1
13	124	1
13	125	1
13	128	1
13	135	1
13	136	1
13	140	1
13	142	1
13	166	1
13	181	1
13	183	1
13	184	1
13	185	1
13	186	1
13	191	1
13	193	1
13	195	1
13	198	1
13	200	1
13	202	1
13	203	1
14	126	1
14	130	1
14	133	1
14	147	1
14	149	1
14	150	1
14	151	1
14	152	1
14	153	1
14	156	1
14	157	1
14	158	1
14	159	1
14	160	1
14	199	1
15	168	1
15	170	1
15	171	1
15	173	1
15	174	1
16	94	1
16	107	1
16	108	1
16	109	1
17	25	1
17	26	1
17	27	1
17	28	1
17	29	1
17	30	1
17	31	1
17	32	1
17	33	1
17	34	1
17	35	1
17	36	1
17	37	1
17	38	1
17	134	1
18	25	1
18	26	1
18	27	1
18	28	1
18	29	1
18	30	1
19	2	1
19	16	1
19	42	1
19	66	1
19	67	1
19	126	1
19	127	1
19	129	1
19	130	1
19	132	1
19	133	1
19	141	1
19	143	1
19	144	1
19	145	1
19	147	1
19	149	1
19	150	1
19	151	1
19	152	1
19	153	1
19	156	1
19	157	1
19	158	1
19	159	1
19	160	1
19	168	1
19	169	1
19	170	1
19	171	1
19	172	1
19	173	1
19	174	1
19	175	1
19	176	1
19	177	1
19	178	1
19	179	1
19	180	1
19	187	1
19	188	1
19	189	1
19	192	1
19	197	1
19	199	1
19	201	1
20	89	1
20	98	1
21	3	1
21	89	1
21	166	1
22	25	1
23	105	1
24	84	1
24	111	1
25	170	1
25	171	1
25	173	1
25	174	1
25	175	1
25	177	1
25	180	1
25	187	1
25	188	1
25	189	1
25	201	1
26	75	1
26	88	1
26	110	1
27	146	1
27	148	1
27	149	1
27	150	1
27	152	1
27	154	1
27	155	1
28	146	1
28	148	1
28	149	1
28	150	1
28	152	1
28	154	1
28	155	1
28	156	1
28	186	1
29	72	1
30	162	1
30	163	1
31	94	1
32	89	1
32	98	1
33	89	1
33	166	1
34	189	1
35	162	1
35	164	1
36	89	1
37	2	1
37	42	1
37	66	1
37	67	1
37	127	1
37	129	1
37	132	1
37	141	1
37	143	1
37	144	1
37	145	1
37	168	1
37	169	1
37	170	1
37	171	1
37	172	1
37	173	1
37	174	1
37	175	1
37	176	1
37	177	1
37	178	1
37	179	1
37	180	1
37	187	1
37	188	1
37	189	1
37	192	1
37	197	1
37	201	1
38	170	1
38	171	1
38	173	1
38	177	1
38	180	1
38	201	1
39	49	1
39	65	1
39	196	1
40	65	1
41	25	1
42	25	1
43	146	1
43	148	1
43	149	1
43	150	1
43	152	1
43	154	1
43	155	1
44	109	1
45	187	1
46	7	1
46	8	1
46	9	1
46	13	1
46	15	1
46	25	1
46	26	1
46	27	1
46	28	1
46	29	1
46	30	1
46	31	1
46	32	1
46	33	1
46	34	1
46	35	1
46	36	1
46	37	1
46	38	1
46	131	1
46	134	1
46	138	1
46	190	1
47	146	1
48	2	1
48	42	1
48	66	1
48	67	1
48	126	1
48	127	1
48	129	1
48	130	1
48	132	1
48	133	1
48	141	1
48	143	1
48	144	1
48	145	1
48	147	1
48	149	1
48	150	1
48	151	1
48	152	1
48	153	1
48	156	1
48	157	1
48	158	1
48	159	1
48	160	1
48	168	1
48	169	1
48	170	1
48	171	1
48	172	1
48	173	1
48	174	1
48	175	1
48	176	1
48	177	1
48	178	1
48	179	1
48	180	1
48	187	1
48	188	1
48	189	1
48	192	1
48	197	1
48	199	1
48	201	1
49	49	1
49	65	1
49	196	1
50	105	1
51	88	1
52	7	1
52	8	1
52	9	1
52	13	1
52	15	1
52	131	1
52	138	1
52	190	1
53	22	1
53	119	1
53	120	1
53	121	1
53	122	1
53	123	1
53	143	1
53	144	1
53	145	1
53	194	1
54	25	1
54	26	1
54	27	1
54	28	1
54	29	1
54	30	1
54	31	1
54	32	1
54	33	1
54	34	1
54	35	1
54	36	1
54	37	1
54	38	1
54	39	1
54	134	1
55	152	1
56	16	1
56	46	1
56	47	1
56	48	1
57	25	1
57	55	1
57	146	1
58	126	1
58	130	1
58	133	1
58	146	1
58	147	1
58	149	1
58	150	1
58	151	1
58	153	1
58	156	1
58	157	1
58	158	1
58	159	1
58	160	1
58	187	1
58	188	1
58	189	1
58	199	1
59	187	1
59	188	1
59	189	1
60	2	1
60	25	1
60	42	1
60	46	1
60	50	1
60	66	1
60	67	1
60	105	1
60	110	1
60	127	1
60	129	1
60	132	1
60	136	1
60	137	1
60	141	1
60	168	1
60	169	1
60	170	1
60	171	1
60	172	1
60	173	1
60	174	1
60	175	1
60	176	1
60	177	1
60	178	1
60	179	1
60	180	1
60	187	1
60	188	1
60	189	1
60	192	1
60	197	1
60	201	1
61	25	1
61	46	1
61	50	1
61	68	1
62	25	1
62	46	1
62	50	1
62	68	1
63	25	1
63	26	1
63	27	1
63	28	1
63	29	1
63	30	1
63	31	1
63	32	1
63	33	1
63	34	1
63	35	1
63	36	1
63	37	1
63	38	1
63	46	1
63	50	1
63	68	1
63	134	1
64	25	1
64	46	1
64	50	1
64	68	1
65	25	1
65	26	1
65	27	1
65	28	1
65	29	1
65	30	1
65	31	1
65	32	1
65	33	1
65	34	1
65	35	1
65	36	1
65	37	1
65	38	1
65	46	1
65	47	1
65	48	1
65	50	1
65	68	1
65	134	1
66	25	1
66	26	1
66	27	1
66	28	1
66	29	1
66	30	1
66	31	1
66	32	1
66	33	1
66	34	1
66	35	1
66	36	1
66	37	1
66	38	1
66	134	1
67	25	1
67	26	1
67	27	1
67	28	1
67	29	1
67	30	1
67	31	1
67	32	1
67	33	1
67	34	1
67	35	1
67	36	1
67	37	1
67	38	1
67	39	1
67	46	1
67	47	1
67	48	1
67	134	1
68	25	1
68	26	1
68	27	1
68	28	1
68	29	1
68	30	1
68	31	1
68	32	1
68	33	1
68	34	1
68	35	1
68	36	1
68	37	1
68	38	1
68	134	1
69	126	1
69	130	1
69	133	1
69	147	1
69	149	1
69	150	1
69	151	1
69	153	1
69	156	1
69	157	1
69	158	1
69	159	1
69	160	1
69	199	1
70	152	1
71	2	1
71	42	1
71	66	1
71	67	1
71	127	1
71	129	1
71	132	1
71	141	1
71	143	1
71	144	1
71	145	1
71	168	1
71	169	1
71	170	1
71	171	1
71	172	1
71	173	1
71	174	1
71	175	1
71	176	1
71	177	1
71	178	1
71	179	1
71	180	1
71	187	1
71	188	1
71	189	1
71	192	1
71	197	1
71	201	1
72	65	1
73	13	1
74	89	1
75	89	1
76	162	1
77	6	1
77	7	1
77	8	1
77	9	1
77	10	1
77	11	1
77	131	1
77	138	1
77	190	1
78	168	1
78	170	1
78	171	1
78	173	1
78	174	1
79	68	1
79	69	1
79	70	1
79	72	1
79	77	1
79	170	1
79	173	1
79	174	1
80	71	1
80	168	1
80	170	1
80	171	1
80	173	1
80	174	1
81	2	1
81	42	1
81	66	1
81	67	1
81	127	1
81	129	1
81	132	1
81	141	1
81	143	1
81	144	1
81	145	1
81	168	1
81	169	1
81	170	1
81	171	1
81	172	1
81	173	1
81	174	1
81	175	1
81	176	1
81	177	1
81	178	1
81	179	1
81	180	1
81	187	1
81	188	1
81	189	1
81	192	1
81	197	1
81	201	1
82	70	1
82	74	1
82	75	1
82	78	1
82	94	1
82	170	1
82	174	1
83	2	1
83	42	1
83	66	1
83	67	1
83	127	1
83	129	1
83	132	1
83	141	1
83	143	1
83	144	1
83	145	1
83	168	1
83	169	1
83	170	1
83	171	1
83	172	1
83	173	1
83	174	1
83	175	1
83	176	1
83	177	1
83	178	1
83	179	1
83	180	1
83	187	1
83	188	1
83	189	1
83	192	1
83	197	1
83	201	1
84	195	1
85	20	1
85	21	1
85	49	1
85	65	1
85	196	1
86	74	1
87	68	1
87	69	1
87	72	1
87	74	1
87	77	1
87	146	1
87	148	1
87	149	1
87	150	1
87	152	1
87	154	1
87	155	1
88	146	1
88	148	1
88	149	1
88	150	1
88	152	1
88	154	1
88	155	1
89	72	1
89	146	1
89	148	1
89	149	1
89	150	1
89	152	1
89	154	1
89	155	1
89	186	1
90	44	1
90	71	1
90	72	1
90	74	1
90	87	1
90	104	1
90	128	1
90	146	1
90	148	1
90	149	1
90	150	1
90	152	1
90	154	1
90	155	1
90	184	1
90	186	1
90	202	1
91	44	1
91	88	1
91	104	1
92	88	1
92	98	1
92	103	1
92	170	1
92	175	1
92	176	1
92	180	1
92	183	1
92	193	1
92	202	1
93	117	1
93	118	1
93	126	1
93	127	1
93	130	1
93	139	1
93	157	1
93	158	1
93	159	1
93	160	1
93	167	1
93	188	1
93	189	1
93	199	1
94	105	1
95	105	1
96	105	1
97	105	1
98	105	1
99	20	1
99	21	1
99	49	1
99	65	1
99	196	1
100	20	1
100	21	1
100	49	1
100	65	1
100	196	1
101	25	1
102	25	1
103	25	1
104	152	1
105	146	1
105	189	1
106	16	1
106	17	1
106	25	1
106	26	1
106	27	1
106	28	1
106	29	1
106	30	1
106	60	1
106	61	1
106	62	1
106	63	1
106	64	1
107	6	1
107	7	1
107	8	1
107	9	1
107	11	1
107	12	1
107	13	1
107	14	1
107	15	1
107	49	1
107	65	1
107	131	1
107	138	1
107	190	1
107	196	1
108	146	1
108	148	1
108	149	1
108	150	1
108	152	1
108	154	1
108	155	1
108	156	1
108	186	1
109	152	1
109	156	1
110	146	1
110	148	1
110	149	1
110	150	1
110	152	1
110	154	1
110	155	1
110	156	1
110	186	1
111	146	1
111	148	1
111	149	1
111	150	1
111	152	1
111	154	1
111	155	1
111	156	1
111	186	1
112	146	1
112	148	1
112	149	1
112	150	1
112	152	1
112	154	1
112	155	1
112	156	1
112	186	1
113	143	1
113	144	1
113	145	1
113	146	1
113	148	1
113	149	1
113	150	1
113	152	1
113	154	1
113	155	1
113	156	1
113	186	1
114	146	1
114	148	1
114	149	1
114	150	1
114	152	1
114	154	1
114	155	1
114	156	1
114	186	1
115	7	1
116	7	1
117	7	1
118	7	1
119	105	1
120	16	1
120	50	1
120	51	1
120	52	1
120	53	1
120	54	1
120	55	1
120	57	1
120	58	1
120	59	1
120	126	1
120	130	1
120	133	1
120	147	1
120	149	1
120	150	1
120	151	1
120	152	1
120	153	1
120	156	1
120	157	1
120	158	1
120	159	1
120	160	1
120	199	1
121	7	1
122	109	1
123	94	1
124	108	1
125	108	1
125	109	1
126	109	1
127	109	1
128	94	1
128	107	1
128	108	1
128	109	1
129	111	1
130	13	1
131	13	1
132	13	1
133	25	1
134	170	1
134	175	1
134	180	1
135	89	1
136	16	1
137	109	1
138	146	1
138	148	1
138	149	1
138	150	1
138	152	1
138	154	1
138	155	1
138	156	1
138	186	1
139	25	1
140	51	1
140	105	1
141	143	1
141	144	1
141	145	1
142	146	1
142	148	1
142	149	1
142	150	1
142	152	1
142	154	1
142	155	1
142	156	1
142	186	1
143	2	1
143	42	1
143	66	1
143	67	1
143	127	1
143	129	1
143	132	1
143	141	1
143	143	1
143	144	1
143	145	1
143	168	1
143	169	1
143	170	1
143	171	1
143	172	1
143	173	1
143	174	1
143	175	1
143	176	1
143	177	1
143	178	1
143	179	1
143	180	1
143	187	1
143	188	1
143	189	1
143	192	1
143	197	1
143	201	1
144	143	1
144	144	1
144	145	1
145	108	1
146	72	1
146	83	1
146	94	1
146	146	1
146	148	1
146	149	1
146	150	1
146	152	1
146	154	1
146	155	1
146	156	1
146	186	1
147	3	1
147	110	1
147	143	1
147	144	1
147	145	1
148	107	1
149	98	1
150	162	1
151	3	1
151	110	1
151	143	1
151	144	1
151	145	1
152	156	1
153	98	1
154	166	1
155	98	1
156	170	1
156	174	1
157	20	1
157	21	1
157	46	1
157	47	1
157	49	1
157	65	1
157	182	1
157	196	1
158	146	1
158	148	1
158	149	1
158	150	1
158	152	1
158	154	1
158	155	1
158	156	1
158	186	1
159	146	1
159	148	1
159	149	1
159	150	1
159	152	1
159	154	1
159	155	1
160	146	1
160	148	1
160	149	1
160	150	1
160	152	1
160	154	1
160	155	1
161	88	1
162	146	1
162	148	1
162	149	1
162	150	1
162	152	1
162	154	1
162	155	1
162	156	1
163	6	1
163	7	1
163	8	1
163	9	1
163	10	1
163	11	1
163	131	1
163	138	1
163	190	1
164	109	1
165	6	1
165	7	1
165	8	1
165	9	1
165	10	1
165	11	1
165	131	1
165	138	1
165	190	1
166	6	1
166	7	1
166	8	1
166	9	1
166	10	1
166	11	1
166	131	1
166	138	1
166	190	1
167	6	1
167	7	1
167	8	1
167	9	1
167	10	1
167	11	1
167	25	1
167	26	1
167	27	1
167	28	1
167	29	1
167	30	1
167	107	1
167	108	1
167	131	1
167	138	1
167	190	1
168	108	1
169	162	1
170	25	1
170	26	1
170	27	1
170	28	1
170	29	1
170	30	1
171	70	1
171	200	1
172	70	1
172	200	1
173	44	1
173	71	1
173	72	1
173	74	1
173	87	1
173	104	1
173	128	1
173	146	1
173	148	1
173	149	1
173	150	1
173	152	1
173	154	1
173	155	1
173	184	1
173	186	1
173	202	1
174	143	1
175	0	1
175	1	1
175	2	1
175	19	1
175	23	1
175	24	1
175	40	1
175	41	1
175	42	1
175	43	1
175	44	1
175	45	1
175	66	1
175	67	1
175	68	1
175	69	1
175	70	1
175	71	1
175	72	1
175	73	1
175	74	1
175	75	1
175	76	1
175	77	1
175	78	1
175	79	1
175	80	1
175	81	1
175	82	1
175	83	1
175	84	1
175	85	1
175	86	1
175	87	1
175	88	1
175	89	1
175	90	1
175	91	1
175	92	1
175	93	1
175	94	1
175	95	1
175	96	1
175	97	1
175	99	1
175	100	1
175	101	1
175	102	1
175	103	1
175	105	1
175	106	1
175	107	1
175	108	1
175	109	1
175	110	1
175	111	1
175	112	1
175	113	1
175	114	1
175	115	1
175	116	1
175	124	1
175	125	1
175	126	1
175	127	1
175	128	1
175	129	1
175	130	1
175	132	1
175	133	1
175	135	1
175	136	1
175	140	1
175	141	1
175	142	1
175	143	1
175	144	1
175	145	1
175	147	1
175	149	1
175	150	1
175	151	1
175	152	1
175	153	1
175	156	1
175	157	1
175	158	1
175	159	1
175	160	1
175	168	1
175	169	1
175	170	1
175	171	1
175	172	1
175	173	1
175	174	1
175	175	1
175	176	1
175	177	1
175	178	1
175	179	1
175	180	1
175	181	1
175	183	1
175	184	1
175	185	1
175	186	1
175	187	1
175	188	1
175	189	1
175	191	1
175	192	1
175	193	1
175	195	1
175	197	1
175	198	1
175	199	1
175	200	1
175	201	1
175	202	1
175	203	1
176	164	1
177	164	1
178	3	1
178	110	1
178	143	1
178	144	1
178	145	1
179	25	1
179	26	1
179	27	1
179	28	1
179	29	1
179	30	1
180	88	1
181	55	1
181	56	1
181	57	1
181	58	1
181	59	1
182	162	1
183	187	1
183	188	1
183	189	1
184	168	1
184	170	1
184	171	1
184	173	1
184	174	1
185	111	1
186	25	1
187	108	1
187	109	1
188	7	1
188	8	1
188	13	1
188	15	1
188	65	1
188	131	1
188	138	1
188	190	1
189	110	1
190	6	1
190	7	1
190	8	1
190	9	1
190	10	1
190	11	1
190	131	1
190	138	1
190	190	1
191	7	1
191	16	1
191	164	1
192	6	1
192	7	1
192	8	1
192	9	1
192	10	1
192	11	1
192	131	1
192	138	1
192	190	1
193	68	1
193	69	1
193	70	1
193	72	1
193	77	1
193	170	1
193	173	1
193	174	1
194	16	1
194	17	1
194	60	1
194	61	1
194	62	1
194	63	1
194	64	1
194	94	1
195	146	1
195	148	1
195	149	1
195	150	1
195	152	1
195	154	1
195	155	1
196	108	1
196	109	1
197	146	1
197	148	1
197	149	1
197	150	1
197	152	1
197	154	1
197	155	1
197	156	1
197	186	1
198	65	1
199	18	1
200	25	1
201	162	1
201	163	1
202	168	1
202	172	1
202	187	1
202	188	1
202	189	1
203	152	1
204	6	1
204	7	1
204	8	1
204	9	1
204	10	1
204	11	1
204	83	1
204	131	1
204	138	1
204	190	1
205	6	1
205	7	1
205	8	1
205	9	1
205	10	1
205	11	1
205	131	1
205	138	1
205	190	1
205	200	1
206	162	1
206	163	1
207	25	1
207	26	1
207	27	1
207	28	1
207	29	1
207	30	1
208	25	1
209	152	1
174	37	0
107	80	0
123	141	0
135	182	0
92	140	0
192	168	0
33	91	0
128	117	0
96	46	0
94	12	0
190	140	0
69	161	0
131	184	0
76	131	0
89	197	0
185	77	0
192	99	0
1	189	0
139	141	0
19	61	0
67	87	0
6	146	0
37	117	0
11	19	0
48	95	0
100	178	0
147	82	0
82	177	0
193	121	0
204	23	0
157	118	0
44	6	0
40	76	0
176	197	0
73	127	0
136	32	0
160	76	0
151	77	0
188	90	0
113	77	0
3	148	0
204	39	0
171	124	0
73	120	0
23	160	0
150	196	0
113	8	0
83	200	0
169	4	0
70	189	0
46	182	0
204	150	0
99	76	0
182	156	0
207	79	0
180	202	0
180	52	0
109	90	0
88	162	0
192	100	0
75	170	0
38	126	0
45	126	0
158	37	0
54	72	0
198	144	0
200	34	0
206	106	0
143	15	0
114	194	0
54	65	0
79	89	0
43	163	0
18	200	0
41	164	0
20	37	0
125	118	0
87	66	0
51	59	0
90	136	0
174	120	0
178	34	0
14	52	0
197	41	0
55	201	0
102	129	0
40	169	0
50	191	0
141	166	0
185	161	0
122	143	0
148	18	0
120	175	0
7	148	0
49	88	0
130	80	0
145	155	0
72	131	0
150	97	0
30	175	0
135	138	0
152	116	0
73	141	0
144	6	0
75	189	0
31	63	0
66	176	0
151	81	0
161	139	0
195	43	0
192	70	0
78	7	0
93	41	0
187	43	0
101	4	0
85	108	0
59	62	0
173	176	0
12	51	0
94	78	0
103	113	0
136	106	0
155	99	0
181	76	0
120	144	0
179	93	0
126	200	0
81	118	0
35	60	0
7	186	0
136	186	0
99	117	0
13	2	0
206	169	0
175	22	0
123	57	0
166	90	0
88	128	0
28	196	0
4	181	0
26	186	0
78	96	0
54	49	0
196	114	0
152	122	0
69	120	0
200	9	0
144	193	0
23	15	0
69	68	0
138	14	0
188	6	0
130	177	0
186	49	0
49	38	0
151	199	0
10	131	0
19	27	0
98	106	0
158	46	0
209	20	0
35	30	0
88	196	0
4	91	0
72	54	0
133	88	0
203	189	0
147	35	0
3	52	0
200	85	0
172	167	0
65	104	0
177	65	0
149	81	0
158	84	0
90	49	0
56	98	0
53	36	0
11	14	0
205	168	0
185	23	0
69	102	0
0	144	0
3	2	0
4	50	0
154	60	0
21	160	0
98	168	0
137	142	0
166	127	0
192	130	0
85	164	0
102	116	0
90	51	0
161	50	0
25	159	0
152	140	0
64	42	0
128	28	0
126	65	0
74	117	0
143	80	0
181	196	0
187	183	0
170	78	0
115	40	0
77	135	0
108	192	0
187	176	0
111	26	0
76	148	0
6	189	0
66	107	0
66	100	0
40	184	0
97	66	0
16	29	0
77	114	0
8	24	0
114	127	0
198	82	0
89	23	0
42	97	0
64	57	0
159	81	0
163	166	0
40	145	0
17	69	0
151	126	0
128	113	0
201	22	0
165	3	0
158	110	0
204	56	0
100	108	0
59	182	0
191	186	0
56	182	0
158	174	0
20	82	0
180	120	0
46	64	0
140	178	0
77	89	0
112	202	0
164	199	0
147	54	0
162	85	0
185	16	0
161	80	0
54	201	0
131	24	0
19	50	0
165	44	0
91	127	0
168	190	0
5	44	0
125	59	0
83	55	0
57	101	0
15	70	0
203	60	0
52	159	0
63	76	0
175	119	0
171	71	0
86	203	0
8	177	0
209	77	0
163	142	0
194	19	0
111	100	0
204	187	0
25	104	0
187	140	0
138	192	0
180	102	0
175	32	0
161	129	0
132	114	0
8	59	0
207	2	0
155	91	0
17	121	0
182	186	0
82	64	0
186	166	0
99	98	0
19	51	0
20	202	0
161	106	0
17	101	0
50	180	0
167	103	0
207	200	0
141	57	0
83	5	0
88	45	0
64	69	0
129	91	0
142	92	0
133	169	0
184	9	0
47	187	0
184	181	0
129	175	0
168	80	0
93	51	0
114	129	0
137	174	0
108	118	0
139	138	0
201	35	0
186	179	0
60	56	0
203	168	0
49	54	0
41	90	0
105	193	0
3	107	0
30	75	0
55	154	0
122	98	0
201	76	0
199	202	0
123	63	0
201	160	0
93	47	0
36	190	0
100	66	0
27	130	0
45	191	0
99	134	0
63	22	0
7	126	0
18	114	0
177	179	0
7	57	0
60	167	0
8	29	0
145	127	0
64	198	0
199	133	0
207	198	0
208	19	0
75	137	0
132	59	0
65	124	0
75	171	0
191	160	0
183	160	0
29	45	0
10	185	0
129	43	0
202	82	0
103	102	0
194	76	0
178	83	0
16	177	0
30	50	0
156	28	0
31	68	0
69	176	0
118	104	0
81	86	0
150	79	0
82	1	0
19	86	0
87	194	0
78	193	0
101	13	0
16	189	0
189	84	0
129	46	0
92	109	0
99	1	0
146	6	0
70	84	0
84	92	0
196	2	0
17	123	0
28	39	0
25	64	0
113	15	0
142	9	0
125	27	0
174	125	0
20	167	0
89	200	0
68	80	0
209	118	0
184	180	0
13	123	0
187	152	0
8	93	0
61	128	0
34	144	0
121	10	0
181	132	0
31	95	0
129	65	0
116	172	0
170	93	0
34	31	0
144	133	0
30	186	0
167	4	0
34	17	0
192	50	0
128	19	0
39	35	0
118	96	0
178	14	0
77	21	0
170	94	0
101	122	0
79	203	0
23	127	0
115	198	0
49	127	0
199	32	0
49	110	0
190	149	0
120	26	0
188	103	0
30	153	0
87	30	0
54	46	0
132	7	0
0	161	0
155	103	0
33	173	0
152	91	0
23	138	0
102	173	0
138	188	0
192	171	0
117	117	0
40	2	0
199	44	0
58	109	0
50	9	0
37	104	0
10	119	0
195	172	0
181	41	0
65	181	0
57	131	0
22	42	0
86	31	0
52	187	0
72	101	0
209	115	0
25	120	0
173	73	0
161	92	0
124	150	0
40	90	0
120	76	0
77	132	0
99	75	0
116	4	0
189	158	0
101	0	0
97	126	0
132	20	0
129	149	0
113	92	0
107	96	0
74	187	0
201	187	0
186	102	0
51	150	0
24	153	0
149	131	0
70	32	0
132	76	0
70	160	0
31	32	0
30	143	0
200	184	0
85	103	0
8	35	0
50	202	0
188	112	0
108	42	0
136	107	0
75	31	0
101	145	0
61	138	0
97	137	0
187	11	0
70	45	0
86	199	0
134	30	0
188	178	0
154	181	0
118	12	0
116	198	0
72	151	0
148	135	0
36	15	0
116	31	0
67	82	0
119	56	0
127	96	0
55	52	0
167	127	0
140	49	0
63	49	0
17	103	0
111	57	0
82	99	0
4	14	0
198	11	0
19	79	0
73	121	0
61	61	0
208	125	0
130	96	0
21	108	0
124	148	0
80	34	0
151	70	0
185	92	0
59	116	0
111	142	0
0	72	0
28	140	0
83	162	0
72	198	0
176	61	0
139	163	0
128	160	0
95	181	0
158	45	0
165	155	0
204	173	0
155	139	0
208	52	0
81	184	0
179	181	0
21	130	0
17	87	0
49	87	0
58	11	0
170	161	0
165	139	0
186	61	0
204	177	0
145	20	0
110	9	0
55	189	0
26	32	0
126	192	0
159	54	0
124	11	0
35	104	0
207	60	0
47	154	0
145	2	0
42	186	0
135	70	0
113	198	0
106	174	0
62	198	0
19	137	0
59	131	0
83	51	0
61	44	0
170	40	0
206	159	0
48	18	0
197	100	0
144	181	0
103	166	0
209	107	0
111	132	0
195	199	0
127	91	0
53	97	0
135	76	0
44	49	0
91	25	0
20	157	0
165	147	0
152	107	0
196	110	0
65	49	0
68	58	0
56	158	0
143	89	0
178	121	0
132	157	0
86	12	0
105	15	0
208	175	0
161	77	0
119	149	0
206	18	0
11	90	0
147	162	0
199	145	0
161	4	0
151	178	0
60	60	0
89	62	0
135	23	0
77	62	0
105	43	0
160	11	0
32	176	0
151	103	0
26	178	0
146	45	0
187	175	0
51	174	0
4	138	0
162	79	0
127	70	0
148	92	0
202	160	0
101	10	0
70	190	0
92	87	0
171	127	0
49	185	0
26	112	0
134	11	0
146	158	0
195	63	0
136	13	0
198	14	0
162	197	0
24	148	0
70	91	0
193	45	0
63	158	0
23	163	0
151	180	0
31	23	0
165	110	0
66	186	0
72	141	0
195	130	0
171	44	0
104	160	0
7	129	0
29	7	0
36	18	0
47	33	0
139	40	0
61	47	0
106	46	0
105	163	0
155	187	0
141	160	0
86	61	0
70	69	0
192	71	0
135	6	0
135	65	0
137	193	0
64	105	0
127	71	0
2	189	0
126	157	0
152	30	0
82	108	0
156	196	0
120	103	0
167	115	0
96	196	0
73	181	0
46	164	0
107	3	0
153	38	0
193	19	0
112	90	0
116	126	0
120	86	0
8	120	0
176	9	0
142	169	0
115	19	0
181	149	0
43	116	0
168	28	0
73	92	0
110	78	0
204	185	0
147	142	0
41	141	0
65	65	0
149	16	0
67	8	0
23	100	0
23	9	0
92	94	0
155	0	0
1	52	0
68	203	0
55	61	0
120	111	0
22	133	0
136	54	0
166	134	0
112	0	0
96	12	0
208	86	0
101	33	0
158	128	0
86	171	0
131	130	0
76	35	0
5	133	0
9	144	0
149	62	0
11	153	0
161	49	0
129	0	0
150	159	0
54	108	0
188	143	0
12	53	0
126	61	0
155	128	0
193	106	0
188	188	0
203	160	0
170	52	0
88	15	0
144	146	0
52	91	0
126	53	0
195	104	0
152	6	0
208	107	0
112	143	0
159	79	0
22	87	0
182	20	0
48	117	0
100	98	0
207	120	0
171	118	0
84	59	0
111	197	0
36	181	0
75	143	0
105	181	0
16	32	0
6	101	0
81	195	0
146	25	0
15	147	0
84	78	0
141	184	0
127	198	0
1	34	0
206	197	0
159	78	0
14	120	0
98	153	0
141	162	0
120	41	0
160	42	0
14	104	0
183	40	0
167	139	0
91	122	0
133	6	0
140	128	0
53	154	0
105	122	0
129	100	0
159	15	0
146	11	0
99	166	0
95	68	0
76	10	0
30	93	0
20	38	0
6	8	0
51	152	0
153	108	0
13	178	0
192	97	0
100	71	0
146	117	0
180	185	0
74	4	0
73	95	0
127	42	0
190	172	0
102	157	0
117	183	0
30	155	0
164	88	0
166	67	0
131	58	0
133	78	0
163	106	0
36	138	0
208	188	0
161	150	0
29	183	0
116	201	0
209	52	0
121	81	0
162	99	0
58	14	0
37	154	0
114	46	0
134	145	0
8	119	0
15	69	0
194	73	0
7	121	0
107	89	0
46	137	0
105	68	0
21	175	0
112	85	0
129	163	0
159	59	0
34	139	0
86	163	0
141	64	0
5	127	0
102	100	0
63	8	0
199	117	0
165	153	0
128	90	0
147	153	0
0	28	0
140	121	0
132	39	0
39	139	0
183	109	0
84	197	0
123	164	0
192	46	0
208	193	0
125	50	0
55	197	0
62	139	0
66	159	0
157	9	0
170	127	0
39	100	0
136	100	0
153	101	0
147	194	0
155	95	0
186	126	0
33	154	0
110	24	0
133	182	0
52	88	0
185	196	0
16	40	0
43	3	0
34	48	0
48	63	0
35	168	0
144	94	0
141	22	0
195	157	0
205	154	0
58	29	0
150	50	0
102	142	0
46	128	0
0	66	0
142	175	0
185	118	0
15	19	0
194	155	0
146	18	0
42	23	0
49	179	0
186	172	0
137	23	0
41	44	0
40	57	0
169	58	0
97	48	0
189	194	0
119	189	0
130	74	0
139	7	0
60	126	0
163	99	0
148	69	0
195	3	0
65	147	0
170	188	0
6	126	0
22	38	0
146	56	0
97	166	0
117	68	0
162	165	0
168	167	0
147	40	0
117	66	0
89	136	0
42	61	0
195	93	0
70	55	0
196	203	0
124	58	0
7	67	0
170	108	0
17	90	0
111	203	0
20	152	0
29	101	0
56	10	0
132	101	0
195	21	0
137	158	0
48	142	0
162	77	0
40	191	0
34	88	0
159	127	0
162	187	0
17	13	0
70	52	0
112	38	0
76	115	0
64	167	0
3	180	0
3	90	0
29	171	0
45	14	0
4	153	0
40	113	0
5	159	0
71	64	0
185	21	0
30	77	0
88	135	0
140	63	0
37	65	0
19	55	0
71	99	0
150	133	0
61	144	0
134	121	0
105	76	0
208	148	0
184	59	0
39	79	0
171	19	0
8	15	0
67	169	0
51	91	0
86	159	0
190	58	0
8	48	0
132	42	0
8	171	0
67	170	0
22	37	0
71	49	0
23	58	0
6	148	0
207	154	0
19	5	0
106	110	0
90	67	0
126	170	0
185	89	0
130	66	0
182	176	0
194	66	0
140	13	0
61	131	0
151	74	0
57	104	0
208	114	0
0	51	0
1	180	0
122	96	0
194	31	0
80	166	0
165	117	0
126	83	0
89	171	0
203	144	0
136	184	0
39	158	0
39	4	0
18	186	0
96	44	0
31	119	0
35	9	0
91	68	0
88	109	0
68	2	0
111	6	0
120	107	0
50	147	0
41	89	0
194	28	0
77	121	0
57	125	0
209	133	0
5	132	0
20	61	0
94	122	0
170	173	0
168	126	0
118	165	0
142	22	0
191	41	0
191	196	0
81	81	0
11	182	0
156	138	0
102	46	0
79	152	0
144	88	0
107	183	0
152	84	0
70	97	0
22	86	0
117	151	0
176	77	0
59	111	0
13	20	0
17	120	0
163	66	0
65	199	0
174	73	0
144	199	0
66	24	0
62	120	0
130	50	0
73	68	0
81	7	0
172	66	0
58	103	0
147	198	0
55	90	0
174	119	0
122	193	0
155	113	0
74	103	0
84	13	0
27	102	0
10	18	0
49	113	0
45	114	0
95	31	0
96	187	0
36	134	0
35	35	0
161	182	0
2	146	0
113	128	0
111	125	0
174	131	0
166	20	0
154	124	0
110	171	0
64	146	0
144	40	0
62	41	0
47	36	0
62	22	0
90	103	0
89	122	0
69	174	0
205	165	0
105	143	0
40	91	0
122	69	0
0	82	0
2	174	0
74	128	0
47	184	0
71	124	0
29	62	0
179	67	0
33	79	0
7	91	0
167	77	0
42	57	0
145	157	0
16	139	0
61	39	0
6	104	0
177	141	0
144	83	0
49	188	0
152	113	0
21	88	0
158	131	0
180	76	0
205	17	0
163	173	0
138	61	0
182	49	0
37	110	0
161	86	0
170	19	0
30	21	0
204	100	0
141	104	0
209	183	0
163	92	0
32	66	0
55	23	0
80	15	0
31	92	0
35	120	0
163	147	0
100	52	0
189	34	0
104	134	0
57	98	0
97	42	0
7	12	0
166	63	0
27	169	0
41	188	0
118	1	0
13	7	0
167	148	0
183	21	0
199	132	0
121	77	0
69	144	0
17	67	0
153	135	0
48	50	0
68	23	0
130	118	0
0	44	0
86	53	0
176	59	0
50	96	0
20	50	0
27	123	0
87	197	0
190	5	0
185	26	0
27	46	0
58	180	0
75	72	0
2	99	0
119	100	0
63	45	0
186	66	0
96	145	0
189	102	0
177	133	0
128	162	0
37	51	0
134	39	0
192	25	0
178	126	0
70	126	0
60	9	0
62	65	0
53	159	0
208	129	0
55	134	0
198	86	0
14	21	0
159	144	0
97	17	0
64	96	0
52	73	0
95	0	0
166	194	0
174	87	0
16	99	0
196	148	0
115	180	0
178	76	0
17	140	0
158	97	0
14	98	0
32	108	0
152	0	0
182	18	0
154	161	0
89	17	0
104	142	0
100	83	0
109	95	0
207	1	0
186	122	0
64	179	0
152	74	0
158	2	0
207	13	0
42	202	0
198	104	0
95	1	0
22	188	0
148	175	0
167	76	0
55	19	0
188	28	0
29	177	0
208	62	0
70	146	0
57	87	0
82	196	0
178	91	0
69	67	0
102	11	0
128	129	0
194	170	0
170	164	0
148	60	0
209	58	0
133	38	0
133	5	0
108	189	0
38	27	0
49	67	0
169	14	0
18	12	0
126	81	0
174	121	0
194	65	0
1	11	0
72	19	0
25	44	0
115	120	0
75	19	0
24	25	0
114	84	0
183	153	0
133	179	0
161	74	0
173	162	0
82	163	0
179	49	0
17	196	0
76	109	0
151	18	0
8	152	0
7	33	0
4	136	0
77	79	0
41	129	0
75	158	0
151	171	0
198	76	0
172	102	0
182	187	0
116	28	0
135	24	0
31	35	0
114	105	0
169	115	0
28	0	0
109	77	0
124	36	0
165	58	0
126	30	0
110	114	0
106	55	0
93	140	0
147	168	0
116	97	0
145	188	0
161	87	0
76	133	0
99	31	0
183	105	0
57	186	0
114	12	0
121	157	0
187	117	0
64	18	0
181	169	0
147	117	0
39	101	0
156	102	0
47	157	0
130	97	0
176	44	0
157	37	0
62	55	0
129	88	0
124	106	0
82	68	0
146	153	0
198	74	0
119	74	0
3	168	0
12	21	0
83	93	0
40	103	0
209	193	0
135	178	0
141	54	0
71	76	0
41	1	0
150	166	0
179	152	0
115	64	0
128	57	0
72	142	0
85	179	0
110	30	0
69	42	0
158	16	0
154	37	0
41	151	0
29	105	0
208	124	0
93	14	0
57	178	0
35	102	0
141	60	0
125	39	0
44	37	0
206	6	0
117	31	0
6	71	0
188	199	0
21	50	0
80	102	0
64	74	0
57	199	0
31	105	0
101	156	0
67	196	0
134	142	0
10	54	0
193	94	0
91	167	0
67	17	0
75	10	0
180	165	0
207	123	0
189	77	0
163	116	0
171	89	0
206	145	0
32	143	0
86	91	0
164	58	0
63	85	0
140	1	0
48	34	0
4	196	0
20	90	0
85	170	0
2	165	0
181	153	0
122	73	0
16	133	0
174	97	0
71	41	0
124	45	0
64	87	0
41	182	0
112	79	0
197	60	0
42	33	0
186	147	0
104	89	0
104	125	0
5	113	0
116	124	0
169	28	0
121	68	0
75	26	0
37	74	0
121	25	0
147	91	0
191	158	0
156	160	0
37	150	0
150	117	0
87	115	0
155	83	0
83	72	0
187	142	0
174	60	0
189	89	0
111	11	0
101	133	0
177	9	0
138	86	0
184	58	0
138	69	0
153	103	0
204	203	0
109	1	0
129	167	0
18	73	0
76	102	0
193	147	0
44	114	0
14	28	0
7	55	0
5	53	0
138	197	0
50	201	0
42	161	0
150	80	0
200	76	0
136	96	0
61	54	0
164	200	0
125	144	0
132	192	0
115	79	0
134	155	0
123	85	0
172	145	0
54	15	0
54	85	0
107	137	0
65	53	0
25	203	0
24	174	0
77	156	0
123	15	0
73	134	0
114	19	0
136	4	0
125	106	0
20	58	0
60	28	0
144	64	0
206	72	0
8	58	0
22	184	0
125	36	0
182	135	0
196	82	0
116	70	0
108	116	0
133	168	0
103	85	0
70	75	0
112	133	0
61	31	0
208	6	0
1	42	0
136	193	0
101	200	0
161	156	0
152	34	0
120	181	0
145	143	0
126	113	0
164	4	0
151	101	0
25	15	0
7	49	0
187	33	0
6	113	0
59	202	0
163	114	0
64	154	0
90	12	0
86	120	0
21	197	0
207	90	0
59	35	0
63	171	0
8	106	0
174	22	0
106	106	0
178	181	0
81	30	0
1	173	0
200	7	0
79	19	0
208	61	0
88	164	0
16	163	0
59	183	0
205	199	0
18	51	0
62	160	0
142	102	0
143	78	0
78	142	0
146	103	0
71	84	0
116	67	0
2	187	0
140	94	0
97	161	0
124	56	0
148	75	0
172	19	0
11	134	0
152	97	0
75	167	0
112	180	0
99	164	0
78	10	0
145	8	0
7	116	0
10	112	0
70	135	0
30	107	0
24	130	0
33	117	0
8	41	0
32	142	0
25	96	0
39	168	0
153	3	0
24	119	0
84	159	0
7	46	0
164	187	0
190	90	0
9	94	0
65	159	0
24	64	0
118	148	0
167	2	0
39	18	0
35	20	0
148	120	0
100	68	0
69	165	0
37	89	0
141	133	0
172	41	0
152	129	0
8	78	0
96	119	0
56	9	0
11	141	0
62	30	0
208	55	0
155	94	0
196	55	0
29	167	0
193	109	0
74	57	0
141	62	0
19	200	0
122	123	0
77	110	0
128	177	0
21	51	0
100	129	0
76	122	0
1	182	0
163	44	0
105	116	0
176	29	0
128	32	0
196	35	0
200	89	0
193	189	0
156	68	0
15	29	0
103	81	0
206	32	0
5	16	0
171	85	0
126	143	0
89	140	0
140	12	0
32	70	0
52	185	0
38	38	0
58	128	0
177	130	0
56	105	0
30	114	0
187	195	0
101	124	0
195	160	0
13	38	0
201	178	0
138	135	0
128	140	0
129	203	0
26	147	0
0	154	0
57	123	0
177	29	0
160	38	0
84	118	0
32	168	0
148	59	0
180	94	0
197	43	0
146	179	0
0	74	0
141	59	0
121	3	0
44	136	0
170	133	0
70	139	0
76	24	0
203	117	0
91	24	0
15	118	0
86	35	0
28	55	0
70	186	0
57	129	0
209	63	0
144	30	0
74	78	0
148	106	0
100	13	0
187	6	0
169	83	0
145	53	0
20	108	0
1	58	0
139	14	0
200	192	0
80	5	0
5	56	0
57	72	0
152	83	0
15	151	0
140	70	0
148	100	0
136	89	0
78	53	0
137	98	0
1	184	0
91	56	0
30	52	0
190	127	0
13	60	0
70	0	0
72	15	0
154	182	0
107	173	0
123	196	0
191	187	0
157	79	0
194	140	0
24	60	0
133	187	0
192	188	0
190	63	0
39	20	0
159	21	0
164	16	0
189	187	0
113	100	0
72	46	0
149	24	0
105	49	0
29	42	0
162	55	0
88	11	0
86	165	0
145	104	0
155	156	0
141	63	0
173	122	0
147	199	0
137	39	0
182	193	0
40	95	0
87	73	0
138	90	0
133	153	0
12	3	0
183	167	0
70	60	0
202	155	0
105	18	0
189	44	0
132	95	0
39	131	0
22	159	0
182	130	0
159	67	0
125	21	0
101	80	0
22	27	0
137	180	0
156	12	0
48	49	0
61	24	0
5	8	0
25	76	0
110	201	0
58	122	0
126	54	0
145	85	0
54	109	0
204	1	0
52	79	0
179	164	0
78	109	0
71	134	0
46	193	0
148	172	0
134	169	0
100	51	0
114	41	0
101	30	0
92	195	0
183	138	0
73	87	0
203	170	0
207	189	0
55	30	0
148	142	0
37	108	0
207	88	0
26	89	0
182	102	0
86	155	0
175	12	0
199	130	0
137	167	0
127	77	0
50	79	0
31	5	0
76	128	0
159	14	0
185	44	0
172	6	0
179	159	0
179	112	0
166	115	0
13	139	0
129	192	0
15	152	0
5	21	0
173	77	0
196	145	0
103	43	0
176	13	0
120	42	0
74	97	0
204	78	0
138	103	0
64	76	0
153	54	0
108	180	0
48	15	0
107	199	0
147	9	0
35	41	0
66	180	0
23	152	0
35	146	0
209	19	0
70	15	0
189	148	0
199	41	0
50	26	0
83	36	0
126	137	0
136	30	0
11	0	0
75	74	0
156	158	0
32	47	0
64	170	0
129	99	0
137	83	0
74	154	0
99	167	0
22	139	0
1	195	0
113	97	0
106	96	0
52	35	0
198	22	0
41	20	0
67	18	0
165	103	0
138	25	0
0	192	0
189	10	0
85	175	0
21	21	0
79	187	0
180	26	0
50	49	0
19	193	0
19	148	0
97	9	0
71	31	0
23	92	0
142	58	0
151	41	0
92	171	0
173	25	0
118	100	0
205	1	0
85	178	0
55	59	0
49	3	0
207	134	0
117	90	0
172	113	0
20	126	0
27	77	0
62	104	0
29	176	0
195	9	0
183	186	0
171	184	0
129	170	0
183	20	0
157	76	0
69	145	0
108	71	0
208	64	0
161	134	0
131	151	0
104	30	0
161	21	0
62	91	0
165	195	0
73	31	0
31	193	0
111	9	0
146	151	0
181	103	0
135	130	0
110	20	0
38	104	0
111	66	0
99	114	0
115	73	0
78	180	0
69	0	0
32	59	0
126	90	0
126	117	0
159	37	0
63	60	0
115	182	0
5	60	0
28	109	0
87	29	0
110	128	0
152	153	0
100	127	0
149	108	0
135	188	0
136	127	0
70	199	0
98	52	0
192	14	0
97	100	0
38	2	0
182	71	0
116	115	0
171	37	0
166	0	0
15	128	0
123	62	0
37	184	0
95	192	0
75	180	0
141	14	0
10	83	0
124	31	0
143	157	0
159	173	0
32	37	0
30	12	0
89	73	0
209	85	0
163	157	0
14	176	0
101	123	0
47	120	0
153	9	0
119	55	0
143	102	0
36	81	0
34	113	0
77	23	0
90	147	0
117	76	0
29	39	0
184	20	0
154	194	0
150	3	0
147	88	0
141	123	0
87	78	0
106	177	0
166	151	0
61	130	0
39	135	0
154	69	0
139	52	0
170	106	0
132	120	0
14	37	0
168	89	0
160	138	0
184	39	0
140	96	0
26	38	0
76	83	0
145	4	0
98	41	0
45	135	0
30	73	0
207	152	0
208	138	0
177	19	0
103	13	0
27	9	0
58	194	0
168	21	0
193	176	0
200	111	0
184	177	0
38	62	0
125	83	0
49	148	0
139	32	0
108	167	0
138	23	0
82	88	0
21	19	0
91	84	0
167	23	0
204	123	0
61	141	0
128	98	0
112	115	0
82	117	0
14	194	0
140	46	0
18	197	0
40	9	0
30	174	0
1	29	0
9	185	0
177	87	0
164	178	0
147	68	0
171	22	0
111	198	0
70	119	0
118	108	0
172	58	0
89	74	0
209	131	0
196	181	0
24	194	0
52	82	0
107	79	0
10	151	0
77	175	0
25	123	0
117	198	0
59	165	0
200	87	0
209	192	0
96	73	0
40	139	0
156	13	0
153	175	0
35	48	0
150	14	0
4	63	0
101	16	0
3	186	0
192	118	0
35	139	0
55	0	0
154	41	0
56	154	0
93	36	0
148	34	0
196	130	0
209	57	0
5	144	0
98	49	0
104	67	0
184	172	0
89	96	0
105	196	0
47	23	0
169	158	0
105	194	0
186	153	0
34	155	0
145	189	0
7	149	0
80	147	0
159	50	0
94	45	0
36	119	0
151	56	0
58	100	0
164	158	0
166	59	0
7	11	0
160	136	0
5	129	0
38	26	0
128	189	0
169	152	0
101	46	0
204	30	0
55	124	0
73	83	0
66	76	0
198	19	0
168	137	0
50	122	0
130	109	0
36	171	0
40	186	0
42	154	0
99	194	0
65	130	0
117	180	0
170	144	0
164	56	0
69	51	0
199	181	0
100	169	0
89	22	0
180	190	0
155	173	0
6	69	0
88	93	0
93	102	0
159	12	0
4	191	0
91	107	0
78	100	0
12	137	0
92	74	0
21	75	0
155	96	0
81	23	0
76	56	0
50	138	0
205	84	0
117	125	0
100	123	0
58	13	0
57	136	0
191	42	0
26	17	0
129	200	0
47	15	0
105	164	0
11	149	0
9	68	0
193	191	0
94	111	0
185	178	0
190	34	0
97	35	0
128	67	0
74	172	0
86	15	0
40	70	0
198	43	0
196	15	0
174	72	0
107	153	0
170	187	0
64	140	0
115	115	0
2	49	0
39	193	0
15	163	0
194	191	0
112	50	0
197	110	0
35	90	0
112	8	0
79	171	0
94	63	0
89	98	0
107	91	0
134	153	0
88	191	0
154	53	0
16	153	0
41	106	0
115	82	0
78	11	0
184	14	0
12	178	0
115	199	0
208	185	0
106	88	0
4	2	0
40	72	0
116	156	0
148	201	0
97	150	0
91	10	0
9	171	0
193	179	0
34	140	0
139	135	0
29	96	0
124	169	0
148	32	0
160	15	0
20	161	0
38	134	0
32	109	0
134	48	0
173	192	0
195	82	0
21	84	0
87	17	0
179	76	0
122	125	0
151	73	0
64	93	0
113	69	0
173	97	0
10	170	0
47	8	0
206	21	0
122	145	0
56	57	0
138	200	0
94	203	0
66	121	0
96	161	0
100	171	0
128	115	0
52	156	0
169	85	0
78	59	0
47	138	0
209	17	0
169	65	0
25	23	0
169	100	0
189	6	0
30	190	0
129	112	0
196	156	0
195	123	0
137	139	0
142	185	0
132	173	0
4	121	0
114	26	0
56	103	0
196	99	0
141	3	0
65	188	0
100	168	0
43	84	0
186	92	0
111	71	0
127	81	0
103	171	0
96	189	0
55	168	0
122	64	0
106	1	0
191	109	0
66	70	0
150	149	0
53	43	0
1	26	0
65	57	0
176	129	0
92	138	0
161	142	0
202	194	0
195	90	0
80	20	0
99	37	0
85	147	0
64	11	0
67	10	0
150	102	0
121	160	0
174	39	0
38	162	0
19	181	0
152	185	0
25	151	0
203	115	0
28	159	0
97	83	0
49	151	0
69	78	0
153	57	0
107	17	0
13	26	0
96	172	0
12	151	0
77	199	0
110	203	0
194	105	0
141	13	0
133	14	0
8	82	0
74	54	0
23	59	0
36	132	0
55	83	0
92	85	0
88	183	0
32	201	0
207	23	0
150	70	0
47	69	0
209	143	0
71	93	0
177	5	0
121	5	0
24	82	0
51	132	0
154	127	0
52	158	0
105	160	0
155	66	0
206	66	0
148	109	0
187	5	0
1	190	0
117	28	0
70	111	0
194	185	0
54	76	0
44	124	0
61	181	0
192	5	0
91	113	0
61	161	0
93	92	0
163	164	0
33	3	0
62	44	0
197	51	0
53	129	0
154	104	0
112	83	0
21	198	0
148	183	0
183	83	0
184	108	0
127	144	0
11	72	0
77	33	0
192	76	0
94	58	0
9	140	0
79	78	0
140	180	0
56	64	0
79	54	0
206	184	0
180	53	0
25	165	0
40	82	0
42	22	0
78	121	0
40	142	0
86	84	0
12	160	0
209	83	0
74	124	0
126	93	0
186	85	0
97	162	0
43	9	0
203	44	0
14	71	0
142	76	0
87	162	0
194	114	0
47	68	0
80	26	0
108	12	0
189	122	0
93	27	0
32	83	0
120	83	0
113	95	0
185	52	0
173	160	0
174	193	0
34	13	0
174	180	0
8	92	0
4	163	0
114	151	0
126	41	0
20	1	0
45	185	0
48	161	0
81	93	0
159	194	0
48	1	0
89	3	0
31	168	0
186	136	0
145	24	0
184	147	0
116	106	0
50	124	0
168	45	0
184	121	0
149	170	0
191	89	0
179	83	0
188	183	0
31	18	0
98	24	0
84	23	0
46	123	0
191	185	0
2	7	0
79	118	0
105	130	0
153	165	0
154	188	0
91	187	0
144	196	0
82	13	0
141	69	0
76	161	0
53	5	0
4	29	0
157	169	0
7	3	0
160	67	0
206	178	0
78	112	0
209	158	0
132	159	0
199	40	0
79	25	0
22	106	0
93	171	0
0	145	0
101	202	0
62	62	0
202	89	0
139	54	0
113	5	0
187	143	0
38	115	0
149	94	0
120	108	0
12	132	0
83	111	0
207	113	0
34	169	0
196	1	0
161	34	0
70	4	0
198	18	0
57	39	0
87	97	0
54	127	0
191	52	0
140	120	0
75	51	0
187	194	0
18	94	0
18	178	0
174	15	0
54	183	0
74	178	0
99	85	0
150	92	0
117	50	0
36	9	0
161	170	0
108	43	0
14	29	0
36	199	0
40	179	0
44	121	0
181	129	0
72	113	0
179	10	0
40	162	0
90	135	0
134	32	0
200	132	0
47	7	0
14	93	0
198	179	0
34	23	0
202	102	0
99	163	0
133	146	0
140	27	0
190	78	0
74	82	0
177	30	0
160	75	0
17	115	0
130	108	0
90	69	0
110	17	0
201	46	0
94	79	0
144	152	0
111	134	0
178	148	0
130	19	0
203	30	0
11	137	0
170	194	0
23	173	0
189	136	0
43	32	0
130	156	0
68	22	0
204	159	0
25	1	0
29	123	0
41	3	0
23	104	0
89	18	0
123	116	0
60	103	0
99	159	0
18	76	0
103	105	0
65	165	0
142	7	0
135	8	0
186	7	0
74	48	0
201	61	0
24	41	0
146	40	0
57	41	0
121	202	0
93	7	0
183	23	0
47	141	0
109	2	0
44	91	0
33	12	0
133	23	0
155	21	0
50	65	0
167	16	0
72	12	0
20	195	0
34	116	0
180	47	0
34	115	0
27	29	0
165	114	0
165	124	0
154	16	0
156	35	0
26	191	0
187	155	0
208	190	0
28	12	0
107	27	0
59	76	0
104	25	0
83	37	0
191	114	0
156	131	0
98	7	0
76	106	0
1	69	0
16	127	0
129	140	0
11	80	0
95	123	0
104	178	0
158	158	0
52	143	0
5	2	0
48	19	0
134	94	0
164	122	0
7	70	0
58	86	0
171	18	0
99	175	0
69	15	0
201	112	0
66	124	0
92	1	0
135	166	0
131	4	0
78	197	0
97	90	0
75	85	0
19	63	0
177	153	0
190	44	0
23	140	0
41	100	0
25	11	0
0	99	0
30	170	0
183	183	0
168	100	0
18	103	0
8	94	0
55	169	0
25	75	0
190	99	0
166	42	0
106	56	0
7	179	0
14	122	0
126	51	0
19	103	0
98	96	0
204	143	0
77	74	0
73	145	0
95	144	0
38	31	0
36	49	0
108	136	0
2	202	0
147	26	0
62	141	0
90	194	0
173	121	0
183	6	0
202	81	0
162	17	0
98	197	0
150	17	0
72	29	0
44	155	0
141	94	0
145	146	0
163	26	0
133	29	0
183	180	0
82	111	0
72	7	0
137	66	0
164	177	0
107	52	0
0	81	0
187	66	0
150	86	0
141	46	0
59	118	0
51	131	0
61	91	0
176	78	0
77	189	0
127	122	0
140	183	0
140	52	0
189	20	0
65	152	0
135	116	0
113	54	0
79	139	0
32	21	0
172	111	0
147	55	0
136	174	0
148	200	0
95	188	0
180	42	0
102	58	0
6	163	0
106	159	0
85	161	0
108	64	0
119	145	0
53	199	0
19	12	0
195	31	0
65	161	0
116	15	0
20	79	0
166	121	0
165	83	0
90	90	0
120	60	0
4	75	0
203	150	0
99	18	0
60	124	0
169	143	0
14	185	0
152	183	0
201	117	0
5	24	0
153	71	0
116	174	0
113	78	0
80	164	0
134	95	0
147	185	0
104	107	0
34	93	0
83	152	0
24	29	0
198	92	0
58	98	0
206	134	0
179	135	0
2	176	0
156	181	0
136	171	0
74	159	0
116	75	0
97	43	0
34	36	0
154	5	0
22	9	0
48	88	0
95	145	0
117	11	0
10	80	0
145	148	0
186	198	0
200	180	0
179	78	0
106	21	0
97	12	0
161	61	0
152	27	0
40	123	0
183	198	0
106	130	0
206	189	0
57	38	0
115	113	0
30	127	0
132	141	0
33	110	0
106	157	0
49	11	0
177	81	0
49	118	0
159	49	0
206	107	0
11	60	0
132	74	0
113	121	0
31	25	0
192	87	0
67	140	0
55	183	0
178	184	0
138	88	0
59	21	0
208	186	0
27	128	0
99	180	0
8	198	0
96	58	0
160	45	0
18	46	0
57	54	0
200	12	0
171	179	0
90	189	0
173	30	0
10	143	0
24	165	0
32	113	0
107	22	0
47	12	0
168	98	0
165	198	0
31	80	0
186	22	0
46	150	0
86	135	0
198	24	0
113	17	0
182	95	0
176	173	0
30	166	0
67	157	0
107	77	0
26	128	0
180	175	0
59	153	0
91	100	0
131	137	0
64	103	0
9	120	0
144	53	0
40	39	0
69	155	0
70	43	0
80	23	0
38	99	0
134	148	0
160	110	0
10	155	0
52	37	0
199	162	0
3	98	0
38	136	0
142	191	0
37	55	0
7	18	0
78	56	0
202	33	0
158	67	0
149	138	0
187	162	0
99	203	0
202	51	0
165	55	0
209	40	0
143	165	0
103	180	0
163	21	0
43	90	0
195	24	0
44	8	0
10	178	0
181	171	0
88	131	0
54	90	0
151	28	0
190	12	0
206	171	0
165	191	0
157	15	0
202	107	0
180	132	0
170	44	0
173	132	0
96	169	0
46	53	0
129	24	0
63	141	0
188	108	0
80	110	0
89	202	0
185	69	0
14	179	0
86	152	0
21	86	0
165	162	0
98	92	0
82	175	0
48	39	0
29	113	0
193	163	0
124	176	0
76	39	0
189	37	0
169	29	0
167	203	0
90	37	0
26	203	0
36	21	0
48	125	0
103	120	0
95	118	0
1	77	0
141	35	0
164	32	0
191	83	0
194	85	0
34	72	0
207	179	0
86	13	0
155	136	0
31	138	0
105	179	0
122	164	0
151	19	0
169	135	0
143	100	0
29	115	0
171	2	0
156	121	0
130	87	0
106	102	0
154	85	0
81	96	0
158	167	0
106	58	0
144	43	0
203	7	0
207	160	0
110	53	0
161	119	0
56	44	0
125	203	0
177	96	0
127	30	0
37	195	0
23	164	0
190	36	0
164	139	0
71	108	0
29	131	0
127	9	0
130	94	0
193	199	0
101	110	0
89	187	0
132	17	0
181	69	0
177	192	0
118	141	0
203	98	0
8	10	0
31	139	0
39	41	0
5	79	0
45	4	0
57	57	0
178	94	0
81	123	0
2	179	0
106	161	0
26	78	0
42	148	0
5	105	0
198	68	0
201	105	0
199	27	0
64	98	0
150	113	0
18	101	0
25	61	0
141	185	0
13	174	0
92	70	0
127	178	0
114	88	0
109	191	0
64	178	0
192	1	0
103	116	0
6	134	0
25	35	0
79	4	0
172	91	0
25	40	0
70	145	0
102	8	0
154	164	0
44	184	0
174	102	0
82	188	0
74	142	0
38	63	0
26	30	0
146	203	0
15	179	0
181	201	0
36	175	0
171	87	0
92	150	0
11	152	0
38	145	0
68	129	0
103	79	0
168	33	0
2	67	0
202	23	0
16	121	0
190	108	0
71	33	0
194	171	0
142	87	0
5	187	0
170	37	0
129	76	0
188	149	0
44	172	0
86	58	0
184	71	0
206	75	0
164	106	0
139	50	0
200	40	0
202	132	0
42	156	0
44	130	0
33	165	0
194	23	0
125	1	0
121	155	0
22	64	0
133	63	0
143	111	0
51	121	0
143	60	0
89	175	0
148	182	0
184	15	0
186	132	0
14	86	0
131	142	0
136	180	0
172	194	0
165	34	0
165	140	0
135	36	0
182	7	0
103	197	0
17	191	0
181	119	0
64	125	0
12	81	0
155	161	0
172	45	0
144	112	0
92	8	0
143	182	0
102	196	0
3	34	0
141	189	0
112	122	0
172	192	0
74	64	0
153	144	0
118	132	0
176	28	0
157	90	0
4	105	0
101	28	0
44	158	0
170	124	0
195	40	0
188	39	0
51	142	0
