0	4	1
0	165	1
1	5	1
1	152	1
1	156	1
1	161	1
1	162	1
1	163	1
1	164	1
2	17	1
2	60	1
2	61	1
2	62	1
2	63	1
2	64	1
3	6	1
3	7	1
3	8	1
3	9	1
3	10	1
3	11	1
3	131	1
3	138	1
3	190	1
4	89	1
5	25	1
5	26	1
5	27	1
5	28	1
5	29	1
5	30	1
5	31	1
5	32	1
5	33	1
5	34	1
5	35	1
5	36	1
5	37	1
5	38	1
5	134	1
6	3	1
6	110	1
6	143	1
6	144	1
6	145	1
7	162	1
7	164	1
8	88	1
9	126	1
9	130	1
9	133	1
9	147	1
9	149	1
9	150	1
9	151	1
9	152	1
9	153	1
9	156	1
9	157	1
9	158	1
9	159	1
9	160	1
9	199	1
10	88	1
11	49	1
11	65	1
11	196	1
12	25	1
12	26	1
12	27	1
12	28	1
12	29	1
12	30	1
12	31	1
12	32	1
12	33	1
12	34	1
12	35	1
12	36	1
12	37	1
12	38	1
12	39	1
12	46	1
12	47	1
12	48	1
12	134	1
13	0	1
13	19	1
13	23	1
13	24	1
13	40	1
13	41	1
13	43	1
13	44	1
13	45	1
13	50	1
13	51	1
13	52	1
13	53	1
13	68	1
13	69	1
13	70	1
13	71	1
13	72	1
13	73	1
13	74	1
13	75	1
13	76	1
13	77	1
13	78	1
13	79	1
13	80	1
13	81	1
13	82	1
13	83	1
13	84	1
13	85	1
13	86	1
13	87	1
13	88	1
13	89	1
13	90	1
13	91	1
13	92	1
13	93	1
13	94	1
13	95	1
13	96	1
13	97	1
13	99	1
13	100	1
13	101	1
13	102	1
13	103	1
13	105	1
13	106	1
13	107	1
13	108	1
13	109	1
13	110	1
13	111	1
13	112	1
13	113	1
13	114	1
13	115	1
13	116	1
13	124	1
13	125	1
13	128	1
13	135	1
13	136	1
13	140	1
13	142	1
13	166	1
13	181	1
13	183	1
13	184	1
13	185	1
13	186	1
13	191	1
13	193	1
13	195	1
13	198	1
13	200	1
13	202	1
13	203	1
14	126	1
14	130	1
14	133	1
14	147	1
14	149	1
14	150	1
14	151	1
14	152	1
14	153	1
14	156	1
14	157	1
14	158	1
14	159	1
14	160	1
14	199	1
15	168	1
15	170	1
15	171	1
15	173	1
15	174	1
16	94	1
16	107	1
16	108	1
16	109	1
17	25	1
17	26	1
17	27	1
17	28	1
17	29	1
17	30	1
17	31	1
17	32	1
17	33	1
17	34	1
17	35	1
17	36	1
17	37	1
17	38	1
17	134	1
18	25	1
18	26	1
18	27	1
18	28	1
18	29	1
18	30	1
19	2	1
19	16	1
19	42	1
19	66	1
19	67	1
19	126	1
19	127	1
19	129	1
19	130	1
19	132	1
19	133	1
19	141	1
19	143	1
19	144	1
19	145	1
19	147	1
19	149	1
19	150	1
19	151	1
19	152	1
19	153	1
19	156	1
19	157	1
19	158	1
19	159	1
19	160	1
19	168	1
19	169	1
19	170	1
19	171	1
19	172	1
19	173	1
19	174	1
19	175	1
19	176	1
19	177	1
19	178	1
19	179	1
19	180	1
19	187	1
19	188	1
19	189	1
19	192	1
19	197	1
19	199	1
19	201	1
20	89	1
20	98	1
21	3	1
21	89	1
21	166	1
22	25	1
23	105	1
24	84	1
24	111	1
25	170	1
25	171	1
25	173	1
25	174	1
25	175	1
25	177	1
25	180	1
25	187	1
25	188	1
25	189	1
25	201	1
26	75	1
26	88	1
26	110	1
27	146	1
27	148	1
27	149	1
27	150	1
27	152	1
27	154	1
27	155	1
28	146	1
28	148	1
28	149	1
28	150	1
28	152	1
28	154	1
28	155	1
28	156	1
28	186	1
29	72	1
30	162	1
30	163	1
31	94	1
32	89	1
32	98	1
33	89	1
33	166	1
34	189	1
35	162	1
35	164	1
36	89	1
37	2	1
37	42	1
37	66	1
37	67	1
37	127	1
37	129	1
37	132	1
37	141	1
37	143	1
37	144	1
37	145	1
37	168	1
37	169	1
37	170	1
37	171	1
37	172	1
37	173	1
37	174	1
37	175	1
37	176	1
37	177	1
37	178	1
37	179	1
37	180	1
37	187	1
37	188	1
37	189	1
37	192	1
37	197	1
37	201	1
38	170	1
38	171	1
38	173	1
38	177	1
38	180	1
38	201	1
39	49	1
39	65	1
39	196	1
40	65	1
41	25	1
42	25	1
43	146	1
43	148	1
43	149	1
43	150	1
43	152	1
43	154	1
43	155	1
44	109	1
45	187	1
46	7	1
46	8	1
46	9	1
46	13	1
46	15	1
46	25	1
46	26	1
46	27	1
46	28	1
46	29	1
46	30	1
46	31	1
46	32	1
46	33	1
46	34	1
46	35	1
46	36	1
46	37	1
46	38	1
46	131	1
46	134	1
46	138	1
46	190	1
47	146	1
48	2	1
48	42	1
48	66	1
48	67	1
48	126	1
48	127	1
48	129	1
48	130	1
48	132	1
48	133	1
48	141	1
48	143	1
48	144	1
48	145	1
48	147	1
48	149	1
48	150	1
48	151	1
48	152	1
48	153	1
48	156	1
48	157	1
48	158	1
48	159	1
48	160	1
48	168	1
48	169	1
48	170	1
48	171	1
48	172	1
48	173	1
48	174	1
48	175	1
48	176	1
48	177	1
48	178	1
48	179	1
48	180	1
48	187	1
48	188	1
48	189	1
48	192	1
48	197	1
48	199	1
48	201	1
49	49	1
49	65	1
49	196	1
50	105	1
51	88	1
52	7	1
52	8	1
52	9	1
52	13	1
52	15	1
52	131	1
52	138	1
52	190	1
53	22	1
53	119	1
53	120	1
53	121	1
53	122	1
53	123	1
53	143	1
53	144	1
53	145	1
53	194	1
54	25	1
54	26	1
54	27	1
54	28	1
54	29	1
54	30	1
54	31	1
54	32	1
54	33	1
54	34	1
54	35	1
54	36	1
54	37	1
54	38	1
54	39	1
54	134	1
55	152	1
56	16	1
56	46	1
56	47	1
56	48	1
57	25	1
57	55	1
57	146	1
58	126	1
58	130	1
58	133	1
58	146	1
58	147	1
58	149	1
58	150	1
58	151	1
58	153	1
58	156	1
58	157	1
58	158	1
58	159	1
58	160	1
58	187	1
58	188	1
58	189	1
58	199	1
59	187	1
59	188	1
59	189	1
60	2	1
60	25	1
60	42	1
60	46	1
60	50	1
60	66	1
60	67	1
60	105	1
60	110	1
60	127	1
60	129	1
60	132	1
60	136	1
60	137	1
60	141	1
60	168	1
60	169	1
60	170	1
60	171	1
60	172	1
60	173	1
60	174	1
60	175	1
60	176	1
60	177	1
60	178	1
60	179	1
60	180	1
60	187	1
60	188	1
60	189	1
60	192	1
60	197	1
60	201	1
61	25	1
61	46	1
61	50	1
61	68	1
62	25	1
62	46	1
62	50	1
62	68	1
63	25	1
63	26	1
63	27	1
63	28	1
63	29	1
63	30	1
63	31	1
63	32	1
63	33	1
63	34	1
63	35	1
63	36	1
63	37	1
63	38	1
63	46	1
63	50	1
63	68	1
63	134	1
64	25	1
64	46	1
64	50	1
64	68	1
65	25	1
65	26	1
65	27	1
65	28	1
65	29	1
65	30	1
65	31	1
65	32	1
65	33	1
65	34	1
65	35	1
65	36	1
65	37	1
65	38	1
65	46	1
65	47	1
65	48	1
65	50	1
65	68	1
65	134	1
66	25	1
66	26	1
66	27	1
66	28	1
66	29	1
66	30	1
66	31	1
66	32	1
66	33	1
66	34	1
66	35	1
66	36	1
66	37	1
66	38	1
66	134	1
67	25	1
67	26	1
67	27	1
67	28	1
67	29	1
67	30	1
67	31	1
67	32	1
67	33	1
67	34	1
67	35	1
67	36	1
67	37	1
67	38	1
67	39	1
67	46	1
67	47	1
67	48	1
67	134	1
68	25	1
68	26	1
68	27	1
68	28	1
68	29	1
68	30	1
68	31	1
68	32	1
68	33	1
68	34	1
68	35	1
68	36	1
68	37	1
68	38	1
68	134	1
69	126	1
69	130	1
69	133	1
69	147	1
69	149	1
69	150	1
69	151	1
69	153	1
69	156	1
69	157	1
69	158	1
69	159	1
69	160	1
69	199	1
70	152	1
71	2	1
71	42	1
71	66	1
71	67	1
71	127	1
71	129	1
71	132	1
71	141	1
71	143	1
71	144	1
71	145	1
71	168	1
71	169	1
71	170	1
71	171	1
71	172	1
71	173	1
71	174	1
71	175	1
71	176	1
71	177	1
71	178	1
71	179	1
71	180	1
71	187	1
71	188	1
71	189	1
71	192	1
71	197	1
71	201	1
72	65	1
73	13	1
74	89	1
75	89	1
76	162	1
77	6	1
77	7	1
77	8	1
77	9	1
77	10	1
77	11	1
77	131	1
77	138	1
77	190	1
78	168	1
78	170	1
78	171	1
78	173	1
78	174	1
79	68	1
79	69	1
79	70	1
79	72	1
79	77	1
79	170	1
79	173	1
79	174	1
80	71	1
80	168	1
80	170	1
80	171	1
80	173	1
80	174	1
81	2	1
81	42	1
81	66	1
81	67	1
81	127	1
81	129	1
81	132	1
81	141	1
81	143	1
81	144	1
81	145	1
81	168	1
81	169	1
81	170	1
81	171	1
81	172	1
81	173	1
81	174	1
81	175	1
81	176	1
81	177	1
81	178	1
81	179	1
81	180	1
81	187	1
81	188	1
81	189	1
81	192	1
81	197	1
81	201	1
82	70	1
82	74	1
82	75	1
82	78	1
82	94	1
82	170	1
82	174	1
83	2	1
83	42	1
83	66	1
83	67	1
83	127	1
83	129	1
83	132	1
83	141	1
83	143	1
83	144	1
83	145	1
83	168	1
83	169	1
83	170	1
83	171	1
83	172	1
83	173	1
83	174	1
83	175	1
83	176	1
83	177	1
83	178	1
83	179	1
83	180	1
83	187	1
83	188	1
83	189	1
83	192	1
83	197	1
83	201	1
84	195	1
85	20	1
85	21	1
85	49	1
85	65	1
85	196	1
86	74	1
87	68	1
87	69	1
87	72	1
87	74	1
87	77	1
87	146	1
87	148	1
87	149	1
87	150	1
87	152	1
87	154	1
87	155	1
88	146	1
88	148	1
88	149	1
88	150	1
88	152	1
88	154	1
88	155	1
89	72	1
89	146	1
89	148	1
89	149	1
89	150	1
89	152	1
89	154	1
89	155	1
89	186	1
90	44	1
90	71	1
90	72	1
90	74	1
90	87	1
90	104	1
90	128	1
90	146	1
90	148	1
90	149	1
90	150	1
90	152	1
90	154	1
90	155	1
90	184	1
90	186	1
90	202	1
91	44	1
91	88	1
91	104	1
92	88	1
92	98	1
92	103	1
92	170	1
92	175	1
92	176	1
92	180	1
92	183	1
92	193	1
92	202	1
93	117	1
93	118	1
93	126	1
93	127	1
93	130	1
93	139	1
93	157	1
93	158	1
93	159	1
93	160	1
93	167	1
93	188	1
93	189	1
93	199	1
94	105	1
95	105	1
96	105	1
97	105	1
98	105	1
99	20	1
99	21	1
99	49	1
99	65	1
99	196	1
100	20	1
100	21	1
100	49	1
100	65	1
100	196	1
101	25	1
102	25	1
103	25	1
104	152	1
105	146	1
105	189	1
106	16	1
106	17	1
106	25	1
106	26	1
106	27	1
106	28	1
106	29	1
106	30	1
106	60	1
106	61	1
106	62	1
106	63	1
106	64	1
107	6	1
107	7	1
107	8	1
107	9	1
107	11	1
107	12	1
107	13	1
107	14	1
107	15	1
107	49	1
107	65	1
107	131	1
107	138	1
107	190	1
107	196	1
108	146	1
108	148	1
108	149	1
108	150	1
108	152	1
108	154	1
108	155	1
108	156	1
108	186	1
109	152	1
109	156	1
110	146	1
110	148	1
110	149	1
110	150	1
110	152	1
110	154	1
110	155	1
110	156	1
110	186	1
111	146	1
111	148	1
111	149	1
111	150	1
111	152	1
111	154	1
111	155	1
111	156	1
111	186	1
112	146	1
112	148	1
112	149	1
112	150	1
112	152	1
112	154	1
112	155	1
112	156	1
112	186	1
113	143	1
113	144	1
113	145	1
113	146	1
113	148	1
113	149	1
113	150	1
113	152	1
113	154	1
113	155	1
113	156	1
113	186	1
114	146	1
114	148	1
114	149	1
114	150	1
114	152	1
114	154	1
114	155	1
114	156	1
114	186	1
115	7	1
116	7	1
117	7	1
118	7	1
119	105	1
120	16	1
120	50	1
120	51	1
120	52	1
120	53	1
120	54	1
120	55	1
120	57	1
120	58	1
120	59	1
120	126	1
120	130	1
120	133	1
120	147	1
120	149	1
120	150	1
120	151	1
120	152	1
120	153	1
120	156	1
120	157	1
120	158	1
120	159	1
120	160	1
120	199	1
121	7	1
122	109	1
123	94	1
124	108	1
125	108	1
125	109	1
126	109	1
127	109	1
128	94	1
128	107	1
128	108	1
128	109	1
129	111	1
130	13	1
131	13	1
132	13	1
133	25	1
134	170	1
134	175	1
134	180	1
135	89	1
136	16	1
137	109	1
138	146	1
138	148	1
138	149	1
138	150	1
138	152	1
138	154	1
138	155	1
138	156	1
138	186	1
139	25	1
140	51	1
140	105	1
141	143	1
141	144	1
141	145	1
142	146	1
142	148	1
142	149	1
142	150	1
142	152	1
142	154	1
142	155	1
142	156	1
142	186	1
143	2	1
143	42	1
143	66	1
143	67	1
143	127	1
143	129	1
143	132	1
143	141	1
143	143	1
143	144	1
143	145	1
143	168	1
143	169	1
143	170	1
143	171	1
143	172	1
143	173	1
143	174	1
143	175	1
143	176	1
143	177	1
143	178	1
143	179	1
143	180	1
143	187	1
143	188	1
143	189	1
143	192	1
143	197	1
143	201	1
144	143	1
144	144	1
144	145	1
145	108	1
146	72	1
146	83	1
146	94	1
146	146	1
146	148	1
146	149	1
146	150	1
146	152	1
146	154	1
146	155	1
146	156	1
146	186	1
147	3	1
147	110	1
147	143	1
147	144	1
147	145	1
148	107	1
149	98	1
150	162	1
151	3	1
151	110	1
151	143	1
151	144	1
151	145	1
152	156	1
153	98	1
154	166	1
155	98	1
156	170	1
156	174	1
157	20	1
157	21	1
157	46	1
157	47	1
157	49	1
157	65	1
157	182	1
157	196	1
158	146	1
158	148	1
158	149	1
158	150	1
158	152	1
158	154	1
158	155	1
158	156	1
158	186	1
159	146	1
159	148	1
159	149	1
159	150	1
159	152	1
159	154	1
159	155	1
160	146	1
160	148	1
160	149	1
160	150	1
160	152	1
160	154	1
160	155	1
161	88	1
162	146	1
162	148	1
162	149	1
162	150	1
162	152	1
162	154	1
162	155	1
162	156	1
163	6	1
163	7	1
163	8	1
163	9	1
163	10	1
163	11	1
163	131	1
163	138	1
163	190	1
164	109	1
165	6	1
165	7	1
165	8	1
165	9	1
165	10	1
165	11	1
165	131	1
165	138	1
165	190	1
166	6	1
166	7	1
166	8	1
166	9	1
166	10	1
166	11	1
166	131	1
166	138	1
166	190	1
167	6	1
167	7	1
167	8	1
167	9	1
167	10	1
167	11	1
167	25	1
167	26	1
167	27	1
167	28	1
167	29	1
167	30	1
167	107	1
167	108	1
167	131	1
167	138	1
167	190	1
168	108	1
169	162	1
170	25	1
170	26	1
170	27	1
170	28	1
170	29	1
170	30	1
171	70	1
171	200	1
172	70	1
172	200	1
173	44	1
173	71	1
173	72	1
173	74	1
173	87	1
173	104	1
173	128	1
173	146	1
173	148	1
173	149	1
173	150	1
173	152	1
173	154	1
173	155	1
173	184	1
173	186	1
173	202	1
174	143	1
175	0	1
175	1	1
175	2	1
175	19	1
175	23	1
175	24	1
175	40	1
175	41	1
175	42	1
175	43	1
175	44	1
175	45	1
175	66	1
175	67	1
175	68	1
175	69	1
175	70	1
175	71	1
175	72	1
175	73	1
175	74	1
175	75	1
175	76	1
175	77	1
175	78	1
175	79	1
175	80	1
175	81	1
175	82	1
175	83	1
175	84	1
175	85	1
175	86	1
175	87	1
175	88	1
175	89	1
175	90	1
175	91	1
175	92	1
175	93	1
175	94	1
175	95	1
175	96	1
175	97	1
175	99	1
175	100	1
175	101	1
175	102	1
175	103	1
175	105	1
175	106	1
175	107	1
175	108	1
175	109	1
175	110	1
175	111	1
175	112	1
175	113	1
175	114	1
175	115	1
175	116	1
175	124	1
175	125	1
175	126	1
175	127	1
175	128	1
175	129	1
175	130	1
175	132	1
175	133	1
175	135	1
175	136	1
175	140	1
175	141	1
175	142	1
175	143	1
175	144	1
175	145	1
175	147	1
175	149	1
175	150	1
175	151	1
175	152	1
175	153	1
175	156	1
175	157	1
175	158	1
175	159	1
175	160	1
175	168	1
175	169	1
175	170	1
175	171	1
175	172	1
175	173	1
175	174	1
175	175	1
175	176	1
175	177	1
175	178	1
175	179	1
175	180	1
175	181	1
175	183	1
175	184	1
175	185	1
175	186	1
175	187	1
175	188	1
175	189	1
175	191	1
175	192	1
175	193	1
175	195	1
175	197	1
175	198	1
175	199	1
175	200	1
175	201	1
175	202	1
175	203	1
176	164	1
177	164	1
178	3	1
178	110	1
178	143	1
178	144	1
178	145	1
179	25	1
179	26	1
179	27	1
179	28	1
179	29	1
179	30	1
180	88	1
181	55	1
181	56	1
181	57	1
181	58	1
181	59	1
182	162	1
183	187	1
183	188	1
183	189	1
184	168	1
184	170	1
184	171	1
184	173	1
184	174	1
185	111	1
186	25	1
187	108	1
187	109	1
188	7	1
188	8	1
188	13	1
188	15	1
188	65	1
188	131	1
188	138	1
188	190	1
189	110	1
190	6	1
190	7	1
190	8	1
190	9	1
190	10	1
190	11	1
190	131	1
190	138	1
190	190	1
191	7	1
191	16	1
191	164	1
192	6	1
192	7	1
192	8	1
192	9	1
192	10	1
192	11	1
192	131	1
192	138	1
192	190	1
193	68	1
193	69	1
193	70	1
193	72	1
193	77	1
193	170	1
193	173	1
193	174	1
194	16	1
194	17	1
194	60	1
194	61	1
194	62	1
194	63	1
194	64	1
194	94	1
195	146	1
195	148	1
195	149	1
195	150	1
195	152	1
195	154	1
195	155	1
196	108	1
196	109	1
197	146	1
197	148	1
197	149	1
197	150	1
197	152	1
197	154	1
197	155	1
197	156	1
197	186	1
198	65	1
199	18	1
200	25	1
201	162	1
201	163	1
202	168	1
202	172	1
202	187	1
202	188	1
202	189	1
203	152	1
204	6	1
204	7	1
204	8	1
204	9	1
204	10	1
204	11	1
204	83	1
204	131	1
204	138	1
204	190	1
205	6	1
205	7	1
205	8	1
205	9	1
205	10	1
205	11	1
205	131	1
205	138	1
205	190	1
205	200	1
206	162	1
206	163	1
207	25	1
207	26	1
207	27	1
207	28	1
207	29	1
207	30	1
208	25	1
209	152	1
156	76	0
102	43	0
50	92	0
117	100	0
71	86	0
163	22	0
58	60	0
64	110	0
178	148	0
83	151	0
164	149	0
120	176	0
152	154	0
204	142	0
173	163	0
104	190	0
36	179	0
133	194	0
164	71	0
11	35	0
155	150	0
105	193	0
75	84	0
59	166	0
97	13	0
137	81	0
160	102	0
5	22	0
3	78	0
71	182	0
16	56	0
207	198	0
38	120	0
96	114	0
157	51	0
83	82	0
61	120	0
165	98	0
19	164	0
73	145	0
193	17	0
112	38	0
92	74	0
69	51	0
161	131	0
28	197	0
63	113	0
1	95	0
143	20	0
32	153	0
149	34	0
37	96	0
155	88	0
26	23	0
149	15	0
209	194	0
207	84	0
49	7	0
202	93	0
54	138	0
86	23	0
59	120	0
97	106	0
106	125	0
177	158	0
126	14	0
108	90	0
23	3	0
166	153	0
114	64	0
161	99	0
190	149	0
176	140	0
139	10	0
45	112	0
6	82	0
105	36	0
104	179	0
131	102	0
91	83	0
168	181	0
1	56	0
27	50	0
43	135	0
158	35	0
122	53	0
173	123	0
144	85	0
134	126	0
141	126	0
71	20	0
37	100	0
17	128	0
44	199	0
123	152	0
195	161	0
63	167	0
191	17	0
6	16	0
131	21	0
20	198	0
70	84	0
96	171	0
170	10	0
128	163	0
120	123	0
184	161	0
8	50	0
46	165	0
75	198	0
82	153	0
52	27	0
157	191	0
206	58	0
38	57	0
115	118	0
118	154	0
148	56	0
90	130	0
163	128	0
34	113	0
79	0	0
50	32	0
71	9	0
157	104	0
117	107	0
88	123	0
162	175	0
193	95	0
149	74	0
138	77	0
96	144	0
9	48	0
38	72	0
134	91	0
57	42	0
141	120	0
198	191	0
19	135	0
125	84	0
204	91	0
68	155	0
12	51	0
137	162	0
139	178	0
73	24	0
175	35	0
13	121	0
184	181	0
159	131	0
70	185	0
190	69	0
199	167	0
42	112	0
47	109	0
90	6	0
120	8	0
92	30	0
43	132	0
5	100	0
133	89	0
1	153	0
51	53	0
69	33	0
158	59	0
198	104	0
187	123	0
146	59	0
115	136	0
162	142	0
171	162	0
189	183	0
8	156	0
57	160	0
42	26	0
10	138	0
28	100	0
178	121	0
2	107	0
35	76	0
187	94	0
45	139	0
167	56	0
28	70	0
116	132	0
133	39	0
98	83	0
180	112	0
81	128	0
91	192	0
150	112	0
69	185	0
65	128	0
203	62	0
18	8	0
86	46	0
178	76	0
47	68	0
98	82	0
187	198	0
76	74	0
70	143	0
206	35	0
43	77	0
200	144	0
181	26	0
182	202	0
5	200	0
147	111	0
170	180	0
168	22	0
90	63	0
103	92	0
151	25	0
172	143	0
7	95	0
20	88	0
93	67	0
49	174	0
127	124	0
137	59	0
148	25	0
52	128	0
37	186	0
96	193	0
183	127	0
131	82	0
132	72	0
196	3	0
20	152	0
198	147	0
62	146	0
7	151	0
109	57	0
120	186	0
97	57	0
113	87	0
162	171	0
115	126	0
53	176	0
102	39	0
74	77	0
109	33	0
207	55	0
114	106	0
138	134	0
141	167	0
174	177	0
174	37	0
52	33	0
178	81	0
108	74	0
44	10	0
39	108	0
192	15	0
184	126	0
141	113	0
14	185	0
199	87	0
138	59	0
1	129	0
152	49	0
47	133	0
56	60	0
98	106	0
64	162	0
209	50	0
10	44	0
67	200	0
116	85	0
154	130	0
139	171	0
140	18	0
174	16	0
92	117	0
82	43	0
178	21	0
88	175	0
170	131	0
17	65	0
109	91	0
206	169	0
32	136	0
40	4	0
67	199	0
137	89	0
201	94	0
179	113	0
97	150	0
40	68	0
100	163	0
147	31	0
195	19	0
62	2	0
99	198	0
186	159	0
34	35	0
72	2	0
96	188	0
36	139	0
164	73	0
202	67	0
72	5	0
125	104	0
199	192	0
138	91	0
59	198	0
164	166	0
74	34	0
3	182	0
29	76	0
43	126	0
82	164	0
98	90	0
191	172	0
118	63	0
18	189	0
118	102	0
101	66	0
4	29	0
179	188	0
1	173	0
123	92	0
136	105	0
136	130	0
193	51	0
88	47	0
133	28	0
60	203	0
52	146	0
191	198	0
173	63	0
147	69	0
53	197	0
195	7	0
56	3	0
94	80	0
170	173	0
163	104	0
17	70	0
111	8	0
66	78	0
149	195	0
6	112	0
143	181	0
3	13	0
140	64	0
20	172	0
128	119	0
105	156	0
164	112	0
6	198	0
190	144	0
189	186	0
9	117	0
178	115	0
167	32	0
87	182	0
49	172	0
96	28	0
60	58	0
199	96	0
49	162	0
21	111	0
183	104	0
22	33	0
111	25	0
91	52	0
94	32	0
80	93	0
161	45	0
161	42	0
187	93	0
166	93	0
20	57	0
27	162	0
123	163	0
141	32	0
74	184	0
174	50	0
6	84	0
106	11	0
198	129	0
141	58	0
192	169	0
205	161	0
176	190	0
189	121	0
114	109	0
86	86	0
122	155	0
136	3	0
158	101	0
157	30	0
193	115	0
198	186	0
132	63	0
134	116	0
147	64	0
75	132	0
81	139	0
24	87	0
68	170	0
184	178	0
146	92	0
91	193	0
130	126	0
179	6	0
108	147	0
67	157	0
84	191	0
157	4	0
89	182	0
203	198	0
109	181	0
129	177	0
40	90	0
75	145	0
203	105	0
100	200	0
181	43	0
64	152	0
90	180	0
35	46	0
2	10	0
95	58	0
181	174	0
145	173	0
207	92	0
169	25	0
191	73	0
110	86	0
157	173	0
30	85	0
26	200	0
16	201	0
49	71	0
22	146	0
11	2	0
121	41	0
161	31	0
199	154	0
32	129	0
104	101	0
95	196	0
111	86	0
82	192	0
150	56	0
162	145	0
175	65	0
63	156	0
138	161	0
5	51	0
37	81	0
72	167	0
148	59	0
93	138	0
1	53	0
202	160	0
200	152	0
42	72	0
119	166	0
155	89	0
18	178	0
42	110	0
84	45	0
64	67	0
204	172	0
133	46	0
104	134	0
165	83	0
173	185	0
195	70	0
92	126	0
54	41	0
149	112	0
47	25	0
33	152	0
99	43	0
12	22	0
151	18	0
17	185	0
129	89	0
193	107	0
88	128	0
189	113	0
23	103	0
206	181	0
165	181	0
115	129	0
196	99	0
205	35	0
151	35	0
183	124	0
18	92	0
75	160	0
61	114	0
3	142	0
37	4	0
182	138	0
174	180	0
180	42	0
89	36	0
196	28	0
104	198	0
167	78	0
138	166	0
31	108	0
60	181	0
110	145	0
118	16	0
3	30	0
64	106	0
49	67	0
204	51	0
131	115	0
177	188	0
127	167	0
46	17	0
33	41	0
166	100	0
1	193	0
67	149	0
203	69	0
36	177	0
45	17	0
32	155	0
52	166	0
0	50	0
170	34	0
153	111	0
11	167	0
80	95	0
0	121	0
67	74	0
183	169	0
135	121	0
24	98	0
196	11	0
78	46	0
196	42	0
203	177	0
170	186	0
125	15	0
99	186	0
204	13	0
64	12	0
41	101	0
85	11	0
54	88	0
76	72	0
61	116	0
87	173	0
139	63	0
86	161	0
129	90	0
164	203	0
66	106	0
22	201	0
122	59	0
144	14	0
128	138	0
184	137	0
199	116	0
20	23	0
93	37	0
160	181	0
141	84	0
184	84	0
183	179	0
197	159	0
32	150	0
12	136	0
118	117	0
110	19	0
124	45	0
84	95	0
87	104	0
196	159	0
199	11	0
181	168	0
85	167	0
136	202	0
67	6	0
171	116	0
30	124	0
204	95	0
194	196	0
179	96	0
27	116	0
133	51	0
136	99	0
80	112	0
3	90	0
24	154	0
196	95	0
52	12	0
131	199	0
153	169	0
181	177	0
125	92	0
149	101	0
82	110	0
189	74	0
156	8	0
118	147	0
56	202	0
22	189	0
124	154	0
6	187	0
152	117	0
206	3	0
139	135	0
177	153	0
3	174	0
80	107	0
206	106	0
70	101	0
16	22	0
125	99	0
107	92	0
129	0	0
181	172	0
76	126	0
18	95	0
119	113	0
177	161	0
49	109	0
186	43	0
172	12	0
56	79	0
1	128	0
116	160	0
26	169	0
0	158	0
83	48	0
68	178	0
206	176	0
135	141	0
182	6	0
1	182	0
170	13	0
22	89	0
10	20	0
41	54	0
130	108	0
84	26	0
152	152	0
142	38	0
95	56	0
183	85	0
182	85	0
29	29	0
185	39	0
154	167	0
78	144	0
33	157	0
30	188	0
122	178	0
100	109	0
14	140	0
61	165	0
81	101	0
18	174	0
111	159	0
6	103	0
98	34	0
3	84	0
45	116	0
66	82	0
113	122	0
200	175	0
70	154	0
59	141	0
83	95	0
201	68	0
27	147	0
175	98	0
90	111	0
98	54	0
37	75	0
30	96	0
148	191	0
37	59	0
9	113	0
164	160	0
29	181	0
135	116	0
43	99	0
174	131	0
9	15	0
201	30	0
46	156	0
84	12	0
147	203	0
76	113	0
145	118	0
84	107	0
58	181	0
70	78	0
114	16	0
43	69	0
51	192	0
155	199	0
119	34	0
26	139	0
136	172	0
72	41	0
168	69	0
72	49	0
21	148	0
147	164	0
176	78	0
4	168	0
63	102	0
177	130	0
3	22	0
89	178	0
62	22	0
140	107	0
24	78	0
37	121	0
169	5	0
148	4	0
142	23	0
153	127	0
19	88	0
72	89	0
144	107	0
1	64	0
94	62	0
108	102	0
144	111	0
177	196	0
46	191	0
49	147	0
166	130	0
135	118	0
71	106	0
64	137	0
56	22	0
37	139	0
126	97	0
128	142	0
18	192	0
197	139	0
58	44	0
205	71	0
30	99	0
117	179	0
131	56	0
97	87	0
148	128	0
72	189	0
184	5	0
200	173	0
56	77	0
109	167	0
23	27	0
5	52	0
86	116	0
155	126	0
202	178	0
170	152	0
21	27	0
50	144	0
101	34	0
162	34	0
34	77	0
206	9	0
41	168	0
127	108	0
94	2	0
194	181	0
152	95	0
72	178	0
163	96	0
145	169	0
9	167	0
192	130	0
205	128	0
208	174	0
49	182	0
209	189	0
61	88	0
95	61	0
79	18	0
110	199	0
203	141	0
49	113	0
44	73	0
6	102	0
90	175	0
184	92	0
57	50	0
194	90	0
32	40	0
161	123	0
142	105	0
83	53	0
1	96	0
70	155	0
33	128	0
57	181	0
147	27	0
124	57	0
202	149	0
158	151	0
189	64	0
3	201	0
100	79	0
153	14	0
172	115	0
101	29	0
191	46	0
204	37	0
54	20	0
176	45	0
147	166	0
74	107	0
131	159	0
63	171	0
0	163	0
146	182	0
130	21	0
113	78	0
89	156	0
35	196	0
153	179	0
32	130	0
91	106	0
18	13	0
83	193	0
81	79	0
60	148	0
102	118	0
122	144	0
140	89	0
166	49	0
185	16	0
65	107	0
131	174	0
145	63	0
79	84	0
126	25	0
130	129	0
204	79	0
107	163	0
64	36	0
103	81	0
53	152	0
59	182	0
73	10	0
82	112	0
198	146	0
54	21	0
19	82	0
127	180	0
132	24	0
133	166	0
98	155	0
133	155	0
136	18	0
55	194	0
132	176	0
48	196	0
209	195	0
19	203	0
82	35	0
93	47	0
186	170	0
32	133	0
15	38	0
124	131	0
55	84	0
13	48	0
201	20	0
92	139	0
30	103	0
73	7	0
108	128	0
117	178	0
177	81	0
9	88	0
207	22	0
92	97	0
112	75	0
175	18	0
17	68	0
126	134	0
162	101	0
73	105	0
46	50	0
107	119	0
89	81	0
29	128	0
93	155	0
118	179	0
88	153	0
5	148	0
205	130	0
110	103	0
40	15	0
103	150	0
11	143	0
1	196	0
181	20	0
16	148	0
161	86	0
166	29	0
165	68	0
142	67	0
94	197	0
63	1	0
66	74	0
1	134	0
6	139	0
142	5	0
71	74	0
196	130	0
9	67	0
39	87	0
107	129	0
171	91	0
16	49	0
144	142	0
185	26	0
119	111	0
119	30	0
157	83	0
18	133	0
85	129	0
93	201	0
126	60	0
99	161	0
142	103	0
89	164	0
77	23	0
72	37	0
115	128	0
132	146	0
128	160	0
208	178	0
207	158	0
77	155	0
91	101	0
183	22	0
200	17	0
184	175	0
55	154	0
131	44	0
207	175	0
82	128	0
68	191	0
188	0	0
169	133	0
173	110	0
129	8	0
109	11	0
183	1	0
120	1	0
39	72	0
137	38	0
138	89	0
102	128	0
93	195	0
201	110	0
144	81	0
166	84	0
11	174	0
123	23	0
80	85	0
26	176	0
31	24	0
149	179	0
95	25	0
106	140	0
63	200	0
116	154	0
147	50	0
189	24	0
169	184	0
48	99	0
114	32	0
83	69	0
197	0	0
149	161	0
104	92	0
40	26	0
186	195	0
66	128	0
8	68	0
78	99	0
51	75	0
72	124	0
110	182	0
202	126	0
96	129	0
69	169	0
89	136	0
167	203	0
108	188	0
80	186	0
151	197	0
123	75	0
109	78	0
133	170	0
112	27	0
122	111	0
76	172	0
126	113	0
162	10	0
202	52	0
27	74	0
23	93	0
48	59	0
204	87	0
204	139	0
203	161	0
188	38	0
160	121	0
204	123	0
123	181	0
186	18	0
169	146	0
57	79	0
78	51	0
106	128	0
6	38	0
189	107	0
125	142	0
132	106	0
118	184	0
187	105	0
10	196	0
153	15	0
59	72	0
14	22	0
46	90	0
181	136	0
97	75	0
197	153	0
177	13	0
191	34	0
146	131	0
87	142	0
164	186	0
140	157	0
37	149	0
120	22	0
40	56	0
76	163	0
52	171	0
195	88	0
170	200	0
123	12	0
2	141	0
80	149	0
116	68	0
39	81	0
83	30	0
8	163	0
5	150	0
65	76	0
149	185	0
105	188	0
24	6	0
131	14	0
149	125	0
57	67	0
120	137	0
64	143	0
126	96	0
103	112	0
103	105	0
95	90	0
28	97	0
86	168	0
146	128	0
70	94	0
129	65	0
60	95	0
208	36	0
119	42	0
30	88	0
48	128	0
149	89	0
154	145	0
47	61	0
102	185	0
151	138	0
82	169	0
156	94	0
148	71	0
147	5	0
121	103	0
10	116	0
64	167	0
169	197	0
77	145	0
177	129	0
164	38	0
39	57	0
59	190	0
53	187	0
72	160	0
109	102	0
208	85	0
34	99	0
85	54	0
37	124	0
110	160	0
71	92	0
44	110	0
169	2	0
65	42	0
121	54	0
198	4	0
169	67	0
178	87	0
180	120	0
112	24	0
143	93	0
150	115	0
23	87	0
187	15	0
146	53	0
20	123	0
184	194	0
98	0	0
182	171	0
116	186	0
100	133	0
134	203	0
157	70	0
9	74	0
109	99	0
63	143	0
114	73	0
88	159	0
37	142	0
170	134	0
53	127	0
144	157	0
27	7	0
79	163	0
39	104	0
52	30	0
37	89	0
66	73	0
6	157	0
97	48	0
55	95	0
111	174	0
206	145	0
16	9	0
28	4	0
153	86	0
158	31	0
142	117	0
116	71	0
96	163	0
91	51	0
127	168	0
91	78	0
125	136	0
96	159	0
194	167	0
199	149	0
183	92	0
100	64	0
181	132	0
194	48	0
65	85	0
74	28	0
128	58	0
2	188	0
31	105	0
149	171	0
133	15	0
71	125	0
95	102	0
163	172	0
161	73	0
38	91	0
114	22	0
114	145	0
177	71	0
165	123	0
58	36	0
164	194	0
13	6	0
2	161	0
144	17	0
3	104	0
1	65	0
62	145	0
62	174	0
25	140	0
143	29	0
95	112	0
144	192	0
120	30	0
135	169	0
115	125	0
128	10	0
153	17	0
89	16	0
190	50	0
39	89	0
81	50	0
193	19	0
29	194	0
136	110	0
48	183	0
198	34	0
43	118	0
172	195	0
98	114	0
87	93	0
170	47	0
90	73	0
117	31	0
154	85	0
164	84	0
140	104	0
130	26	0
122	189	0
80	141	0
41	60	0
42	57	0
166	159	0
115	168	0
193	197	0
101	167	0
41	88	0
77	2	0
122	67	0
78	178	0
27	57	0
4	99	0
2	162	0
44	117	0
57	71	0
209	84	0
0	79	0
185	127	0
204	107	0
39	98	0
196	12	0
121	42	0
204	29	0
101	155	0
40	28	0
77	97	0
47	124	0
45	82	0
92	160	0
101	74	0
89	132	0
151	106	0
153	54	0
134	200	0
31	137	0
24	79	0
58	145	0
184	162	0
142	100	0
194	157	0
45	162	0
88	176	0
143	97	0
93	147	0
171	192	0
190	39	0
25	199	0
85	40	0
133	134	0
132	69	0
142	17	0
167	139	0
196	46	0
41	55	0
15	163	0
78	24	0
142	4	0
92	187	0
56	177	0
53	186	0
99	172	0
202	43	0
131	128	0
16	16	0
144	121	0
68	52	0
180	108	0
140	30	0
39	193	0
110	130	0
28	71	0
155	36	0
103	38	0
87	108	0
189	54	0
109	69	0
66	55	0
47	1	0
81	64	0
154	45	0
180	2	0
201	132	0
180	132	0
19	122	0
186	42	0
118	103	0
70	121	0
39	188	0
70	19	0
166	2	0
199	54	0
161	6	0
152	106	0
138	83	0
1	198	0
189	33	0
104	155	0
22	97	0
127	67	0
0	96	0
5	182	0
182	185	0
181	23	0
98	190	0
0	45	0
123	59	0
121	199	0
131	62	0
152	180	0
13	33	0
42	117	0
98	137	0
57	100	0
101	126	0
106	23	0
44	123	0
33	101	0
95	82	0
65	7	0
57	56	0
126	46	0
44	12	0
186	56	0
59	131	0
31	129	0
81	136	0
8	102	0
113	52	0
81	63	0
97	141	0
46	117	0
67	57	0
84	94	0
57	142	0
202	1	0
153	46	0
26	20	0
182	197	0
121	52	0
116	123	0
11	149	0
180	86	0
42	73	0
121	126	0
120	68	0
190	93	0
178	124	0
27	63	0
188	80	0
190	43	0
162	159	0
65	18	0
80	5	0
84	177	0
61	203	0
165	46	0
79	81	0
148	81	0
66	86	0
161	69	0
75	158	0
199	73	0
157	161	0
134	53	0
176	135	0
154	140	0
155	33	0
54	7	0
99	86	0
84	93	0
179	59	0
125	11	0
40	103	0
151	128	0
3	69	0
39	78	0
105	1	0
197	46	0
172	14	0
204	161	0
134	166	0
182	142	0
30	21	0
26	180	0
43	27	0
111	138	0
119	156	0
89	134	0
170	46	0
44	5	0
40	66	0
1	106	0
63	89	0
6	47	0
84	120	0
180	150	0
69	195	0
193	78	0
125	185	0
184	193	0
194	37	0
76	137	0
142	15	0
41	184	0
186	144	0
181	120	0
165	101	0
155	173	0
45	100	0
84	163	0
156	16	0
60	150	0
106	45	0
169	80	0
130	2	0
179	91	0
205	146	0
136	8	0
129	158	0
115	142	0
172	150	0
96	121	0
85	148	0
143	108	0
164	119	0
47	97	0
138	182	0
83	73	0
137	48	0
21	8	0
90	185	0
32	154	0
68	7	0
166	92	0
153	94	0
201	17	0
136	2	0
81	7	0
109	118	0
135	64	0
98	127	0
100	121	0
128	121	0
41	201	0
29	173	0
102	164	0
162	96	0
134	187	0
41	121	0
182	146	0
121	173	0
202	146	0
15	140	0
131	113	0
62	185	0
110	58	0
122	25	0
147	201	0
167	61	0
63	145	0
45	114	0
86	76	0
127	145	0
174	158	0
209	127	0
116	2	0
161	37	0
207	165	0
74	8	0
154	129	0
67	170	0
60	61	0
20	72	0
29	186	0
23	167	0
68	56	0
84	41	0
173	193	0
54	99	0
141	191	0
42	191	0
88	98	0
21	184	0
203	134	0
146	30	0
204	89	0
17	172	0
189	102	0
15	28	0
171	166	0
126	12	0
39	200	0
77	160	0
191	68	0
135	160	0
23	140	0
66	91	0
39	83	0
23	44	0
78	179	0
69	43	0
9	198	0
90	17	0
143	4	0
93	33	0
146	101	0
106	149	0
130	91	0
117	121	0
10	15	0
128	75	0
59	138	0
80	108	0
6	117	0
197	20	0
8	146	0
30	66	0
13	178	0
76	68	0
38	0	0
10	100	0
105	43	0
25	153	0
57	177	0
68	47	0
124	17	0
45	193	0
1	119	0
160	73	0
14	46	0
194	50	0
19	138	0
125	10	0
32	54	0
195	47	0
144	125	0
78	75	0
154	163	0
75	124	0
116	77	0
159	24	0
26	178	0
100	26	0
181	155	0
114	91	0
114	92	0
125	78	0
135	154	0
119	92	0
126	171	0
124	35	0
146	117	0
202	148	0
53	21	0
69	95	0
50	126	0
65	172	0
129	53	0
107	74	0
111	62	0
66	147	0
117	110	0
62	116	0
170	35	0
198	150	0
141	45	0
110	14	0
91	158	0
105	53	0
44	90	0
200	198	0
45	201	0
20	80	0
135	5	0
48	105	0
90	30	0
197	79	0
33	13	0
194	87	0
173	11	0
16	132	0
108	134	0
189	12	0
20	192	0
120	18	0
196	34	0
205	21	0
28	29	0
209	105	0
119	140	0
39	173	0
198	98	0
193	122	0
148	113	0
102	60	0
19	57	0
49	203	0
52	121	0
41	5	0
46	186	0
170	71	0
170	88	0
151	189	0
89	142	0
155	127	0
171	149	0
22	73	0
59	93	0
123	156	0
157	118	0
197	89	0
200	193	0
193	9	0
184	99	0
208	197	0
64	74	0
31	46	0
41	170	0
171	157	0
200	182	0
94	89	0
98	161	0
101	143	0
23	116	0
50	173	0
200	159	0
204	180	0
104	144	0
54	17	0
18	150	0
83	34	0
195	18	0
40	114	0
64	114	0
72	88	0
4	65	0
61	40	0
11	94	0
10	193	0
60	8	0
93	50	0
29	15	0
190	87	0
19	140	0
134	11	0
141	182	0
99	138	0
46	2	0
181	63	0
205	23	0
151	198	0
104	165	0
120	103	0
133	120	0
20	136	0
174	53	0
92	10	0
122	133	0
36	14	0
98	88	0
186	98	0
130	78	0
129	34	0
99	126	0
22	37	0
74	166	0
132	158	0
86	189	0
43	172	0
114	80	0
62	192	0
129	77	0
8	158	0
152	92	0
193	3	0
30	167	0
119	84	0
46	109	0
189	27	0
198	203	0
193	43	0
122	66	0
117	55	0
204	69	0
132	91	0
39	48	0
179	133	0
66	20	0
126	7	0
153	168	0
140	133	0
34	203	0
14	189	0
101	186	0
115	185	0
101	43	0
121	200	0
107	37	0
54	175	0
65	102	0
43	134	0
101	59	0
2	113	0
39	185	0
29	120	0
107	179	0
205	70	0
109	9	0
112	22	0
89	45	0
186	91	0
133	171	0
1	84	0
167	71	0
68	127	0
83	35	0
52	156	0
5	65	0
94	114	0
142	44	0
42	69	0
153	180	0
141	128	0
158	82	0
56	38	0
23	203	0
138	78	0
79	142	0
109	172	0
33	17	0
82	162	0
83	108	0
163	155	0
178	182	0
158	12	0
123	145	0
97	152	0
68	122	0
146	105	0
0	186	0
173	157	0
170	70	0
49	191	0
158	47	0
130	145	0
199	189	0
134	20	0
198	127	0
89	126	0
28	47	0
115	141	0
83	68	0
64	93	0
177	178	0
2	127	0
42	28	0
64	133	0
38	43	0
14	115	0
194	144	0
39	68	0
135	6	0
209	61	0
173	76	0
58	69	0
120	143	0
98	32	0
167	169	0
79	140	0
160	201	0
71	54	0
145	183	0
14	193	0
181	114	0
101	170	0
127	160	0
71	97	0
17	59	0
135	120	0
86	193	0
170	104	0
155	157	0
45	88	0
75	135	0
162	25	0
128	122	0
140	134	0
107	33	0
156	141	0
122	122	0
64	62	0
127	33	0
177	40	0
202	39	0
56	100	0
45	74	0
192	5	0
172	71	0
56	137	0
181	192	0
122	195	0
101	52	0
208	33	0
189	28	0
104	138	0
54	83	0
99	168	0
90	100	0
106	19	0
106	88	0
6	68	0
90	169	0
196	104	0
193	12	0
149	73	0
181	11	0
171	154	0
180	163	0
191	108	0
52	152	0
71	199	0
10	169	0
105	65	0
110	47	0
169	185	0
2	94	0
142	72	0
114	95	0
151	167	0
202	130	0
98	42	0
182	116	0
38	125	0
98	122	0
168	190	0
135	190	0
50	197	0
122	8	0
189	66	0
186	177	0
127	178	0
123	174	0
84	91	0
152	190	0
84	199	0
11	163	0
189	1	0
61	113	0
146	138	0
54	75	0
172	152	0
28	188	0
29	139	0
16	89	0
207	115	0
187	145	0
138	165	0
104	170	0
140	182	0
80	126	0
81	28	0
102	5	0
78	128	0
15	113	0
139	67	0
117	180	0
145	44	0
138	2	0
39	147	0
142	63	0
193	198	0
37	65	0
198	42	0
15	180	0
141	104	0
98	85	0
116	125	0
120	170	0
108	14	0
183	56	0
148	134	0
193	119	0
6	137	0
88	84	0
151	60	0
206	68	0
129	167	0
78	135	0
113	0	0
53	165	0
158	16	0
150	97	0
0	152	0
16	79	0
156	144	0
172	174	0
55	202	0
78	186	0
59	106	0
76	156	0
190	28	0
106	41	0
22	21	0
153	26	0
1	97	0
156	46	0
194	103	0
72	11	0
60	112	0
194	24	0
161	130	0
34	154	0
121	102	0
8	141	0
21	33	0
133	156	0
122	173	0
15	93	0
130	158	0
191	195	0
57	167	0
5	70	0
144	173	0
51	100	0
62	72	0
25	162	0
166	136	0
32	106	0
208	196	0
168	53	0
65	157	0
201	118	0
8	49	0
123	140	0
127	103	0
185	114	0
73	87	0
130	165	0
154	51	0
201	181	0
148	79	0
201	18	0
20	93	0
49	163	0
30	203	0
14	125	0
53	23	0
180	31	0
171	0	0
186	132	0
174	62	0
50	201	0
153	44	0
29	153	0
43	158	0
63	95	0
55	65	0
20	35	0
27	140	0
197	77	0
176	149	0
125	192	0
85	78	0
142	113	0
64	203	0
70	15	0
18	132	0
89	108	0
41	128	0
3	176	0
93	44	0
193	15	0
53	96	0
158	46	0
95	4	0
93	76	0
162	178	0
192	180	0
159	63	0
111	178	0
114	37	0
103	136	0
73	9	0
134	94	0
80	197	0
65	202	0
147	10	0
68	199	0
127	27	0
92	38	0
49	135	0
85	166	0
189	192	0
197	4	0
79	103	0
153	177	0
92	6	0
111	50	0
105	194	0
169	145	0
147	133	0
167	36	0
41	181	0
178	23	0
1	0	0
142	52	0
160	142	0
133	22	0
123	187	0
180	121	0
155	154	0
24	105	0
81	194	0
11	26	0
191	65	0
41	136	0
195	116	0
50	94	0
38	181	0
151	183	0
88	179	0
180	176	0
153	16	0
154	160	0
61	136	0
52	44	0
57	163	0
111	153	0
152	32	0
65	23	0
172	170	0
94	23	0
114	108	0
20	18	0
61	137	0
172	78	0
195	37	0
191	5	0
52	139	0
61	94	0
87	62	0
187	140	0
200	202	0
195	114	0
114	118	0
138	194	0
197	141	0
101	30	0
44	198	0
163	93	0
179	33	0
16	127	0
153	35	0
37	107	0
147	179	0
109	92	0
152	94	0
1	48	0
153	42	0
185	66	0
50	4	0
82	71	0
178	176	0
2	18	0
174	71	0
57	113	0
43	20	0
120	194	0
36	197	0
89	169	0
49	130	0
24	0	0
154	201	0
69	30	0
122	43	0
37	157	0
191	128	0
133	201	0
207	42	0
120	112	0
31	9	0
96	64	0
160	44	0
52	197	0
198	184	0
14	88	0
188	71	0
182	15	0
117	47	0
208	15	0
92	92	0
145	87	0
9	38	0
129	138	0
117	0	0
79	43	0
125	187	0
109	85	0
129	182	0
196	92	0
9	104	0
54	147	0
113	114	0
67	189	0
163	195	0
155	6	0
180	113	0
182	13	0
142	33	0
6	109	0
0	140	0
184	90	0
76	13	0
62	51	0
188	26	0
172	128	0
41	143	0
66	151	0
172	189	0
23	41	0
148	149	0
115	30	0
207	153	0
155	181	0
187	19	0
164	91	0
52	182	0
127	3	0
54	16	0
148	197	0
59	10	0
144	91	0
42	7	0
141	194	0
103	106	0
127	46	0
0	7	0
52	38	0
85	170	0
18	117	0
18	152	0
49	85	0
7	44	0
42	165	0
19	183	0
120	40	0
17	91	0
194	201	0
165	43	0
95	110	0
105	40	0
28	187	0
191	126	0
75	19	0
153	23	0
132	201	0
161	161	0
61	157	0
183	0	0
3	71	0
87	176	0
45	190	0
135	128	0
56	203	0
124	121	0
196	67	0
144	187	0
10	24	0
112	151	0
17	77	0
70	54	0
132	81	0
93	187	0
69	84	0
151	187	0
68	177	0
181	47	0
104	196	0
0	2	0
151	171	0
17	109	0
183	184	0
88	30	0
194	141	0
119	8	0
115	27	0
52	163	0
203	194	0
105	9	0
70	125	0
96	108	0
66	16	0
140	165	0
186	47	0
138	21	0
128	55	0
200	120	0
162	5	0
195	58	0
45	30	0
167	174	0
97	117	0
192	170	0
146	10	0
174	33	0
86	131	0
15	78	0
161	41	0
17	73	0
47	155	0
3	103	0
7	1	0
31	190	0
23	129	0
156	91	0
124	188	0
56	189	0
53	108	0
79	134	0
65	130	0
134	22	0
156	7	0
81	39	0
78	150	0
1	168	0
50	28	0
56	94	0
54	102	0
16	133	0
69	12	0
96	20	0
168	27	0
3	188	0
89	202	0
30	22	0
182	106	0
196	6	0
75	13	0
67	171	0
105	152	0
26	192	0
111	14	0
70	147	0
10	151	0
173	108	0
71	140	0
71	38	0
45	197	0
77	126	0
145	28	0
12	169	0
108	95	0
122	57	0
28	111	0
1	22	0
82	166	0
176	46	0
57	12	0
79	179	0
13	26	0
192	192	0
142	118	0
86	17	0
174	151	0
15	151	0
75	18	0
7	68	0
190	17	0
34	119	0
74	88	0
41	152	0
81	118	0
53	12	0
148	14	0
77	33	0
52	198	0
176	37	0
39	77	0
80	140	0
168	123	0
111	137	0
84	136	0
148	16	0
109	20	0
10	51	0
56	158	0
141	105	0
199	81	0
24	92	0
198	156	0
156	181	0
206	133	0
80	146	0
200	22	0
182	105	0
176	133	0
46	105	0
195	113	0
124	69	0
53	94	0
122	63	0
103	18	0
108	19	0
33	88	0
99	66	0
20	25	0
65	117	0
177	122	0
50	161	0
37	165	0
150	116	0
42	153	0
167	13	0
10	166	0
78	95	0
68	108	0
28	57	0
178	37	0
11	7	0
133	169	0
69	58	0
28	43	0
16	168	0
160	20	0
163	142	0
4	11	0
41	200	0
5	198	0
208	46	0
56	166	0
199	82	0
22	139	0
110	144	0
15	198	0
22	184	0
43	109	0
142	147	0
167	74	0
97	126	0
7	113	0
116	56	0
68	190	0
26	55	0
86	140	0
102	6	0
187	164	0
20	118	0
187	30	0
49	193	0
6	37	0
141	75	0
125	154	0
129	104	0
25	29	0
11	19	0
1	80	0
18	166	0
54	202	0
39	128	0
184	107	0
65	12	0
79	131	0
110	78	0
191	203	0
11	39	0
61	95	0
118	22	0
116	94	0
89	133	0
63	165	0
78	96	0
29	111	0
167	146	0
169	165	0
67	121	0
167	110	0
195	50	0
170	139	0
112	189	0
46	57	0
96	162	0
162	55	0
91	69	0
15	134	0
7	29	0
165	134	0
139	13	0
35	45	0
72	43	0
135	125	0
140	65	0
37	137	0
75	74	0
209	113	0
207	102	0
110	122	0
48	33	0
26	202	0
197	138	0
90	13	0
195	83	0
101	97	0
188	90	0
151	130	0
111	157	0
12	170	0
181	97	0
202	59	0
147	121	0
34	30	0
95	73	0
78	114	0
101	109	0
26	92	0
64	155	0
99	98	0
94	8	0
124	78	0
172	18	0
64	1	0
91	66	0
154	200	0
90	143	0
131	55	0
87	33	0
79	22	0
148	139	0
76	46	0
173	183	0
163	146	0
106	183	0
32	66	0
179	37	0
122	10	0
120	7	0
118	8	0
107	17	0
85	63	0
122	140	0
4	56	0
176	198	0
60	38	0
92	174	0
67	13	0
47	57	0
86	185	0
56	132	0
90	183	0
136	20	0
55	52	0
131	103	0
8	39	0
182	79	0
143	74	0
58	173	0
21	42	0
21	108	0
58	2	0
192	77	0
28	175	0
69	24	0
42	136	0
120	183	0
98	59	0
195	163	0
125	179	0
197	47	0
49	101	0
38	116	0
84	113	0
148	140	0
180	140	0
99	48	0
78	112	0
70	132	0
36	107	0
200	170	0
18	93	0
111	94	0
49	78	0
167	151	0
8	74	0
17	92	0
106	79	0
89	64	0
203	39	0
112	179	0
43	84	0
132	167	0
70	56	0
161	120	0
141	107	0
23	172	0
36	170	0
174	12	0
167	196	0
60	146	0
183	141	0
129	18	0
43	45	0
54	119	0
72	173	0
31	168	0
148	193	0
27	69	0
190	38	0
143	21	0
27	98	0
202	55	0
158	63	0
32	147	0
89	168	0
150	68	0
63	115	0
46	39	0
196	169	0
202	107	0
71	96	0
80	72	0
129	71	0
32	170	0
98	61	0
209	147	0
71	151	0
6	125	0
26	102	0
43	58	0
53	20	0
196	199	0
44	76	0
201	29	0
51	118	0
2	163	0
165	107	0
76	136	0
72	46	0
0	61	0
206	82	0
7	114	0
27	8	0
144	122	0
44	57	0
23	147	0
163	95	0
97	53	0
0	103	0
27	201	0
104	191	0
189	101	0
182	1	0
199	44	0
84	151	0
102	67	0
185	53	0
4	119	0
73	110	0
120	93	0
96	126	0
98	65	0
174	39	0
158	91	0
80	136	0
119	25	0
147	193	0
41	33	0
176	150	0
23	29	0
108	197	0
134	14	0
199	85	0
145	104	0
178	36	0
31	75	0
192	68	0
121	161	0
131	176	0
182	51	0
137	188	0
67	96	0
134	49	0
151	37	0
198	193	0
92	85	0
143	158	0
68	203	0
192	134	0
172	87	0
105	72	0
105	102	0
105	3	0
194	199	0
94	159	0
88	115	0
191	18	0
22	103	0
100	89	0
73	129	0
126	116	0
176	70	0
117	27	0
115	174	0
67	45	0
144	100	0
57	151	0
207	124	0
84	57	0
41	29	0
206	1	0
185	107	0
166	52	0
163	185	0
169	168	0
16	160	0
152	124	0
200	160	0
144	101	0
169	49	0
106	136	0
65	54	0
139	131	0
194	80	0
189	157	0
18	56	0
65	57	0
154	105	0
199	63	0
80	16	0
157	186	0
148	21	0
48	28	0
63	125	0
32	73	0
69	20	0
140	193	0
38	54	0
35	72	0
208	119	0
105	173	0
79	176	0
165	24	0
3	92	0
113	35	0
120	89	0
82	83	0
19	103	0
1	59	0
147	55	0
30	158	0
35	24	0
8	200	0
54	3	0
189	58	0
163	150	0
164	108	0
86	112	0
38	14	0
12	139	0
45	128	0
42	114	0
112	10	0
55	199	0
157	130	0
165	100	0
36	83	0
73	134	0
152	69	0
69	148	0
26	22	0
27	66	0
144	57	0
135	72	0
168	33	0
112	58	0
8	110	0
68	43	0
181	186	0
105	147	0
172	89	0
59	59	0
201	164	0
78	147	0
158	153	0
155	180	0
102	98	0
39	131	0
136	64	0
81	43	0
197	163	0
148	164	0
82	165	0
186	53	0
118	110	0
86	98	0
131	19	0
89	139	0
197	34	0
117	183	0
103	191	0
169	110	0
181	31	0
112	32	0
139	36	0
199	138	0
189	178	0
21	34	0
81	116	0
124	44	0
174	91	0
204	23	0
159	166	0
204	193	0
170	59	0
86	114	0
12	145	0
27	37	0
162	22	0
81	70	0
150	177	0
117	116	0
131	140	0
200	147	0
207	24	0
59	186	0
170	82	0
111	76	0
126	56	0
89	137	0
78	69	0
41	112	0
63	13	0
115	111	0
6	172	0
41	144	0
17	165	0
30	78	0
186	168	0
193	71	0
138	57	0
96	153	0
174	187	0
35	22	0
39	171	0
123	125	0
139	123	0
174	89	0
141	83	0
56	155	0
22	46	0
121	8	0
106	152	0
131	99	0
25	106	0
0	182	0
165	132	0
193	195	0
21	37	0
70	169	0
56	97	0
174	22	0
79	180	0
173	151	0
178	181	0
88	130	0
172	165	0
60	196	0
7	154	0
22	12	0
207	107	0
70	137	0
185	152	0
137	105	0
153	24	0
205	133	0
84	87	0
167	40	0
14	145	0
52	116	0
40	88	0
139	173	0
163	52	0
41	86	0
148	186	0
98	74	0
68	77	0
9	92	0
35	10	0
107	167	0
138	87	0
44	164	0
72	146	0
92	136	0
155	161	0
196	123	0
195	137	0
148	168	0
40	148	0
115	78	0
45	179	0
74	104	0
17	126	0
155	28	0
75	102	0
6	69	0
193	183	0
209	181	0
204	21	0
67	127	0
96	7	0
140	41	0
90	84	0
43	121	0
48	115	0
206	95	0
195	102	0
68	20	0
6	149	0
152	14	0
128	21	0
100	61	0
126	169	0
132	45	0
129	100	0
170	97	0
61	51	0
72	161	0
157	24	0
29	50	0
145	38	0
1	82	0
131	125	0
44	114	0
7	188	0
195	41	0
11	115	0
192	156	0
187	162	0
108	184	0
10	141	0
86	53	0
140	63	0
47	196	0
102	149	0
124	187	0
85	0	0
72	33	0
207	202	0
148	11	0
75	159	0
158	39	0
164	185	0
57	88	0
165	178	0
163	32	0
201	142	0
177	117	0
185	17	0
25	192	0
135	59	0
54	171	0
45	155	0
80	20	0
127	82	0
170	16	0
147	195	0
142	88	0
87	203	0
29	36	0
41	102	0
51	66	0
8	73	0
130	146	0
82	33	0
189	184	0
109	95	0
142	68	0
50	145	0
81	183	0
125	75	0
0	21	0
65	178	0
124	146	0
150	47	0
124	164	0
200	44	0
10	74	0
122	34	0
83	1	0
129	17	0
108	3	0
145	188	0
122	76	0
62	63	0
159	53	0
186	121	0
91	154	0
100	141	0
20	183	0
75	62	0
183	37	0
36	153	0
100	129	0
3	133	0
159	71	0
93	92	0
132	116	0
63	203	0
141	197	0
115	77	0
24	32	0
142	129	0
97	97	0
47	15	0
206	34	0
19	194	0
0	69	0
6	123	0
162	190	0
182	71	0
31	22	0
117	39	0
69	121	0
176	182	0
170	188	0
102	138	0
103	40	0
190	117	0
145	40	0
122	183	0
40	102	0
100	78	0
26	125	0
74	36	0
11	139	0
208	47	0
62	7	0
133	34	0
36	151	0
160	5	0
190	130	0
93	132	0
183	138	0
141	30	0
17	46	0
197	2	0
120	62	0
2	167	0
1	10	0
149	84	0
97	125	0
29	159	0
181	8	0
206	199	0
40	181	0
174	7	0
21	152	0
185	178	0
197	68	0
15	59	0
165	140	0
117	95	0
54	183	0
87	111	0
183	195	0
82	145	0
188	129	0
85	46	0
104	39	0
169	24	0
134	179	0
108	8	0
135	35	0
203	172	0
37	25	0
121	17	0
195	69	0
42	62	0
39	101	0
40	116	0
23	69	0
128	144	0
86	87	0
145	138	0
136	199	0
113	11	0
88	192	0
46	63	0
131	165	0
119	3	0
115	23	0
10	6	0
119	155	0
16	61	0
12	162	0
154	13	0
52	113	0
41	51	0
129	5	0
88	96	0
175	49	0
189	16	0
75	113	0
52	47	0
184	133	0
159	91	0
118	168	0
74	82	0
163	133	0
67	15	0
199	158	0
115	26	0
209	120	0
46	10	0
11	150	0
49	0	0
118	193	0
171	106	0
64	44	0
27	24	0
49	197	0
68	118	0
75	110	0
151	202	0
153	146	0
16	134	0
187	166	0
181	98	0
72	187	0
23	2	0
130	27	0
193	64	0
158	61	0
15	122	0
124	51	0
82	6	0
190	64	0
27	4	0
208	3	0
136	148	0
182	36	0
103	3	0
126	120	0
187	68	0
104	119	0
20	115	0
116	101	0
126	114	0
116	16	0
139	116	0
136	32	0
73	130	0
88	126	0
144	68	0
180	145	0
86	52	0
173	14	0
122	102	0
33	173	0
74	123	0
102	93	0
155	15	0
117	22	0
93	171	0
103	156	0
33	148	0
180	170	0
40	185	0
153	138	0
38	150	0
127	139	0
130	5	0
62	182	0
80	137	0
123	69	0
78	176	0
15	112	0
73	78	0
206	60	0
32	124	0
183	50	0
3	79	0
1	180	0
58	138	0
155	198	0
26	115	0
43	92	0
109	3	0
35	51	0
24	71	0
57	39	0
75	200	0
30	122	0
84	69	0
20	138	0
19	91	0
32	27	0
132	126	0
62	190	0
7	8	0
38	141	0
194	13	0
116	200	0
72	52	0
194	189	0
138	137	0
182	92	0
146	85	0
55	60	0
77	149	0
181	4	0
172	34	0
84	59	0
158	38	0
77	76	0
66	2	0
61	144	0
36	118	0
126	185	0
72	69	0
205	129	0
86	33	0
22	9	0
177	70	0
203	86	0
29	148	0
176	18	0
53	62	0
56	69	0
38	108	0
127	21	0
122	97	0
12	6	0
43	82	0
180	115	0
33	85	0
174	15	0
203	51	0
121	134	0
98	93	0
80	180	0
170	55	0
69	92	0
124	91	0
122	157	0
102	85	0
191	57	0
72	136	0
67	8	0
138	90	0
86	63	0
82	173	0
205	111	0
107	203	0
55	27	0
182	41	0
27	1	0
36	41	0
27	194	0
95	133	0
98	138	0
209	65	0
176	11	0
111	15	0
87	159	0
31	100	0
69	7	0
56	193	0
163	178	0
115	48	0
9	176	0
159	106	0
21	201	0
45	78	0
160	118	0
140	125	0
118	28	0
180	4	0
75	95	0
1	154	0
42	119	0
182	155	0
69	109	0
173	15	0
131	63	0
92	165	0
109	1	0
172	80	0
106	160	0
66	109	0
78	76	0
125	114	0
100	186	0
133	97	0
74	4	0
197	73	0
128	66	0
77	82	0
48	35	0
79	177	0
156	193	0
44	143	0
197	179	0
101	176	0
121	162	0
127	110	0
174	102	0
176	187	0
138	86	0
179	170	0
59	44	0
208	69	0
30	45	0
22	15	0
79	196	0
199	174	0
155	125	0
46	87	0
76	78	0
104	40	0
34	8	0
140	199	0
195	175	0
139	7	0
147	156	0
54	200	0
19	44	0
164	105	0
152	202	0
108	202	0
121	26	0
77	69	0
140	188	0
11	198	0
208	78	0
191	146	0
68	152	0
16	117	0
45	102	0
11	70	0
167	145	0
188	179	0
150	137	0
76	112	0
136	169	0
80	199	0
172	154	0
40	150	0
146	35	0
84	48	0
139	86	0
185	149	0
207	197	0
80	8	0
135	107	0
20	165	0
118	144	0
137	151	0
172	50	0
52	177	0
35	28	0
150	143	0
3	160	0
174	147	0
148	189	0
64	196	0
17	153	0
146	109	0
158	3	0
203	2	0
123	56	0
38	106	0
124	200	0
98	172	0
56	117	0
91	57	0
171	186	0
18	96	0
56	59	0
31	121	0
145	16	0
150	202	0
165	183	0
35	175	0
163	71	0
185	161	0
67	9	0
181	138	0
8	4	0
144	114	0
127	49	0
17	110	0
51	39	0
62	167	0
9	69	0
94	93	0
169	195	0
98	41	0
119	135	0
110	166	0
53	109	0
182	35	0
54	155	0
127	177	0
128	172	0
109	86	0
14	11	0
112	164	0
43	76	0
81	100	0
111	151	0
69	23	0
170	7	0
200	4	0
190	123	0
69	52	0
192	184	0
22	86	0
147	7	0
117	158	0
166	44	0
176	108	0
137	144	0
119	157	0
170	178	0
192	114	0
76	3	0
41	95	0
128	33	0
53	82	0
100	47	0
194	55	0
171	6	0
163	159	0
177	127	0
27	193	0
132	187	0
77	87	0
127	111	0
62	64	0
139	168	0
116	129	0
82	84	0
84	109	0
152	83	0
20	202	0
188	57	0
56	33	0
0	100	0
50	151	0
161	60	0
209	190	0
34	87	0
85	6	0
112	94	0
140	192	0
47	72	0
0	111	0
25	141	0
152	169	0
14	32	0
144	73	0
202	38	0
74	110	0
60	99	0
173	101	0
140	115	0
189	198	0
77	146	0
65	104	0
136	137	0
118	80	0
206	11	0
178	79	0
49	69	0
180	119	0
196	59	0
181	146	0
177	133	0
10	7	0
78	88	0
64	61	0
67	147	0
63	15	0
75	8	0
72	71	0
120	90	0
71	63	0
149	178	0
12	95	0
110	120	0
55	122	0
156	131	0
44	116	0
97	203	0
133	136	0
95	52	0
3	82	0
192	50	0
40	133	0
21	56	0
39	126	0
77	184	0
83	29	0
174	6	0
197	131	0
67	71	0
100	35	0
5	139	0
155	99	0
176	152	0
40	99	0
117	68	0
13	61	0
64	107	0
209	45	0
68	187	0
29	77	0
165	187	0
123	15	0
76	48	0
30	171	0
110	11	0
84	156	0
176	10	0
70	70	0
149	142	0
143	135	0
32	140	0
154	169	0
56	149	0
134	140	0
74	168	0
77	116	0
10	192	0
65	193	0
180	64	0
18	16	0
112	187	0
94	199	0
207	17	0
25	40	0
81	146	0
76	60	0
196	141	0
164	202	0
13	29	0
73	49	0
159	170	0
26	26	0
145	120	0
186	68	0
122	82	0
161	63	0
107	1	0
118	195	0
160	68	0
83	148	0
145	18	0
141	100	0
25	49	0
73	98	0
55	162	0
197	115	0
196	31	0
175	7	0
36	78	0
29	54	0
32	177	0
34	63	0
55	110	0
132	47	0
121	68	0
41	61	0
90	65	0
111	52	0
26	0	0
31	149	0
75	43	0
150	74	0
148	200	0
163	125	0
182	179	0
157	194	0
97	179	0
159	117	0
109	122	0
0	25	0
87	167	0
114	134	0
33	175	0
96	202	0
12	94	0
38	68	0
53	18	0
59	87	0
22	102	0
137	174	0
193	2	0
161	22	0
56	162	0
205	64	0
47	84	0
70	4	0
123	49	0
56	4	0
101	24	0
98	8	0
172	162	0
10	42	0
72	110	0
186	74	0
202	97	0
104	149	0
192	13	0
173	28	0
44	203	0
167	157	0
111	89	0
58	91	0
195	43	0
167	200	0
100	127	0
26	63	0
198	109	0
133	63	0
169	16	0
196	193	0
168	45	0
89	140	0
124	73	0
18	184	0
157	69	0
104	98	0
164	199	0
16	146	0
51	182	0
127	190	0
72	60	0
134	188	0
99	202	0
193	157	0
8	131	0
122	105	0
185	18	0
181	112	0
190	173	0
71	190	0
82	107	0
179	110	0
78	38	0
99	2	0
81	22	0
138	27	0
123	138	0
192	79	0
197	188	0
97	120	0
21	6	0
112	82	0
18	1	0
172	16	0
131	127	0
154	152	0
85	13	0
116	83	0
193	125	0
155	42	0
0	51	0
124	122	0
168	107	0
10	14	0
12	192	0
39	46	0
171	197	0
141	138	0
68	73	0
119	82	0
95	53	0
111	170	0
20	29	0
43	144	0
153	192	0
58	66	0
114	58	0
185	132	0
197	184	0
30	2	0
68	6	0
205	60	0
40	0	0
136	60	0
37	125	0
50	37	0
206	42	0
201	76	0
70	136	0
52	3	0
129	150	0
44	108	0
194	44	0
153	39	0
47	167	0
61	161	0
168	187	0
76	194	0
30	159	0
158	114	0
65	0	0
100	145	0
46	85	0
120	173	0
102	175	0
29	174	0
80	196	0
120	180	0
71	166	0
168	182	0
163	25	0
156	160	0
162	131	0
34	20	0
83	84	0
5	63	0
100	91	0
137	63	0
36	114	0
209	110	0
123	102	0
32	181	0
150	189	0
145	127	0
33	154	0
183	46	0
55	108	0
102	96	0
105	157	0
108	62	0
68	140	0
201	77	0
64	148	0
147	153	0
147	92	0
196	44	0
36	161	0
43	179	0
4	2	0
52	36	0
43	107	0
164	28	0
98	176	0
169	95	0
60	41	0
165	25	0
67	172	0
27	56	0
116	156	0
143	15	0
49	120	0
58	123	0
12	201	0
192	45	0
148	28	0
26	106	0
161	87	0
136	57	0
11	121	0
128	174	0
154	135	0
129	109	0
116	193	0
90	173	0
54	162	0
171	118	0
170	171	0
146	126	0
9	41	0
52	23	0
164	16	0
27	104	0
142	92	0
75	38	0
114	201	0
30	69	0
1	54	0
117	10	0
189	138	0
158	45	0
55	23	0
70	103	0
103	147	0
73	18	0
118	134	0
48	90	0
101	107	0
26	13	0
135	150	0
128	112	0
20	50	0
194	135	0
8	138	0
42	84	0
197	176	0
185	172	0
1	130	0
118	34	0
68	44	0
107	82	0
199	177	0
183	60	0
24	126	0
131	30	0
148	122	0
163	196	0
146	50	0
130	163	0
116	61	0
29	9	0
3	39	0
81	198	0
31	155	0
150	61	0
176	177	0
148	89	0
34	79	0
77	124	0
161	23	0
141	6	0
125	163	0
98	153	0
193	106	0
23	5	0
173	92	0
5	144	0
66	143	0
148	136	0
151	22	0
143	110	0
87	132	0
77	70	0
69	22	0
114	31	0
154	82	0
145	143	0
12	5	0
28	116	0
45	95	0
70	95	0
165	194	0
115	4	0
2	39	0
83	146	0
120	12	0
135	166	0
89	166	0
93	10	0
100	180	0
12	165	0
199	80	0
204	171	0
146	91	0
134	110	0
28	123	0
37	116	0
166	42	0
104	84	0
178	38	0
132	3	0
82	36	0
118	86	0
159	81	0
169	120	0
66	148	0
117	132	0
123	119	0
61	111	0
39	38	0
27	183	0
143	199	0
44	55	0
76	141	0
57	110	0
21	60	0
190	57	0
169	43	0
77	168	0
119	88	0
185	103	0
160	99	0
59	91	0
82	163	0
111	114	0
144	55	0
183	32	0
51	28	0
39	88	0
62	140	0
119	85	0
79	157	0
26	71	0
209	172	0
16	29	0
57	65	0
113	193	0
196	101	0
72	157	0
104	48	0
181	48	0
190	76	0
25	48	0
205	33	0
160	85	0
182	134	0
121	108	0
54	101	0
19	59	0
38	153	0
49	73	0
14	24	0
137	103	0
100	59	0
96	148	0
155	60	0
199	43	0
86	9	0
3	77	0
78	94	0
20	169	0
116	28	0
12	137	0
94	142	0
0	171	0
101	110	0
147	109	0
40	202	0
20	124	0
89	135	0
171	130	0
127	22	0
141	134	0
184	29	0
44	48	0
100	115	0
135	133	0
48	22	0
1	144	0
179	144	0
186	167	0
193	60	0
47	69	0
74	93	0
169	142	0
33	28	0
184	142	0
53	169	0
1	191	0
178	139	0
56	130	0
191	29	0
163	189	0
137	178	0
47	145	0
45	104	0
187	63	0
2	124	0
110	178	0
33	35	0
34	176	0
142	178	0
193	160	0
4	1	0
190	172	0
70	77	0
53	58	0
165	103	0
184	31	0
81	92	0
57	178	0
43	192	0
162	65	0
201	22	0
83	92	0
93	7	0
189	165	0
64	134	0
121	35	0
120	119	0
105	34	0
193	194	0
129	49	0
24	102	0
3	115	0
31	188	0
76	125	0
141	10	0
7	123	0
131	158	0
204	164	0
16	77	0
49	128	0
72	42	0
15	145	0
111	172	0
11	108	0
197	93	0
164	189	0
177	89	0
169	101	0
66	94	0
50	69	0
107	0	0
50	78	0
30	156	0
0	159	0
182	42	0
23	83	0
168	38	0
138	39	0
197	90	0
11	50	0
122	60	0
96	199	0
152	174	0
186	12	0
180	22	0
47	178	0
3	25	0
34	191	0
33	179	0
197	101	0
205	30	0
32	1	0
134	139	0
136	136	0
117	81	0
27	47	0
50	106	0
108	49	0
95	115	0
184	21	0
69	38	0
140	1	0
205	137	0
112	113	0
17	140	0
111	100	0
8	101	0
92	20	0
167	162	0
47	7	0
127	68	0
172	167	0
153	87	0
149	149	0
116	180	0
37	97	0
116	187	0
133	188	0
187	189	0
74	21	0
179	44	0
53	89	0
149	160	0
143	79	0
143	117	0
153	66	0
75	169	0
34	62	0
79	181	0
44	112	0
48	36	0
75	140	0
127	73	0
199	89	0
198	164	0
77	199	0
161	126	0
58	127	0
68	11	0
130	18	0
178	43	0
46	154	0
127	154	0
157	100	0
26	168	0
88	83	0
60	78	0
59	151	0
111	139	0
75	180	0
14	68	0
198	160	0
180	72	0
111	123	0
151	165	0
67	151	0
86	95	0
127	61	0
159	186	0
158	71	0
60	93	0
139	139	0
196	158	0
170	135	0
92	184	0
58	37	0
101	50	0
116	78	0
7	3	0
98	145	0
195	159	0
126	200	0
157	153	0
185	170	0
186	119	0
42	157	0
4	106	0
54	62	0
26	163	0
171	47	0
190	1	0
167	45	0
28	92	0
186	31	0
53	13	0
58	49	0
149	55	0
159	62	0
0	97	0
127	19	0
195	143	0
135	130	0
145	95	0
170	63	0
87	24	0
205	145	0
98	182	0
165	117	0
55	181	0
55	81	0
68	66	0
103	46	0
70	162	0
35	19	0
197	66	0
209	22	0
197	37	0
93	125	0
2	5	0
208	121	0
193	189	0
97	146	0
200	169	0
111	176	0
68	53	0
19	74	0
80	18	0
132	184	0
68	168	0
63	112	0
103	129	0
20	66	0
132	166	0
113	110	0
145	24	0
35	44	0
86	132	0
62	61	0
127	140	0
81	47	0
181	124	0
70	2	0
41	187	0
147	101	0
104	201	0
156	122	0
148	65	0
136	115	0
153	198	0
52	52	0
196	153	0
164	78	0
137	148	0
75	57	0
127	69	0
36	172	0
156	135	0
33	53	0
133	189	0
42	102	0
6	134	0
26	29	0
117	18	0
84	5	0
38	157	0
139	40	0
44	177	0
124	177	0
173	82	0
136	177	0
77	21	0
104	174	0
133	75	0
77	177	0
131	162	0
152	36	0
142	166	0
184	188	0
37	76	0
39	51	0
167	79	0
58	76	0
93	43	0
10	198	0
39	90	0
137	36	0
28	107	0
162	106	0
113	28	0
13	21	0
187	158	0
36	129	0
22	54	0
26	28	0
50	180	0
134	155	0
3	111	0
139	26	0
147	97	0
40	173	0
29	146	0
54	64	0
199	93	0
50	125	0
46	71	0
157	158	0
166	57	0
187	100	0
66	8	0
162	14	0
177	36	0
130	153	0
9	140	0
150	158	0
102	92	0
115	161	0
166	173	0
86	32	0
91	60	0
209	149	0
6	66	0
65	126	0
100	103	0
50	129	0
72	47	0
168	43	0
1	89	0
81	88	0
25	151	0
61	154	0
27	106	0
35	115	0
117	77	0
100	126	0
186	181	0
190	49	0
12	148	0
78	2	0
9	18	0
97	194	0
135	137	0
48	86	0
147	146	0
183	26	0
20	154	0
12	177	0
7	93	0
45	134	0
47	88	0
157	36	0
129	115	0
13	130	0
70	200	0
29	195	0
101	174	0
115	138	0
10	21	0
2	72	0
143	5	0
75	32	0
103	67	0
15	24	0
133	164	0
78	63	0
27	124	0
67	192	0
150	166	0
44	166	0
171	79	0
58	165	0
74	32	0
124	140	0
14	43	0
49	117	0
23	180	0
163	60	0
84	0	0
54	159	0
84	47	0
150	167	0
184	6	0
83	13	0
98	167	0
85	47	0
90	187	0
170	130	0
91	89	0
27	101	0
184	62	0
158	117	0
182	167	0
8	26	0
183	133	0
68	125	0
189	91	0
93	59	0
62	90	0
156	70	0
1	27	0
178	136	0
89	95	0
69	9	0
150	73	0
42	14	0
95	129	0
104	185	0
192	195	0
99	62	0
197	69	0
186	40	0
59	50	0
183	21	0
184	104	0
115	11	0
47	139	0
58	201	0
31	161	0
192	83	0
71	46	0
103	174	0
85	37	0
154	23	0
169	73	0
140	150	0
92	44	0
64	103	0
205	47	0
203	117	0
113	173	0
123	110	0
191	102	0
59	99	0
108	36	0
22	5	0
144	59	0
207	196	0
160	147	0
132	85	0
105	136	0
189	197	0
58	39	0
206	109	0
163	80	0
191	45	0
49	11	0
122	153	0
133	82	0
122	100	0
34	158	0
30	29	0
10	40	0
114	84	0
82	55	0
96	86	0
171	158	0
59	162	0
12	79	0
115	71	0
140	140	0
10	91	0
43	164	0
168	73	0
99	181	0
98	180	0
163	51	0
142	19	0
80	32	0
52	45	0
69	99	0
183	76	0
5	118	0
129	6	0
14	17	0
69	194	0
154	158	0
114	10	0
196	29	0
14	64	0
8	40	0
42	71	0
26	64	0
171	83	0
52	11	0
71	184	0
176	89	0
149	85	0
73	184	0
204	186	0
180	74	0
162	52	0
99	125	0
71	195	0
192	26	0
8	114	0
72	138	0
202	87	0
136	189	0
128	132	0
117	129	0
21	50	0
108	116	0
63	195	0
36	68	0
180	172	0
40	21	0
36	115	0
99	26	0
137	46	0
124	49	0
137	150	0
50	1	0
158	118	0
108	141	0
162	72	0
78	66	0
56	195	0
79	102	0
26	153	0
22	193	0
23	64	0
111	77	0
194	43	0
159	132	0
158	106	0
105	19	0
53	77	0
54	114	0
65	127	0
21	158	0
71	59	0
122	18	0
23	79	0
24	184	0
42	118	0
112	193	0
147	122	0
81	200	0
158	48	0
125	156	0
12	149	0
101	75	0
30	75	0
20	134	0
207	121	0
124	48	0
160	64	0
31	200	0
8	197	0
51	129	0
114	103	0
159	43	0
82	56	0
34	25	0
174	182	0
40	106	0
129	118	0
137	7	0
188	93	0
30	192	0
23	124	0
25	87	0
28	91	0
11	76	0
189	177	0
47	111	0
174	68	0
90	163	0
105	38	0
26	7	0
176	114	0
130	192	0
149	59	0
171	53	0
74	157	0
40	18	0
121	175	0
174	34	0
16	55	0
189	137	0
35	116	0
143	140	0
41	80	0
32	104	0
141	60	0
62	10	0
130	154	0
51	27	0
70	65	0
193	158	0
72	150	0
74	117	0
138	10	0
97	196	0
156	84	0
180	146	0
33	44	0
21	135	0
51	173	0
111	88	0
29	175	0
43	38	0
144	48	0
93	57	0
205	43	0
188	30	0
199	202	0
172	0	0
86	20	0
28	183	0
158	25	0
155	26	0
20	7	0
164	96	0
31	63	0
165	143	0
171	61	0
56	115	0
127	1	0
115	132	0
91	11	0
180	79	0
26	154	0
3	169	0
140	123	0
56	27	0
25	163	0
207	117	0
190	108	0
166	43	0
57	9	0
206	118	0
145	13	0
119	49	0
18	199	0
100	138	0
141	170	0
77	19	0
197	10	0
56	8	0
54	109	0
143	202	0
84	14	0
1	165	0
187	187	0
50	5	0
85	1	0
24	74	0
177	93	0
94	115	0
164	176	0
209	130	0
124	174	0
27	34	0
87	158	0
184	52	0
80	55	0
68	169	0
70	193	0
155	9	0
62	186	0
209	19	0
5	202	0
184	187	0
16	92	0
89	114	0
45	40	0
148	68	0
41	56	0
14	192	0
175	3	0
27	200	0
89	127	0
201	140	0
86	18	0
195	173	0
187	98	0
34	70	0
109	51	0
50	156	0
24	59	0
96	14	0
104	169	0
116	39	0
131	104	0
74	50	0
69	104	0
97	176	0
195	187	0
67	110	0
111	39	0
174	35	0
119	168	0
127	71	0
151	136	0
153	76	0
53	95	0
171	203	0
153	33	0
135	34	0
61	121	0
123	167	0
31	52	0
66	149	0
169	114	0
121	2	0
157	78	0
124	192	0
35	144	0
180	8	0
4	5	0
2	153	0
172	172	0
127	186	0
71	160	0
27	163	0
116	118	0
207	72	0
98	29	0
131	61	0
60	72	0
31	154	0
14	36	0
83	111	0
29	179	0
109	65	0
123	148	0
148	41	0
127	171	0
35	48	0
115	108	0
40	84	0
142	64	0
104	200	0
80	151	0
114	142	0
143	122	0
209	128	0
140	169	0
26	114	0
159	138	0
8	132	0
81	155	0
85	91	0
72	117	0
178	75	0
99	50	0
136	129	0
10	53	0
195	170	0
91	128	0
133	30	0
56	6	0
92	36	0
59	70	0
167	149	0
25	136	0
31	34	0
23	111	0
22	82	0
180	114	0
37	44	0
90	141	0
144	179	0
184	154	0
127	79	0
176	174	0
118	132	0
17	148	0
51	171	0
192	43	0
10	92	0
185	163	0
84	140	0
11	120	0
20	201	0
208	24	0
148	54	0
4	172	0
108	58	0
74	128	0
105	14	0
179	137	0
86	182	0
156	71	0
101	121	0
107	145	0
51	70	0
66	84	0
49	87	0
23	158	0
161	150	0
181	65	0
43	21	0
78	106	0
177	155	0
33	164	0
78	141	0
79	57	0
209	87	0
44	43	0
17	194	0
67	158	0
161	166	0
164	2	0
166	115	0
82	0	0
118	12	0
101	28	0
118	59	0
94	69	0
18	142	0
102	114	0
190	120	0
25	13	0
100	11	0
88	157	0
73	72	0
187	200	0
30	125	0
92	127	0
182	57	0
172	118	0
60	158	0
65	41	0
42	113	0
12	91	0
207	159	0
69	118	0
157	99	0
12	167	0
111	20	0
115	153	0
22	68	0
153	77	0
138	1	0
141	172	0
165	182	0
207	100	0
45	92	0
152	59	0
163	0	0
126	159	0
89	17	0
68	4	0
123	153	0
155	195	0
199	148	0
42	51	0
33	115	0
144	50	0
74	72	0
44	119	0
206	56	0
107	39	0
72	32	0
18	181	0
37	87	0
25	35	0
17	121	0
202	134	0
140	185	0
49	41	0
145	73	0
83	163	0
159	94	0
85	25	0
50	39	0
90	140	0
3	75	0
140	31	0
99	107	0
157	165	0
162	144	0
61	77	0
103	114	0
167	114	0
75	134	0
30	31	0
80	43	0
207	118	0
25	42	0
89	143	0
2	84	0
109	188	0
60	140	0
76	166	0
30	135	0
110	6	0
94	61	0
172	5	0
193	88	0
38	203	0
141	124	0
64	112	0
199	34	0
48	103	0
198	53	0
0	62	0
111	51	0
61	138	0
154	66	0
33	77	0
95	201	0
99	131	0
137	77	0
168	17	0
202	47	0
176	111	0
72	170	0
190	73	0
172	156	0
63	90	0
132	35	0
49	103	0
82	140	0
168	94	0
168	169	0
128	14	0
111	87	0
159	22	0
64	177	0
50	6	0
197	151	0
200	60	0
146	95	0
132	12	0
91	180	0
50	152	0
69	171	0
21	119	0
173	158	0
58	78	0
94	119	0
162	78	0
59	37	0
104	47	0
1	124	0
108	34	0
189	26	0
181	134	0
47	56	0
14	63	0
134	8	0
174	94	0
94	174	0
72	12	0
119	162	0
146	165	0
35	59	0
79	155	0
183	16	0
52	96	0
134	33	0
30	136	0
136	135	0
54	15	0
141	114	0
16	163	0
65	8	0
57	38	0
161	81	0
25	109	0
207	77	0
129	10	0
208	184	0
174	87	0
129	132	0
19	23	0
185	75	0
129	174	0
38	140	0
38	168	0
133	193	0
181	81	0
185	73	0
201	73	0
200	172	0
190	166	0
140	200	0
34	125	0
84	78	0
166	99	0
108	63	0
64	108	0
206	23	0
77	26	0
164	0	0
4	33	0
9	95	0
17	167	0
147	107	0
10	108	0
186	133	0
189	50	0
101	57	0
21	63	0
114	160	0
5	94	0
165	156	0
15	153	0
0	84	0
115	100	0
9	127	0
163	123	0
193	59	0
146	75	0
111	38	0
5	10	0
21	28	0
131	201	0
194	134	0
53	64	0
89	14	0
42	193	0
162	125	0
128	88	0
34	179	0
61	59	0
37	196	0
137	74	0
145	61	0
128	199	0
80	157	0
39	25	0
82	90	0
150	25	0
61	132	0
40	17	0
12	73	0
167	97	0
94	91	0
124	139	0
74	13	0
204	141	0
86	180	0
95	85	0
57	109	0
159	119	0
85	99	0
92	37	0
186	116	0
122	125	0
20	164	0
42	120	0
36	24	0
39	122	0
167	202	0
28	52	0
132	127	0
100	86	0
198	14	0
207	119	0
44	39	0
97	16	0
157	188	0
26	67	0
89	96	0
157	3	0
87	34	0
9	105	0
185	189	0
23	90	0
46	66	0
106	78	0
90	197	0
90	182	0
116	4	0
153	83	0
206	88	0
33	137	0
156	178	0
154	31	0
80	192	0
51	40	0
203	23	0
159	14	0
48	186	0
20	73	0
25	65	0
37	115	0
135	65	0
188	169	0
198	51	0
35	39	0
41	7	0
189	180	0
9	139	0
8	113	0
31	125	0
156	34	0
11	95	0
94	127	0
104	142	0
43	8	0
7	81	0
34	41	0
161	43	0
124	126	0
131	145	0
27	39	0
192	151	0
89	21	0
93	156	0
18	15	0
29	191	0
145	51	0
8	69	0
174	171	0
184	56	0
78	116	0
181	152	0
188	11	0
39	82	0
86	2	0
116	198	0
61	83	0
209	111	0
48	112	0
46	152	0
61	181	0
199	36	0
99	140	0
129	191	0
171	34	0
128	16	0
91	105	0
95	64	0
107	158	0
206	71	0
97	64	0
24	95	0
164	48	0
79	201	0
133	160	0
22	90	0
157	111	0
37	64	0
103	64	0
163	116	0
31	86	0
55	20	0
145	105	0
21	57	0
46	75	0
2	166	0
148	161	0
48	100	0
30	82	0
139	122	0
120	181	0
81	190	0
172	95	0
181	190	0
152	65	0
129	159	0
19	29	0
143	190	0
79	54	0
181	122	0
71	22	0
185	187	0
133	144	0
168	157	0
81	1	0
191	69	0
99	74	0
22	94	0
20	155	0
21	191	0
131	120	0
6	192	0
185	120	0
16	18	0
193	146	0
166	127	0
30	55	0
46	44	0
156	113	0
24	121	0
84	29	0
112	122	0
97	180	0
209	192	0
146	157	0
38	37	0
9	72	0
98	66	0
32	80	0
41	177	0
185	160	0
166	177	0
191	129	0
127	119	0
88	69	0
180	69	0
191	166	0
172	30	0
147	28	0
100	73	0
125	168	0
120	113	0
98	111	0
183	198	0
35	94	0
148	156	0
32	186	0
31	96	0
6	108	0
124	34	0
178	72	0
22	81	0
40	174	0
167	33	0
74	185	0
141	199	0
88	90	0
165	164	0
102	54	0
112	142	0
61	133	0
42	122	0
134	119	0
166	95	0
12	142	0
150	23	0
3	33	0
16	23	0
181	76	0
104	145	0
161	124	0
125	169	0
31	128	0
188	197	0
165	146	0
139	34	0
14	28	0
9	86	0
185	190	0
153	6	0
92	189	0
96	94	0
196	88	0
158	24	0
122	74	0
75	108	0
0	123	0
31	157	0
181	164	0
165	203	0
55	14	0
178	18	0
181	64	0
160	136	0
17	16	0
193	201	0
115	190	0
171	159	0
4	177	0
50	89	0
39	127	0
10	104	0
88	42	0
92	153	0
111	119	0
111	173	0
125	35	0
154	103	0
72	38	0
59	168	0
84	176	0
34	163	0
123	29	0
188	105	0
51	37	0
154	58	0
39	151	0
96	3	0
74	25	0
1	30	0
93	14	0
16	186	0
165	70	0
93	63	0
77	30	0
126	31	0
83	6	0
151	137	0
116	122	0
45	99	0
88	164	0
108	181	0
197	98	0
17	58	0
168	48	0
103	27	0
150	176	0
95	162	0
23	200	0
102	133	0
81	13	0
114	99	0
144	84	0
20	17	0
115	67	0
113	142	0
20	189	0
197	125	0
16	136	0
200	186	0
121	194	0
133	29	0
52	181	0
47	113	0
115	178	0
161	164	0
1	178	0
27	135	0
104	68	0
112	170	0
65	16	0
10	118	0
116	11	0
17	182	0
101	103	0
204	40	0
9	61	0
191	40	0
16	78	0
55	12	0
45	44	0
52	0	0
92	26	0
119	46	0
168	103	0
170	164	0
160	25	0
206	24	0
186	95	0
0	169	0
104	181	0
167	19	0
139	132	0
23	8	0
4	50	0
89	145	0
57	97	0
39	43	0
92	118	0
72	127	0
151	173	0
137	173	0
14	128	0
77	31	0
171	67	0
115	49	0
176	158	0
169	143	0
192	56	0
79	154	0
151	15	0
35	6	0
41	44	0
195	129	0
148	188	0
172	60	0
171	89	0
112	97	0
91	151	0
2	169	0
155	13	0
151	72	0
53	148	0
84	92	0
57	61	0
24	179	0
201	105	0
143	78	0
109	106	0
206	7	0
147	65	0
82	183	0
118	183	0
122	126	0
51	162	0
81	150	0
182	30	0
59	150	0
174	165	0
121	128	0
206	81	0
108	69	0
55	47	0
52	98	0
207	130	0
20	135	0
75	12	0
146	113	0
138	85	0
28	36	0
58	70	0
128	136	0
53	159	0
200	153	0
158	68	0
141	184	0
86	169	0
8	14	0
84	33	0
110	185	0
206	15	0
49	190	0
133	161	0
12	100	0
25	161	0
107	84	0
117	24	0
36	162	0
191	2	0
127	117	0
199	201	0
50	40	0
40	49	0
25	132	0
189	132	0
93	8	0
29	169	0
45	67	0
206	69	0
70	151	0
167	41	0
141	44	0
118	4	0
204	201	0
154	6	0
56	58	0
183	107	0
136	203	0
8	183	0
113	105	0
110	74	0
121	44	0
176	121	0
89	8	0
180	53	0
195	201	0
51	145	0
88	196	0
125	34	0
191	148	0
101	125	0
201	75	0
54	131	0
126	103	0
132	44	0
2	164	0
56	99	0
163	176	0
157	122	0
29	112	0
205	4	0
34	52	0
154	86	0
44	71	0
192	197	0
76	192	0
146	174	0
147	105	0
164	117	0
57	156	0
126	156	0
168	118	0
62	177	0
177	52	0
74	151	0
56	142	0
71	123	0
88	95	0
208	113	0
155	155	0
152	149	0
18	190	0
171	78	0
58	109	0
176	180	0
24	180	0
139	162	0
174	65	0
104	59	0
111	197	0
33	20	0
161	162	0
182	28	0
126	178	0
88	13	0
180	5	0
82	150	0
84	173	0
69	0	0
99	101	0
188	89	0
172	68	0
200	179	0
103	187	0
18	11	0
17	100	0
117	143	0
113	73	0
121	19	0
62	35	0
177	66	0
105	94	0
181	32	0
5	71	0
117	201	0
97	130	0
51	16	0
132	17	0
142	24	0
23	184	0
18	80	0
14	194	0
195	130	0
207	123	0
123	76	0
130	117	0
200	58	0
121	124	0
188	45	0
119	143	0
134	21	0
168	91	0
109	37	0
164	134	0
45	76	0
205	170	0
114	180	0
77	55	0
69	105	0
94	161	0
63	104	0
92	194	0
12	20	0
85	83	0
141	123	0
38	26	0
204	170	0
148	63	0
5	66	0
97	69	0
81	97	0
109	68	0
70	171	0
174	14	0
133	93	0
29	43	0
169	35	0
156	33	0
49	102	0
139	192	0
26	171	0
84	71	0
137	70	0
62	132	0
89	25	0
44	99	0
97	59	0
82	18	0
121	170	0
2	16	0
87	129	0
194	151	0
160	27	0
56	147	0
7	45	0
174	202	0
76	42	0
144	116	0
206	194	0
88	186	0
86	103	0
183	74	0
48	49	0
141	64	0
195	174	0
155	68	0
87	175	0
55	143	0
160	24	0
152	115	0
191	137	0
62	173	0
105	138	0
101	22	0
130	176	0
83	5	0
145	112	0
39	174	0
205	103	0
132	130	0
100	68	0
123	89	0
102	113	0
31	170	0
54	52	0
39	189	0
41	199	0
28	136	0
11	191	0
162	202	0
122	58	0
126	88	0
33	16	0
87	87	0
150	128	0
129	88	0
89	39	0
196	72	0
94	117	0
162	41	0
96	56	0
174	117	0
127	75	0
182	157	0
191	118	0
21	197	0
36	155	0
158	142	0
105	143	0
3	193	0
51	47	0
10	190	0
195	95	0
66	97	0
11	59	0
20	60	0
82	134	0
15	13	0
11	89	0
195	126	0
193	93	0
202	143	0
47	140	0
26	170	0
93	80	0
155	113	0
63	163	0
16	124	0
66	59	0
18	112	0
80	131	0
6	153	0
203	59	0
179	21	0
202	124	0
182	123	0
88	2	0
147	163	0
185	11	0
25	113	0
123	182	0
33	62	0
88	125	0
92	51	0
180	127	0
36	116	0
168	55	0
139	56	0
27	35	0
1	76	0
109	129	0
6	168	0
23	92	0
151	24	0
130	128	0
92	162	0
69	108	0
128	44	0
191	32	0
80	183	0
41	66	0
191	13	0
146	164	0
51	34	0
72	23	0
47	151	0
62	181	0
48	185	0
117	36	0
72	141	0
96	100	0
142	53	0
96	19	0
15	53	0
121	139	0
198	12	0
22	119	0
160	188	0
206	87	0
123	42	0
170	81	0
136	200	0
5	59	0
181	42	0
26	49	0
181	33	0
110	21	0
180	142	0
60	92	0
162	111	0
62	104	0
100	159	0
209	168	0
95	20	0
128	90	0
140	194	0
106	137	0
203	19	0
162	124	0
142	46	0
55	191	0
33	69	0
199	83	0
60	22	0
116	75	0
14	94	0
14	172	0
80	23	0
206	53	0
22	72	0
38	164	0
117	192	0
181	83	0
10	194	0
131	150	0
40	111	0
179	136	0
126	99	0
189	80	0
35	97	0
131	183	0
10	81	0
150	59	0
61	105	0
97	113	0
87	17	0
139	156	0
63	107	0
152	8	0
169	181	0
148	64	0
85	175	0
62	94	0
150	146	0
133	72	0
208	71	0
31	10	0
1	117	0
0	17	0
196	91	0
110	50	0
172	194	0
193	87	0
96	18	0
112	16	0
73	62	0
97	190	0
156	80	0
193	61	0
170	31	0
189	34	0
1	44	0
18	21	0
20	81	0
56	120	0
178	32	0
151	169	0
142	61	0
180	10	0
124	97	0
129	69	0
187	41	0
2	168	0
144	168	0
156	161	0
59	65	0
180	97	0
103	165	0
65	125	0
188	189	0
140	47	0
204	18	0
154	178	0
159	96	0
7	166	0
147	32	0
96	2	0
162	135	0
138	175	0
154	26	0
133	79	0
115	62	0
74	15	0
189	188	0
11	197	0
72	14	0
10	27	0
140	103	0
24	151	0
81	3	0
186	63	0
186	57	0
88	77	0
122	112	0
57	75	0
51	99	0
138	12	0
67	101	0
65	156	0
125	54	0
203	67	0
177	62	0
37	138	0
201	136	0
37	71	0
185	35	0
168	112	0
63	40	0
33	99	0
113	130	0
71	154	0
196	54	0
199	162	0
54	126	0
87	57	0
3	28	0
171	172	0
196	134	0
158	126	0
101	9	0
91	170	0
101	188	0
206	66	0
183	63	0
188	117	0
29	138	0
114	159	0
192	137	0
191	100	0
65	2	0
41	26	0
199	112	0
90	68	0
123	149	0
8	100	0
43	142	0
168	102	0
177	149	0
90	151	0
89	37	0
59	104	0
123	106	0
75	88	0
10	143	0
10	23	0
36	16	0
150	88	0
11	101	0
194	86	0
19	161	0
13	196	0
113	68	0
43	125	0
31	146	0
108	101	0
178	164	0
23	192	0
59	100	0
56	64	0
143	138	0
21	117	0
26	119	0
169	32	0
58	64	0
93	170	0
169	14	0
126	3	0
150	134	0
27	54	0
159	134	0
170	100	0
146	178	0
14	34	0
67	20	0
182	184	0
151	56	0
16	91	0
167	64	0
140	132	0
190	191	0
98	115	0
186	120	0
62	75	0
126	115	0
23	22	0
48	124	0
54	146	0
58	105	0
9	64	0
180	56	0
129	140	0
117	174	0
100	43	0
40	89	0
98	164	0
105	10	0
136	34	0
120	14	0
21	194	0
124	75	0
178	28	0
127	173	0
20	129	0
79	175	0
192	111	0
148	69	0
36	103	0
124	159	0
7	12	0
52	102	0
173	96	0
202	108	0
159	77	0
34	40	0
195	28	0
41	179	0
100	136	0
30	67	0
57	159	0
28	160	0
80	27	0
29	11	0
106	185	0
62	88	0
172	21	0
118	155	0
113	185	0
49	88	0
104	111	0
172	41	0
174	162	0
18	182	0
62	16	0
208	112	0
133	3	0
22	167	0
209	30	0
123	11	0
135	62	0
39	180	0
160	88	0
135	33	0
181	103	0
51	76	0
31	183	0
169	87	0
136	118	0
4	128	0
96	191	0
114	11	0
140	77	0
114	126	0
58	71	0
179	164	0
101	14	0
92	149	0
146	1	0
33	47	0
205	80	0
189	187	0
38	80	0
180	70	0
7	160	0
75	100	0
134	83	0
88	202	0
24	11	0
103	49	0
38	184	0
90	39	0
151	83	0
84	171	0
156	136	0
159	78	0
6	4	0
23	85	0
8	21	0
11	60	0
83	65	0
48	32	0
62	41	0
47	156	0
86	58	0
100	190	0
41	2	0
135	3	0
198	139	0
61	73	0
89	112	0
77	196	0
122	35	0
7	115	0
154	102	0
168	126	0
123	79	0
173	83	0
152	112	0
52	162	0
61	74	0
37	140	0
44	102	0
110	17	0
5	116	0
64	182	0
150	75	0
186	129	0
126	43	0
24	97	0
123	183	0
71	90	0
138	23	0
65	39	0
184	19	0
83	24	0
124	190	0
162	32	0
121	62	0
178	69	0
121	87	0
142	66	0
196	154	0
162	69	0
63	147	0
184	123	0
191	23	0
30	127	0
0	70	0
0	135	0
