0	4	1
0	165	1
1	5	1
1	152	1
1	156	1
1	161	1
1	162	1
1	163	1
1	164	1
2	17	1
2	60	1
2	61	1
2	62	1
2	63	1
2	64	1
3	6	1
3	7	1
3	8	1
3	9	1
3	10	1
3	11	1
3	131	1
3	138	1
3	190	1
4	89	1
5	25	1
5	26	1
5	27	1
5	28	1
5	29	1
5	30	1
5	31	1
5	32	1
5	33	1
5	34	1
5	35	1
5	36	1
5	37	1
5	38	1
5	134	1
6	3	1
6	110	1
6	143	1
6	144	1
6	145	1
7	162	1
7	164	1
8	88	1
9	126	1
9	130	1
9	133	1
9	147	1
9	149	1
9	150	1
9	151	1
9	152	1
9	153	1
9	156	1
9	157	1
9	158	1
9	159	1
9	160	1
9	199	1
10	88	1
11	49	1
11	65	1
11	196	1
12	25	1
12	26	1
12	27	1
12	28	1
12	29	1
12	30	1
12	31	1
12	32	1
12	33	1
12	34	1
12	35	1
12	36	1
12	37	1
12	38	1
12	39	1
12	46	1
12	47	1
12	48	1
12	134	1
13	0	1
13	19	1
13	23	1
13	24	1
13	40	1
13	41	1
13	43	1
13	44	1
13	45	1
13	50	1
13	51	1
13	52	1
13	53	1
13	68	1
13	69	1
13	70	1
13	71	1
13	72	1
13	73	1
13	74	1
13	75	1
13	76	1
13	77	1
13	78	1
13	79	1
13	80	1
13	81	1
13	82	1
13	83	1
13	84	1
13	85	1
13	86	1
13	87	1
13	88	1
13	89	1
13	90	1
13	91	1
13	92	1
13	93	1
13	94	1
13	95	1
13	96	1
13	97	1
13	99	1
13	100	1
13	101	1
13	102	1
13	103	1
13	105	1
13	106	1
13	107	1
13	108	1
13	109	1
13	110	1
13	111	1
13	112	1
13	113	1
13	114	1
13	115	1
13	116	1
13	124	1
13	125	1
13	128	1
13	135	1
13	136	1
13	140	1
13	142	1
13	166	1
13	181	1
13	183	1
13	184	1
13	185	1
13	186	1
13	191	1
13	193	1
13	195	1
13	198	1
13	200	1
13	202	1
13	203	1
14	126	1
14	130	1
14	133	1
14	147	1
14	149	1
14	150	1
14	151	1
14	152	1
14	153	1
14	156	1
14	157	1
14	158	1
14	159	1
14	160	1
14	199	1
15	168	1
15	170	1
15	171	1
15	173	1
15	174	1
16	94	1
16	107	1
16	108	1
16	109	1
17	25	1
17	26	1
17	27	1
17	28	1
17	29	1
17	30	1
17	31	1
17	32	1
17	33	1
17	34	1
17	35	1
17	36	1
17	37	1
17	38	1
17	134	1
18	25	1
18	26	1
18	27	1
18	28	1
18	29	1
18	30	1
19	2	1
19	16	1
19	42	1
19	66	1
19	67	1
19	126	1
19	127	1
19	129	1
19	130	1
19	132	1
19	133	1
19	141	1
19	143	1
19	144	1
19	145	1
19	147	1
19	149	1
19	150	1
19	151	1
19	152	1
19	153	1
19	156	1
19	157	1
19	158	1
19	159	1
19	160	1
19	168	1
19	169	1
19	170	1
19	171	1
19	172	1
19	173	1
19	174	1
19	175	1
19	176	1
19	177	1
19	178	1
19	179	1
19	180	1
19	187	1
19	188	1
19	189	1
19	192	1
19	197	1
19	199	1
19	201	1
20	89	1
20	98	1
21	3	1
21	89	1
21	166	1
22	25	1
23	105	1
24	84	1
24	111	1
25	170	1
25	171	1
25	173	1
25	174	1
25	175	1
25	177	1
25	180	1
25	187	1
25	188	1
25	189	1
25	201	1
26	75	1
26	88	1
26	110	1
27	146	1
27	148	1
27	149	1
27	150	1
27	152	1
27	154	1
27	155	1
28	146	1
28	148	1
28	149	1
28	150	1
28	152	1
28	154	1
28	155	1
28	156	1
28	186	1
29	72	1
30	162	1
30	163	1
31	94	1
32	89	1
32	98	1
33	89	1
33	166	1
34	189	1
35	162	1
35	164	1
36	89	1
37	2	1
37	42	1
37	66	1
37	67	1
37	127	1
37	129	1
37	132	1
37	141	1
37	143	1
37	144	1
37	145	1
37	168	1
37	169	1
37	170	1
37	171	1
37	172	1
37	173	1
37	174	1
37	175	1
37	176	1
37	177	1
37	178	1
37	179	1
37	180	1
37	187	1
37	188	1
37	189	1
37	192	1
37	197	1
37	201	1
38	170	1
38	171	1
38	173	1
38	177	1
38	180	1
38	201	1
39	49	1
39	65	1
39	196	1
40	65	1
41	25	1
42	25	1
43	146	1
43	148	1
43	149	1
43	150	1
43	152	1
43	154	1
43	155	1
44	109	1
45	187	1
46	7	1
46	8	1
46	9	1
46	13	1
46	15	1
46	25	1
46	26	1
46	27	1
46	28	1
46	29	1
46	30	1
46	31	1
46	32	1
46	33	1
46	34	1
46	35	1
46	36	1
46	37	1
46	38	1
46	131	1
46	134	1
46	138	1
46	190	1
47	146	1
48	2	1
48	42	1
48	66	1
48	67	1
48	126	1
48	127	1
48	129	1
48	130	1
48	132	1
48	133	1
48	141	1
48	143	1
48	144	1
48	145	1
48	147	1
48	149	1
48	150	1
48	151	1
48	152	1
48	153	1
48	156	1
48	157	1
48	158	1
48	159	1
48	160	1
48	168	1
48	169	1
48	170	1
48	171	1
48	172	1
48	173	1
48	174	1
48	175	1
48	176	1
48	177	1
48	178	1
48	179	1
48	180	1
48	187	1
48	188	1
48	189	1
48	192	1
48	197	1
48	199	1
48	201	1
49	49	1
49	65	1
49	196	1
50	105	1
51	88	1
52	7	1
52	8	1
52	9	1
52	13	1
52	15	1
52	131	1
52	138	1
52	190	1
53	22	1
53	119	1
53	120	1
53	121	1
53	122	1
53	123	1
53	143	1
53	144	1
53	145	1
53	194	1
54	25	1
54	26	1
54	27	1
54	28	1
54	29	1
54	30	1
54	31	1
54	32	1
54	33	1
54	34	1
54	35	1
54	36	1
54	37	1
54	38	1
54	39	1
54	134	1
55	152	1
56	16	1
56	46	1
56	47	1
56	48	1
57	25	1
57	55	1
57	146	1
58	126	1
58	130	1
58	133	1
58	146	1
58	147	1
58	149	1
58	150	1
58	151	1
58	153	1
58	156	1
58	157	1
58	158	1
58	159	1
58	160	1
58	187	1
58	188	1
58	189	1
58	199	1
59	187	1
59	188	1
59	189	1
60	2	1
60	25	1
60	42	1
60	46	1
60	50	1
60	66	1
60	67	1
60	105	1
60	110	1
60	127	1
60	129	1
60	132	1
60	136	1
60	137	1
60	141	1
60	168	1
60	169	1
60	170	1
60	171	1
60	172	1
60	173	1
60	174	1
60	175	1
60	176	1
60	177	1
60	178	1
60	179	1
60	180	1
60	187	1
60	188	1
60	189	1
60	192	1
60	197	1
60	201	1
61	25	1
61	46	1
61	50	1
61	68	1
62	25	1
62	46	1
62	50	1
62	68	1
63	25	1
63	26	1
63	27	1
63	28	1
63	29	1
63	30	1
63	31	1
63	32	1
63	33	1
63	34	1
63	35	1
63	36	1
63	37	1
63	38	1
63	46	1
63	50	1
63	68	1
63	134	1
64	25	1
64	46	1
64	50	1
64	68	1
65	25	1
65	26	1
65	27	1
65	28	1
65	29	1
65	30	1
65	31	1
65	32	1
65	33	1
65	34	1
65	35	1
65	36	1
65	37	1
65	38	1
65	46	1
65	47	1
65	48	1
65	50	1
65	68	1
65	134	1
66	25	1
66	26	1
66	27	1
66	28	1
66	29	1
66	30	1
66	31	1
66	32	1
66	33	1
66	34	1
66	35	1
66	36	1
66	37	1
66	38	1
66	134	1
67	25	1
67	26	1
67	27	1
67	28	1
67	29	1
67	30	1
67	31	1
67	32	1
67	33	1
67	34	1
67	35	1
67	36	1
67	37	1
67	38	1
67	39	1
67	46	1
67	47	1
67	48	1
67	134	1
68	25	1
68	26	1
68	27	1
68	28	1
68	29	1
68	30	1
68	31	1
68	32	1
68	33	1
68	34	1
68	35	1
68	36	1
68	37	1
68	38	1
68	134	1
69	126	1
69	130	1
69	133	1
69	147	1
69	149	1
69	150	1
69	151	1
69	153	1
69	156	1
69	157	1
69	158	1
69	159	1
69	160	1
69	199	1
70	152	1
71	2	1
71	42	1
71	66	1
71	67	1
71	127	1
71	129	1
71	132	1
71	141	1
71	143	1
71	144	1
71	145	1
71	168	1
71	169	1
71	170	1
71	171	1
71	172	1
71	173	1
71	174	1
71	175	1
71	176	1
71	177	1
71	178	1
71	179	1
71	180	1
71	187	1
71	188	1
71	189	1
71	192	1
71	197	1
71	201	1
72	65	1
73	13	1
74	89	1
75	89	1
76	162	1
77	6	1
77	7	1
77	8	1
77	9	1
77	10	1
77	11	1
77	131	1
77	138	1
77	190	1
78	168	1
78	170	1
78	171	1
78	173	1
78	174	1
79	68	1
79	69	1
79	70	1
79	72	1
79	77	1
79	170	1
79	173	1
79	174	1
80	71	1
80	168	1
80	170	1
80	171	1
80	173	1
80	174	1
81	2	1
81	42	1
81	66	1
81	67	1
81	127	1
81	129	1
81	132	1
81	141	1
81	143	1
81	144	1
81	145	1
81	168	1
81	169	1
81	170	1
81	171	1
81	172	1
81	173	1
81	174	1
81	175	1
81	176	1
81	177	1
81	178	1
81	179	1
81	180	1
81	187	1
81	188	1
81	189	1
81	192	1
81	197	1
81	201	1
82	70	1
82	74	1
82	75	1
82	78	1
82	94	1
82	170	1
82	174	1
83	2	1
83	42	1
83	66	1
83	67	1
83	127	1
83	129	1
83	132	1
83	141	1
83	143	1
83	144	1
83	145	1
83	168	1
83	169	1
83	170	1
83	171	1
83	172	1
83	173	1
83	174	1
83	175	1
83	176	1
83	177	1
83	178	1
83	179	1
83	180	1
83	187	1
83	188	1
83	189	1
83	192	1
83	197	1
83	201	1
84	195	1
85	20	1
85	21	1
85	49	1
85	65	1
85	196	1
86	74	1
87	68	1
87	69	1
87	72	1
87	74	1
87	77	1
87	146	1
87	148	1
87	149	1
87	150	1
87	152	1
87	154	1
87	155	1
88	146	1
88	148	1
88	149	1
88	150	1
88	152	1
88	154	1
88	155	1
89	72	1
89	146	1
89	148	1
89	149	1
89	150	1
89	152	1
89	154	1
89	155	1
89	186	1
90	44	1
90	71	1
90	72	1
90	74	1
90	87	1
90	104	1
90	128	1
90	146	1
90	148	1
90	149	1
90	150	1
90	152	1
90	154	1
90	155	1
90	184	1
90	186	1
90	202	1
91	44	1
91	88	1
91	104	1
92	88	1
92	98	1
92	103	1
92	170	1
92	175	1
92	176	1
92	180	1
92	183	1
92	193	1
92	202	1
93	117	1
93	118	1
93	126	1
93	127	1
93	130	1
93	139	1
93	157	1
93	158	1
93	159	1
93	160	1
93	167	1
93	188	1
93	189	1
93	199	1
94	105	1
95	105	1
96	105	1
97	105	1
98	105	1
99	20	1
99	21	1
99	49	1
99	65	1
99	196	1
100	20	1
100	21	1
100	49	1
100	65	1
100	196	1
101	25	1
102	25	1
103	25	1
104	152	1
105	146	1
105	189	1
106	16	1
106	17	1
106	25	1
106	26	1
106	27	1
106	28	1
106	29	1
106	30	1
106	60	1
106	61	1
106	62	1
106	63	1
106	64	1
107	6	1
107	7	1
107	8	1
107	9	1
107	11	1
107	12	1
107	13	1
107	14	1
107	15	1
107	49	1
107	65	1
107	131	1
107	138	1
107	190	1
107	196	1
108	146	1
108	148	1
108	149	1
108	150	1
108	152	1
108	154	1
108	155	1
108	156	1
108	186	1
109	152	1
109	156	1
110	146	1
110	148	1
110	149	1
110	150	1
110	152	1
110	154	1
110	155	1
110	156	1
110	186	1
111	146	1
111	148	1
111	149	1
111	150	1
111	152	1
111	154	1
111	155	1
111	156	1
111	186	1
112	146	1
112	148	1
112	149	1
112	150	1
112	152	1
112	154	1
112	155	1
112	156	1
112	186	1
113	143	1
113	144	1
113	145	1
113	146	1
113	148	1
113	149	1
113	150	1
113	152	1
113	154	1
113	155	1
113	156	1
113	186	1
114	146	1
114	148	1
114	149	1
114	150	1
114	152	1
114	154	1
114	155	1
114	156	1
114	186	1
115	7	1
116	7	1
117	7	1
118	7	1
119	105	1
120	16	1
120	50	1
120	51	1
120	52	1
120	53	1
120	54	1
120	55	1
120	57	1
120	58	1
120	59	1
120	126	1
120	130	1
120	133	1
120	147	1
120	149	1
120	150	1
120	151	1
120	152	1
120	153	1
120	156	1
120	157	1
120	158	1
120	159	1
120	160	1
120	199	1
121	7	1
122	109	1
123	94	1
124	108	1
125	108	1
125	109	1
126	109	1
127	109	1
128	94	1
128	107	1
128	108	1
128	109	1
129	111	1
130	13	1
131	13	1
132	13	1
133	25	1
134	170	1
134	175	1
134	180	1
135	89	1
136	16	1
137	109	1
138	146	1
138	148	1
138	149	1
138	150	1
138	152	1
138	154	1
138	155	1
138	156	1
138	186	1
139	25	1
140	51	1
140	105	1
141	143	1
141	144	1
141	145	1
142	146	1
142	148	1
142	149	1
142	150	1
142	152	1
142	154	1
142	155	1
142	156	1
142	186	1
143	2	1
143	42	1
143	66	1
143	67	1
143	127	1
143	129	1
143	132	1
143	141	1
143	143	1
143	144	1
143	145	1
143	168	1
143	169	1
143	170	1
143	171	1
143	172	1
143	173	1
143	174	1
143	175	1
143	176	1
143	177	1
143	178	1
143	179	1
143	180	1
143	187	1
143	188	1
143	189	1
143	192	1
143	197	1
143	201	1
144	143	1
144	144	1
144	145	1
145	108	1
146	72	1
146	83	1
146	94	1
146	146	1
146	148	1
146	149	1
146	150	1
146	152	1
146	154	1
146	155	1
146	156	1
146	186	1
147	3	1
147	110	1
147	143	1
147	144	1
147	145	1
148	107	1
149	98	1
150	162	1
151	3	1
151	110	1
151	143	1
151	144	1
151	145	1
152	156	1
153	98	1
154	166	1
155	98	1
156	170	1
156	174	1
157	20	1
157	21	1
157	46	1
157	47	1
157	49	1
157	65	1
157	182	1
157	196	1
158	146	1
158	148	1
158	149	1
158	150	1
158	152	1
158	154	1
158	155	1
158	156	1
158	186	1
159	146	1
159	148	1
159	149	1
159	150	1
159	152	1
159	154	1
159	155	1
160	146	1
160	148	1
160	149	1
160	150	1
160	152	1
160	154	1
160	155	1
161	88	1
162	146	1
162	148	1
162	149	1
162	150	1
162	152	1
162	154	1
162	155	1
162	156	1
163	6	1
163	7	1
163	8	1
163	9	1
163	10	1
163	11	1
163	131	1
163	138	1
163	190	1
164	109	1
165	6	1
165	7	1
165	8	1
165	9	1
165	10	1
165	11	1
165	131	1
165	138	1
165	190	1
166	6	1
166	7	1
166	8	1
166	9	1
166	10	1
166	11	1
166	131	1
166	138	1
166	190	1
167	6	1
167	7	1
167	8	1
167	9	1
167	10	1
167	11	1
167	25	1
167	26	1
167	27	1
167	28	1
167	29	1
167	30	1
167	107	1
167	108	1
167	131	1
167	138	1
167	190	1
168	108	1
169	162	1
170	25	1
170	26	1
170	27	1
170	28	1
170	29	1
170	30	1
171	70	1
171	200	1
172	70	1
172	200	1
173	44	1
173	71	1
173	72	1
173	74	1
173	87	1
173	104	1
173	128	1
173	146	1
173	148	1
173	149	1
173	150	1
173	152	1
173	154	1
173	155	1
173	184	1
173	186	1
173	202	1
174	143	1
175	0	1
175	1	1
175	2	1
175	19	1
175	23	1
175	24	1
175	40	1
175	41	1
175	42	1
175	43	1
175	44	1
175	45	1
175	66	1
175	67	1
175	68	1
175	69	1
175	70	1
175	71	1
175	72	1
175	73	1
175	74	1
175	75	1
175	76	1
175	77	1
175	78	1
175	79	1
175	80	1
175	81	1
175	82	1
175	83	1
175	84	1
175	85	1
175	86	1
175	87	1
175	88	1
175	89	1
175	90	1
175	91	1
175	92	1
175	93	1
175	94	1
175	95	1
175	96	1
175	97	1
175	99	1
175	100	1
175	101	1
175	102	1
175	103	1
175	105	1
175	106	1
175	107	1
175	108	1
175	109	1
175	110	1
175	111	1
175	112	1
175	113	1
175	114	1
175	115	1
175	116	1
175	124	1
175	125	1
175	126	1
175	127	1
175	128	1
175	129	1
175	130	1
175	132	1
175	133	1
175	135	1
175	136	1
175	140	1
175	141	1
175	142	1
175	143	1
175	144	1
175	145	1
175	147	1
175	149	1
175	150	1
175	151	1
175	152	1
175	153	1
175	156	1
175	157	1
175	158	1
175	159	1
175	160	1
175	168	1
175	169	1
175	170	1
175	171	1
175	172	1
175	173	1
175	174	1
175	175	1
175	176	1
175	177	1
175	178	1
175	179	1
175	180	1
175	181	1
175	183	1
175	184	1
175	185	1
175	186	1
175	187	1
175	188	1
175	189	1
175	191	1
175	192	1
175	193	1
175	195	1
175	197	1
175	198	1
175	199	1
175	200	1
175	201	1
175	202	1
175	203	1
176	164	1
177	164	1
178	3	1
178	110	1
178	143	1
178	144	1
178	145	1
179	25	1
179	26	1
179	27	1
179	28	1
179	29	1
179	30	1
180	88	1
181	55	1
181	56	1
181	57	1
181	58	1
181	59	1
182	162	1
183	187	1
183	188	1
183	189	1
184	168	1
184	170	1
184	171	1
184	173	1
184	174	1
185	111	1
186	25	1
187	108	1
187	109	1
188	7	1
188	8	1
188	13	1
188	15	1
188	65	1
188	131	1
188	138	1
188	190	1
189	110	1
190	6	1
190	7	1
190	8	1
190	9	1
190	10	1
190	11	1
190	131	1
190	138	1
190	190	1
191	7	1
191	16	1
191	164	1
192	6	1
192	7	1
192	8	1
192	9	1
192	10	1
192	11	1
192	131	1
192	138	1
192	190	1
193	68	1
193	69	1
193	70	1
193	72	1
193	77	1
193	170	1
193	173	1
193	174	1
194	16	1
194	17	1
194	60	1
194	61	1
194	62	1
194	63	1
194	64	1
194	94	1
195	146	1
195	148	1
195	149	1
195	150	1
195	152	1
195	154	1
195	155	1
196	108	1
196	109	1
197	146	1
197	148	1
197	149	1
197	150	1
197	152	1
197	154	1
197	155	1
197	156	1
197	186	1
198	65	1
199	18	1
200	25	1
201	162	1
201	163	1
202	168	1
202	172	1
202	187	1
202	188	1
202	189	1
203	152	1
204	6	1
204	7	1
204	8	1
204	9	1
204	10	1
204	11	1
204	83	1
204	131	1
204	138	1
204	190	1
205	6	1
205	7	1
205	8	1
205	9	1
205	10	1
205	11	1
205	131	1
205	138	1
205	190	1
205	200	1
206	162	1
206	163	1
207	25	1
207	26	1
207	27	1
207	28	1
207	29	1
207	30	1
208	25	1
209	152	1
130	171	0
64	28	0
103	188	0
193	62	0
152	44	0
203	70	0
2	88	0
45	17	0
7	53	0
168	164	0
184	80	0
74	137	0
130	91	0
33	69	0
183	50	0
51	160	0
50	55	0
184	51	0
146	171	0
89	33	0
85	93	0
132	110	0
205	154	0
126	32	0
81	104	0
145	135	0
99	28	0
106	145	0
39	139	0
196	6	0
94	108	0
12	141	0
26	62	0
86	75	0
49	50	0
190	85	0
96	19	0
68	130	0
165	27	0
87	139	0
121	40	0
121	159	0
89	135	0
19	6	0
108	177	0
0	142	0
70	45	0
188	182	0
34	173	0
136	150	0
65	162	0
129	62	0
76	101	0
156	91	0
44	55	0
34	87	0
161	195	0
21	26	0
169	144	0
41	39	0
153	132	0
183	173	0
116	136	0
84	19	0
49	194	0
86	32	0
118	152	0
108	21	0
19	17	0
183	165	0
35	79	0
105	119	0
198	13	0
81	62	0
26	17	0
26	122	0
202	163	0
17	11	0
93	18	0
169	55	0
48	68	0
83	138	0
125	197	0
20	10	0
82	66	0
67	160	0
171	117	0
84	166	0
201	47	0
71	150	0
92	100	0
76	5	0
57	85	0
180	31	0
174	82	0
91	156	0
124	78	0
57	120	0
31	100	0
104	105	0
154	23	0
120	196	0
12	144	0
84	39	0
75	122	0
4	190	0
17	170	0
114	15	0
115	142	0
166	194	0
156	11	0
159	158	0
74	71	0
29	159	0
180	95	0
28	181	0
26	30	0
205	40	0
41	28	0
70	113	0
85	123	0
79	54	0
154	155	0
44	167	0
43	74	0
209	129	0
199	115	0
181	0	0
64	184	0
34	12	0
203	94	0
195	163	0
171	19	0
154	126	0
141	200	0
126	89	0
165	125	0
60	52	0
67	80	0
3	13	0
188	160	0
121	113	0
108	45	0
9	171	0
202	198	0
26	138	0
131	122	0
164	48	0
110	72	0
162	112	0
56	14	0
201	63	0
29	67	0
155	181	0
201	92	0
43	95	0
3	107	0
173	111	0
57	14	0
46	173	0
10	188	0
6	142	0
167	132	0
76	20	0
189	151	0
144	118	0
36	153	0
163	80	0
37	76	0
129	124	0
163	87	0
196	165	0
149	202	0
69	58	0
6	170	0
116	3	0
17	86	0
41	44	0
132	196	0
24	171	0
100	32	0
133	200	0
45	162	0
99	146	0
29	133	0
87	195	0
107	144	0
13	67	0
181	106	0
5	192	0
75	61	0
98	82	0
98	154	0
19	8	0
41	32	0
80	49	0
39	143	0
75	12	0
82	18	0
130	2	0
187	30	0
40	198	0
63	91	0
194	26	0
120	200	0
194	111	0
209	19	0
200	164	0
133	90	0
21	106	0
55	112	0
132	123	0
107	162	0
206	32	0
127	71	0
45	34	0
76	42	0
49	163	0
172	173	0
124	162	0
92	165	0
187	95	0
122	83	0
35	147	0
28	51	0
182	64	0
119	122	0
166	92	0
181	94	0
196	32	0
54	142	0
83	111	0
198	200	0
118	145	0
55	80	0
77	38	0
161	65	0
189	17	0
15	188	0
98	180	0
142	123	0
21	15	0
76	6	0
15	108	0
31	172	0
11	126	0
109	151	0
8	154	0
110	109	0
18	35	0
27	87	0
21	136	0
33	182	0
61	190	0
140	68	0
99	200	0
85	192	0
132	112	0
69	30	0
30	11	0
26	142	0
44	164	0
16	126	0
12	154	0
42	1	0
62	168	0
132	149	0
21	152	0
47	168	0
33	199	0
8	46	0
136	160	0
20	24	0
149	195	0
58	59	0
155	44	0
168	35	0
114	2	0
65	0	0
75	91	0
4	27	0
121	89	0
191	13	0
166	45	0
194	65	0
207	85	0
164	161	0
24	138	0
57	26	0
17	62	0
131	57	0
34	140	0
86	12	0
71	183	0
122	40	0
14	69	0
52	196	0
179	3	0
17	145	0
32	133	0
164	122	0
45	70	0
56	185	0
97	83	0
94	75	0
176	159	0
34	148	0
180	51	0
39	4	0
142	41	0
184	72	0
177	5	0
171	162	0
203	149	0
110	66	0
14	36	0
32	42	0
158	52	0
149	62	0
151	113	0
141	88	0
184	86	0
114	17	0
7	66	0
159	194	0
87	132	0
24	105	0
21	46	0
46	192	0
199	126	0
36	74	0
107	53	0
59	125	0
71	140	0
21	169	0
41	149	0
178	83	0
107	100	0
162	70	0
142	23	0
183	28	0
160	133	0
73	43	0
65	58	0
111	33	0
32	2	0
109	27	0
145	13	0
88	185	0
32	21	0
102	103	0
94	182	0
207	196	0
28	139	0
169	105	0
92	23	0
190	154	0
164	140	0
141	91	0
52	148	0
120	13	0
34	138	0
37	75	0
126	92	0
156	185	0
208	50	0
76	31	0
106	198	0
184	91	0
116	171	0
95	106	0
44	203	0
21	87	0
121	69	0
149	55	0
6	11	0
22	146	0
200	119	0
39	93	0
30	73	0
111	183	0
96	30	0
101	125	0
60	91	0
31	191	0
83	114	0
91	173	0
135	90	0
17	139	0
200	97	0
202	63	0
48	59	0
168	175	0
60	117	0
86	33	0
61	3	0
194	144	0
208	65	0
2	56	0
156	118	0
95	193	0
189	198	0
71	33	0
80	177	0
198	38	0
111	76	0
170	116	0
64	164	0
12	14	0
78	53	0
159	111	0
163	26	0
176	43	0
81	65	0
115	22	0
4	26	0
138	119	0
17	106	0
131	88	0
196	5	0
154	51	0
206	23	0
198	170	0
207	83	0
138	45	0
69	63	0
149	175	0
165	118	0
147	31	0
97	76	0
103	132	0
208	81	0
69	11	0
184	115	0
148	132	0
136	45	0
84	36	0
197	27	0
64	84	0
185	173	0
151	202	0
85	82	0
33	24	0
86	59	0
195	84	0
5	43	0
128	198	0
18	74	0
58	92	0
114	41	0
106	190	0
196	28	0
54	194	0
203	15	0
26	21	0
105	171	0
33	68	0
165	22	0
75	193	0
176	120	0
189	26	0
40	0	0
20	96	0
189	89	0
163	62	0
89	170	0
59	73	0
30	81	0
184	45	0
157	31	0
144	60	0
59	101	0
69	170	0
185	42	0
42	55	0
179	86	0
148	58	0
208	118	0
41	172	0
83	87	0
123	118	0
108	85	0
27	105	0
149	38	0
135	181	0
78	13	0
65	81	0
35	174	0
47	138	0
132	109	0
34	192	0
19	128	0
205	177	0
141	68	0
69	203	0
121	82	0
105	183	0
64	173	0
199	150	0
69	103	0
11	39	0
7	145	0
126	172	0
141	24	0
140	100	0
94	175	0
163	114	0
129	58	0
100	158	0
188	168	0
166	35	0
162	125	0
77	43	0
139	198	0
43	40	0
183	126	0
0	32	0
15	99	0
174	130	0
92	40	0
154	138	0
124	174	0
170	143	0
86	174	0
74	41	0
100	195	0
141	47	0
204	197	0
136	175	0
195	172	0
172	9	0
204	172	0
65	137	0
123	133	0
102	177	0
48	118	0
14	6	0
80	203	0
22	0	0
86	153	0
101	158	0
170	90	0
154	163	0
80	159	0
53	189	0
136	98	0
73	36	0
44	85	0
35	86	0
1	119	0
170	170	0
204	152	0
70	122	0
187	179	0
145	146	0
48	75	0
42	194	0
115	61	0
7	152	0
140	181	0
58	82	0
33	17	0
135	64	0
31	45	0
14	16	0
1	31	0
0	200	0
33	4	0
128	61	0
127	85	0
152	26	0
196	12	0
79	78	0
62	142	0
119	188	0
157	143	0
6	97	0
77	191	0
105	63	0
90	201	0
154	200	0
183	92	0
183	158	0
80	147	0
105	56	0
35	189	0
76	67	0
172	1	0
172	105	0
9	28	0
174	184	0
170	85	0
199	95	0
11	122	0
39	129	0
11	197	0
64	87	0
177	155	0
95	0	0
106	185	0
119	45	0
135	44	0
83	156	0
189	167	0
152	57	0
136	201	0
163	143	0
129	7	0
142	67	0
112	87	0
168	113	0
122	153	0
192	125	0
72	2	0
44	152	0
4	117	0
66	96	0
74	201	0
18	154	0
89	169	0
4	63	0
34	115	0
170	66	0
190	49	0
200	136	0
8	105	0
28	126	0
48	73	0
0	143	0
178	15	0
170	49	0
9	124	0
16	6	0
115	14	0
80	77	0
139	150	0
3	84	0
39	131	0
46	10	0
155	195	0
84	132	0
116	118	0
60	191	0
52	87	0
98	133	0
87	31	0
63	164	0
0	40	0
163	12	0
74	63	0
172	46	0
45	88	0
72	87	0
15	81	0
159	60	0
108	180	0
24	160	0
2	82	0
86	146	0
54	169	0
144	49	0
125	23	0
141	117	0
107	59	0
145	167	0
209	179	0
137	85	0
100	146	0
200	200	0
58	112	0
84	68	0
78	32	0
50	25	0
157	2	0
167	166	0
56	33	0
110	161	0
144	181	0
173	203	0
111	39	0
82	37	0
150	201	0
155	20	0
206	107	0
94	112	0
106	77	0
148	20	0
71	156	0
6	84	0
122	164	0
38	158	0
91	26	0
67	62	0
115	119	0
129	170	0
90	164	0
12	93	0
209	112	0
185	25	0
147	161	0
109	135	0
103	146	0
47	51	0
80	119	0
39	60	0
15	94	0
134	192	0
44	32	0
26	3	0
174	152	0
17	83	0
47	111	0
185	125	0
206	178	0
56	101	0
179	103	0
145	62	0
3	171	0
10	0	0
182	170	0
64	196	0
34	94	0
171	153	0
72	101	0
188	173	0
201	3	0
204	26	0
193	90	0
63	138	0
202	25	0
8	28	0
22	149	0
14	24	0
115	117	0
129	81	0
19	108	0
176	51	0
132	17	0
152	50	0
129	70	0
88	163	0
186	151	0
44	199	0
129	121	0
188	23	0
178	164	0
112	130	0
125	156	0
41	155	0
33	64	0
4	97	0
166	176	0
148	37	0
101	62	0
167	36	0
35	42	0
102	58	0
123	17	0
134	198	0
32	77	0
138	5	0
26	16	0
171	194	0
7	10	0
32	151	0
42	79	0
144	154	0
79	88	0
102	109	0
150	82	0
104	104	0
31	78	0
182	149	0
180	123	0
129	189	0
124	85	0
95	190	0
192	62	0
138	16	0
151	147	0
170	62	0
38	179	0
22	49	0
8	66	0
106	72	0
114	22	0
67	163	0
27	183	0
5	160	0
157	148	0
80	26	0
101	135	0
29	25	0
201	73	0
172	136	0
92	145	0
10	177	0
46	87	0
82	189	0
106	150	0
88	92	0
69	107	0
184	55	0
168	88	0
117	26	0
96	150	0
196	57	0
207	165	0
123	177	0
182	4	0
85	171	0
131	125	0
97	170	0
51	151	0
34	183	0
164	115	0
149	50	0
145	166	0
155	167	0
187	192	0
49	170	0
16	155	0
152	189	0
205	71	0
44	111	0
68	18	0
157	176	0
124	177	0
77	100	0
188	122	0
40	84	0
108	92	0
31	148	0
151	46	0
72	53	0
136	75	0
102	173	0
50	99	0
89	13	0
6	108	0
104	158	0
134	79	0
26	73	0
31	101	0
128	13	0
77	114	0
166	202	0
134	177	0
28	53	0
113	81	0
15	85	0
105	176	0
76	112	0
68	198	0
15	43	0
32	62	0
125	144	0
169	93	0
6	189	0
166	41	0
111	102	0
208	18	0
102	148	0
156	128	0
174	16	0
205	174	0
133	153	0
29	96	0
174	96	0
60	26	0
126	52	0
33	202	0
87	188	0
28	107	0
200	52	0
32	135	0
61	122	0
63	97	0
120	141	0
56	166	0
157	197	0
20	159	0
159	140	0
203	5	0
130	89	0
185	101	0
199	64	0
21	154	0
91	68	0
153	136	0
125	159	0
105	51	0
126	33	0
65	40	0
41	15	0
205	23	0
110	82	0
57	86	0
206	192	0
200	41	0
61	90	0
54	200	0
95	1	0
177	191	0
73	11	0
39	25	0
190	97	0
25	1	0
59	92	0
183	72	0
146	31	0
119	55	0
75	27	0
100	155	0
114	60	0
2	201	0
0	17	0
35	47	0
93	73	0
78	99	0
51	29	0
161	154	0
134	194	0
98	98	0
67	71	0
10	10	0
124	32	0
187	131	0
67	147	0
67	195	0
168	174	0
7	116	0
55	4	0
143	182	0
188	57	0
60	85	0
169	184	0
70	179	0
140	75	0
24	64	0
46	104	0
70	130	0
94	87	0
113	21	0
3	65	0
77	69	0
84	37	0
184	144	0
109	186	0
4	86	0
3	87	0
2	103	0
69	24	0
125	182	0
120	177	0
182	137	0
185	154	0
182	51	0
93	17	0
35	87	0
75	92	0
160	151	0
167	167	0
68	11	0
118	123	0
34	18	0
17	42	0
145	194	0
209	84	0
8	75	0
134	55	0
24	45	0
18	193	0
82	130	0
100	71	0
196	157	0
167	158	0
180	66	0
61	149	0
81	53	0
167	87	0
47	173	0
16	54	0
197	54	0
169	139	0
99	104	0
143	115	0
87	109	0
92	198	0
80	8	0
89	181	0
144	129	0
100	171	0
95	40	0
192	141	0
137	40	0
145	183	0
1	82	0
175	16	0
71	53	0
59	60	0
67	51	0
171	189	0
44	103	0
121	102	0
94	169	0
76	66	0
100	73	0
164	104	0
101	80	0
126	166	0
118	96	0
156	101	0
148	60	0
182	80	0
135	170	0
5	189	0
98	158	0
112	190	0
110	7	0
148	92	0
189	166	0
86	173	0
57	82	0
181	129	0
64	122	0
50	100	0
82	39	0
118	105	0
64	124	0
10	140	0
161	15	0
106	70	0
73	187	0
167	79	0
190	94	0
164	62	0
165	2	0
96	27	0
188	112	0
166	107	0
186	89	0
144	62	0
184	11	0
53	103	0
177	143	0
50	175	0
64	203	0
188	33	0
176	28	0
1	168	0
160	79	0
3	95	0
3	192	0
127	18	0
180	101	0
63	151	0
44	162	0
111	194	0
50	47	0
193	130	0
187	146	0
93	140	0
94	137	0
58	161	0
29	176	0
79	102	0
91	48	0
65	120	0
102	198	0
38	108	0
148	25	0
159	193	0
26	6	0
59	136	0
159	175	0
204	90	0
15	191	0
1	166	0
183	129	0
78	4	0
68	123	0
182	119	0
115	84	0
87	120	0
8	193	0
196	112	0
207	79	0
12	15	0
103	9	0
194	92	0
173	23	0
67	156	0
9	198	0
55	130	0
204	96	0
57	113	0
7	99	0
82	52	0
35	181	0
57	45	0
174	192	0
83	39	0
161	191	0
53	7	0
1	12	0
97	102	0
38	98	0
200	138	0
123	103	0
136	26	0
59	18	0
91	189	0
121	58	0
88	55	0
6	24	0
142	81	0
197	71	0
25	63	0
62	24	0
187	182	0
116	184	0
13	15	0
110	57	0
46	119	0
67	64	0
56	143	0
138	33	0
22	65	0
159	7	0
197	41	0
194	75	0
53	69	0
38	115	0
65	74	0
119	35	0
111	196	0
95	89	0
131	150	0
118	5	0
166	125	0
36	62	0
106	147	0
42	192	0
50	95	0
64	193	0
165	149	0
204	73	0
2	39	0
75	130	0
18	124	0
174	187	0
92	152	0
154	128	0
38	153	0
10	92	0
190	118	0
24	36	0
207	159	0
166	70	0
113	3	0
134	202	0
69	165	0
41	92	0
53	31	0
111	189	0
167	72	0
72	166	0
181	80	0
25	109	0
203	107	0
184	163	0
168	66	0
114	126	0
172	4	0
203	89	0
156	9	0
105	170	0
41	146	0
50	176	0
196	14	0
140	37	0
77	188	0
61	139	0
10	26	0
122	54	0
156	196	0
184	193	0
65	164	0
191	185	0
86	177	0
62	72	0
88	40	0
93	170	0
31	142	0
15	95	0
193	41	0
121	56	0
79	140	0
8	19	0
93	28	0
46	11	0
196	201	0
120	21	0
192	20	0
125	95	0
64	140	0
196	130	0
117	64	0
131	39	0
177	188	0
32	49	0
70	80	0
66	72	0
161	176	0
184	26	0
87	177	0
194	202	0
61	184	0
23	72	0
110	144	0
201	118	0
160	189	0
42	167	0
167	180	0
167	43	0
139	91	0
24	31	0
39	176	0
208	121	0
30	153	0
183	154	0
114	51	0
206	62	0
106	148	0
120	35	0
154	121	0
78	143	0
37	92	0
96	78	0
32	168	0
58	71	0
166	27	0
17	105	0
0	15	0
50	183	0
60	14	0
185	51	0
105	85	0
129	32	0
133	180	0
205	118	0
63	119	0
54	8	0
97	141	0
135	24	0
63	71	0
178	50	0
89	177	0
172	190	0
132	148	0
158	179	0
198	62	0
42	199	0
37	69	0
20	57	0
51	163	0
7	132	0
108	72	0
185	187	0
49	94	0
193	88	0
174	18	0
164	39	0
26	45	0
61	158	0
12	95	0
87	66	0
134	126	0
77	166	0
30	66	0
133	102	0
102	161	0
15	196	0
56	117	0
207	185	0
91	97	0
33	47	0
105	169	0
177	101	0
132	55	0
158	183	0
185	151	0
123	174	0
191	2	0
187	107	0
96	136	0
7	170	0
182	58	0
91	176	0
24	191	0
119	126	0
163	18	0
161	71	0
46	161	0
78	107	0
53	6	0
47	95	0
17	94	0
175	182	0
209	136	0
178	107	0
120	117	0
72	36	0
147	86	0
58	53	0
204	167	0
95	100	0
198	81	0
208	75	0
70	124	0
151	125	0
6	113	0
150	132	0
196	53	0
191	166	0
83	18	0
98	94	0
31	15	0
63	104	0
130	150	0
198	122	0
76	96	0
41	134	0
162	183	0
62	115	0
197	83	0
19	138	0
115	109	0
206	188	0
34	69	0
112	142	0
184	81	0
192	78	0
147	134	0
14	27	0
116	105	0
50	27	0
147	128	0
167	104	0
181	181	0
182	102	0
121	194	0
135	56	0
197	32	0
142	97	0
107	109	0
187	28	0
118	35	0
66	193	0
106	43	0
168	172	0
201	183	0
126	63	0
128	169	0
195	38	0
155	21	0
19	18	0
73	179	0
58	107	0
67	132	0
95	143	0
101	95	0
38	84	0
171	112	0
70	37	0
75	129	0
11	172	0
9	73	0
137	125	0
55	163	0
0	186	0
11	152	0
193	203	0
17	72	0
16	86	0
118	164	0
116	166	0
130	122	0
92	68	0
112	14	0
185	90	0
53	67	0
85	133	0
97	159	0
196	26	0
97	57	0
166	121	0
11	193	0
178	44	0
2	4	0
94	186	0
82	124	0
141	50	0
7	102	0
26	202	0
84	69	0
22	75	0
101	84	0
198	141	0
106	168	0
28	163	0
32	176	0
56	127	0
98	30	0
62	38	0
202	78	0
112	37	0
181	157	0
194	97	0
119	53	0
191	121	0
43	12	0
208	53	0
48	64	0
1	37	0
98	59	0
60	6	0
73	39	0
57	189	0
147	147	0
51	144	0
164	73	0
33	175	0
49	197	0
83	103	0
135	138	0
187	165	0
114	172	0
105	134	0
80	165	0
175	58	0
115	159	0
41	56	0
126	112	0
116	81	0
46	181	0
189	104	0
5	190	0
121	156	0
65	22	0
162	168	0
88	179	0
148	124	0
3	104	0
177	134	0
27	175	0
92	138	0
58	178	0
65	177	0
110	22	0
67	17	0
46	40	0
75	25	0
207	40	0
157	43	0
115	41	0
206	8	0
76	117	0
171	203	0
76	37	0
149	121	0
46	67	0
53	187	0
156	164	0
157	99	0
94	131	0
20	59	0
105	64	0
26	163	0
13	48	0
168	84	0
56	64	0
187	50	0
148	88	0
99	44	0
166	141	0
150	95	0
131	126	0
46	198	0
107	110	0
78	98	0
31	190	0
209	101	0
205	36	0
98	131	0
197	17	0
111	110	0
116	59	0
45	18	0
89	43	0
52	17	0
150	119	0
113	15	0
62	91	0
91	69	0
97	26	0
158	64	0
76	85	0
57	58	0
94	109	0
124	48	0
206	40	0
47	134	0
34	119	0
118	110	0
15	30	0
98	139	0
184	196	0
38	101	0
4	67	0
39	100	0
128	200	0
139	78	0
195	63	0
145	122	0
24	192	0
168	72	0
42	141	0
83	13	0
134	34	0
45	109	0
134	18	0
42	90	0
82	138	0
146	132	0
20	175	0
194	201	0
54	43	0
185	17	0
204	109	0
46	57	0
7	120	0
117	67	0
149	40	0
194	172	0
95	81	0
33	154	0
117	146	0
63	192	0
38	35	0
82	177	0
209	146	0
85	27	0
78	141	0
130	190	0
103	73	0
209	133	0
100	138	0
165	95	0
108	192	0
39	192	0
65	118	0
114	110	0
71	152	0
110	31	0
161	51	0
51	203	0
21	159	0
52	38	0
29	77	0
34	30	0
160	39	0
75	16	0
199	93	0
7	34	0
55	13	0
44	157	0
68	7	0
112	60	0
135	106	0
164	90	0
113	147	0
1	114	0
42	9	0
25	156	0
99	55	0
145	8	0
76	151	0
141	102	0
180	144	0
20	79	0
81	147	0
151	108	0
110	190	0
80	90	0
96	193	0
39	191	0
65	160	0
46	116	0
111	51	0
129	42	0
176	14	0
120	5	0
78	43	0
206	47	0
74	29	0
146	161	0
200	54	0
97	109	0
170	70	0
28	120	0
145	43	0
180	87	0
97	12	0
12	19	0
30	41	0
71	73	0
133	129	0
54	120	0
51	94	0
75	51	0
179	68	0
190	17	0
110	54	0
86	94	0
63	103	0
35	195	0
78	57	0
158	175	0
8	34	0
151	137	0
55	137	0
158	168	0
79	115	0
166	90	0
177	136	0
122	36	0
148	203	0
90	167	0
119	27	0
67	85	0
103	64	0
57	27	0
184	140	0
154	21	0
171	201	0
22	15	0
27	118	0
58	131	0
124	87	0
74	154	0
143	146	0
195	178	0
85	175	0
174	195	0
88	31	0
160	7	0
142	75	0
150	142	0
117	70	0
104	39	0
179	41	0
76	152	0
98	72	0
24	158	0
10	70	0
64	128	0
122	173	0
158	45	0
203	162	0
76	200	0
24	65	0
46	48	0
4	23	0
121	148	0
62	157	0
44	168	0
63	142	0
16	149	0
134	14	0
170	32	0
130	154	0
27	65	0
18	9	0
166	30	0
63	162	0
114	198	0
88	170	0
164	40	0
143	107	0
137	121	0
92	182	0
51	64	0
158	133	0
92	146	0
164	126	0
58	73	0
101	178	0
128	46	0
57	111	0
109	130	0
138	200	0
191	192	0
16	144	0
63	113	0
7	186	0
51	158	0
148	166	0
7	199	0
46	17	0
148	174	0
152	64	0
201	148	0
197	167	0
147	188	0
87	185	0
129	43	0
73	194	0
101	97	0
153	75	0
203	105	0
105	142	0
45	39	0
128	77	0
31	157	0
13	13	0
36	142	0
136	32	0
82	193	0
170	169	0
12	2	0
62	148	0
47	130	0
133	150	0
76	184	0
142	125	0
41	54	0
100	87	0
37	162	0
187	76	0
189	4	0
120	180	0
187	27	0
120	114	0
138	17	0
65	114	0
2	85	0
156	168	0
158	193	0
45	52	0
105	126	0
37	200	0
118	117	0
124	88	0
108	27	0
96	34	0
52	155	0
136	174	0
46	157	0
202	186	0
178	177	0
117	195	0
152	101	0
154	131	0
41	66	0
12	97	0
28	37	0
123	35	0
200	28	0
103	34	0
137	90	0
103	4	0
28	101	0
155	42	0
105	140	0
56	187	0
48	203	0
198	2	0
134	42	0
202	3	0
156	81	0
208	192	0
43	44	0
98	53	0
148	150	0
77	91	0
139	102	0
86	188	0
130	152	0
39	3	0
139	29	0
40	49	0
121	78	0
7	131	0
197	14	0
33	48	0
196	128	0
105	138	0
28	161	0
151	161	0
124	65	0
137	75	0
110	124	0
109	170	0
130	200	0
168	124	0
178	132	0
3	169	0
61	142	0
3	43	0
67	197	0
165	119	0
172	22	0
75	195	0
12	138	0
189	58	0
46	97	0
70	180	0
130	105	0
31	171	0
71	57	0
187	83	0
20	178	0
109	36	0
163	47	0
66	4	0
189	177	0
130	42	0
31	102	0
128	16	0
118	103	0
179	20	0
23	177	0
66	44	0
99	187	0
27	41	0
153	64	0
206	182	0
182	90	0
171	53	0
15	161	0
129	157	0
137	43	0
70	16	0
164	172	0
74	173	0
92	104	0
49	20	0
84	49	0
181	38	0
90	23	0
40	192	0
10	127	0
44	4	0
88	174	0
206	26	0
51	24	0
48	18	0
134	26	0
156	62	0
122	55	0
154	102	0
57	57	0
96	126	0
86	134	0
55	114	0
182	156	0
41	193	0
124	179	0
156	143	0
63	7	0
196	94	0
68	129	0
49	53	0
110	51	0
153	23	0
114	102	0
178	43	0
121	33	0
174	12	0
67	112	0
153	196	0
109	169	0
71	135	0
73	14	0
194	173	0
28	176	0
144	125	0
92	91	0
144	75	0
190	165	0
114	92	0
143	191	0
12	1	0
48	104	0
165	170	0
209	27	0
137	151	0
152	6	0
199	46	0
182	65	0
66	66	0
34	76	0
172	127	0
150	42	0
32	148	0
157	52	0
23	78	0
51	87	0
144	164	0
92	39	0
79	154	0
197	10	0
140	159	0
13	62	0
158	13	0
96	82	0
78	151	0
100	167	0
4	116	0
99	71	0
108	14	0
100	27	0
59	57	0
171	30	0
174	17	0
169	201	0
198	76	0
23	131	0
25	186	0
107	57	0
178	129	0
43	99	0
4	66	0
45	71	0
3	68	0
135	42	0
48	166	0
22	143	0
23	140	0
101	63	0
58	74	0
114	74	0
21	202	0
136	12	0
157	84	0
179	99	0
6	160	0
161	160	0
102	152	0
128	180	0
1	9	0
164	17	0
162	73	0
116	93	0
113	33	0
162	50	0
46	21	0
95	94	0
66	135	0
10	1	0
6	171	0
27	129	0
167	112	0
86	44	0
188	157	0
192	136	0
190	19	0
187	190	0
159	47	0
125	140	0
202	109	0
21	30	0
115	21	0
81	16	0
150	117	0
128	93	0
132	152	0
84	10	0
1	60	0
70	166	0
24	11	0
127	40	0
111	43	0
75	181	0
126	167	0
10	69	0
7	150	0
7	17	0
190	96	0
141	8	0
73	185	0
21	25	0
70	201	0
193	132	0
172	47	0
32	78	0
42	176	0
74	35	0
7	35	0
44	125	0
187	61	0
1	186	0
29	151	0
22	113	0
164	147	0
37	196	0
52	106	0
184	0	0
93	114	0
144	137	0
106	160	0
76	70	0
194	15	0
170	106	0
14	200	0
164	91	0
186	30	0
126	144	0
69	74	0
172	102	0
198	55	0
31	195	0
85	200	0
61	174	0
79	132	0
77	87	0
154	14	0
174	155	0
59	103	0
0	20	0
158	73	0
102	202	0
46	54	0
29	135	0
28	35	0
125	71	0
44	31	0
111	32	0
208	176	0
205	77	0
29	193	0
66	196	0
84	25	0
27	200	0
157	67	0
136	176	0
61	38	0
177	120	0
170	2	0
201	33	0
171	151	0
32	178	0
73	85	0
33	15	0
69	174	0
104	38	0
160	157	0
31	83	0
102	194	0
180	182	0
137	76	0
183	15	0
186	102	0
45	163	0
194	18	0
52	97	0
84	60	0
151	153	0
208	149	0
101	175	0
25	66	0
194	134	0
148	126	0
188	4	0
69	71	0
164	184	0
199	0	0
158	114	0
121	36	0
2	48	0
146	33	0
166	152	0
180	71	0
164	7	0
46	163	0
60	134	0
90	37	0
197	82	0
160	43	0
131	108	0
59	129	0
94	26	0
32	26	0
109	101	0
180	53	0
147	157	0
179	46	0
12	203	0
155	51	0
198	202	0
119	145	0
80	187	0
189	199	0
202	37	0
156	180	0
29	175	0
208	63	0
18	111	0
161	75	0
80	16	0
208	172	0
129	11	0
124	123	0
50	54	0
83	38	0
113	116	0
178	142	0
25	2	0
203	197	0
7	47	0
86	0	0
128	144	0
187	58	0
69	177	0
24	176	0
126	117	0
108	50	0
115	124	0
148	81	0
94	53	0
77	40	0
88	1	0
204	0	0
201	132	0
127	50	0
209	194	0
17	8	0
1	111	0
35	201	0
25	4	0
156	99	0
76	13	0
48	87	0
103	102	0
120	67	0
169	39	0
57	11	0
158	21	0
69	89	0
159	124	0
48	48	0
185	124	0
110	162	0
181	79	0
6	83	0
166	47	0
174	15	0
40	104	0
10	145	0
139	168	0
172	107	0
71	30	0
20	172	0
150	94	0
182	10	0
4	41	0
38	184	0
136	88	0
64	134	0
2	66	0
148	16	0
100	202	0
113	100	0
89	20	0
154	134	0
6	46	0
8	93	0
85	58	0
153	5	0
69	54	0
119	156	0
16	53	0
29	20	0
87	171	0
136	115	0
52	60	0
146	130	0
185	117	0
40	78	0
28	114	0
207	10	0
124	82	0
1	179	0
19	61	0
76	57	0
109	140	0
15	102	0
64	101	0
159	73	0
23	191	0
78	121	0
188	37	0
142	66	0
119	11	0
57	139	0
150	191	0
1	116	0
146	166	0
118	93	0
107	122	0
73	51	0
85	128	0
202	56	0
168	153	0
116	142	0
49	122	0
34	188	0
101	76	0
14	112	0
92	48	0
96	172	0
132	201	0
194	203	0
150	92	0
31	14	0
113	164	0
192	128	0
42	86	0
127	190	0
19	51	0
22	90	0
208	156	0
195	32	0
103	185	0
101	47	0
119	64	0
149	81	0
29	179	0
109	131	0
85	45	0
159	44	0
105	91	0
192	40	0
26	4	0
201	69	0
196	166	0
4	146	0
26	68	0
155	99	0
69	98	0
38	10	0
68	127	0
147	45	0
209	156	0
142	13	0
61	203	0
95	59	0
187	116	0
153	162	0
25	84	0
138	32	0
73	48	0
1	147	0
130	34	0
168	182	0
32	0	0
183	75	0
198	80	0
49	168	0
55	136	0
56	188	0
33	86	0
53	146	0
136	102	0
153	170	0
98	80	0
205	135	0
164	5	0
58	4	0
163	45	0
130	170	0
162	153	0
100	100	0
7	147	0
144	84	0
193	63	0
85	10	0
145	67	0
24	127	0
13	169	0
203	46	0
93	146	0
175	33	0
42	2	0
40	143	0
145	114	0
27	45	0
133	65	0
110	197	0
74	167	0
130	86	0
117	19	0
94	12	0
10	164	0
113	134	0
25	157	0
170	72	0
44	95	0
170	98	0
113	178	0
83	160	0
103	133	0
11	188	0
124	53	0
104	168	0
197	172	0
123	162	0
112	18	0
173	21	0
9	184	0
164	99	0
161	120	0
57	29	0
64	81	0
127	134	0
71	108	0
80	98	0
65	196	0
136	2	0
65	158	0
33	128	0
111	89	0
102	23	0
190	133	0
70	69	0
54	192	0
154	86	0
181	97	0
200	171	0
175	194	0
127	74	0
76	193	0
108	25	0
68	82	0
83	95	0
182	140	0
194	59	0
128	196	0
74	192	0
120	185	0
144	2	0
29	134	0
161	150	0
25	147	0
167	127	0
78	106	0
112	3	0
131	71	0
25	129	0
47	148	0
204	198	0
194	143	0
71	43	0
5	125	0
43	160	0
95	183	0
52	142	0
53	167	0
171	190	0
41	165	0
48	138	0
54	155	0
14	119	0
63	195	0
209	6	0
55	116	0
198	35	0
88	12	0
74	90	0
34	159	0
106	37	0
25	200	0
189	32	0
106	59	0
178	154	0
118	177	0
8	106	0
203	125	0
199	141	0
179	196	0
38	44	0
85	34	0
105	0	0
57	28	0
37	43	0
101	201	0
72	64	0
20	203	0
65	166	0
199	199	0
180	107	0
28	93	0
63	42	0
5	106	0
179	158	0
205	4	0
71	100	0
136	56	0
161	89	0
140	151	0
184	126	0
101	41	0
35	34	0
97	88	0
63	106	0
64	194	0
115	56	0
135	196	0
95	27	0
77	182	0
94	199	0
193	151	0
199	131	0
20	149	0
67	94	0
90	151	0
208	166	0
147	99	0
18	147	0
195	183	0
152	11	0
51	118	0
204	156	0
59	1	0
114	98	0
70	157	0
99	191	0
123	21	0
54	73	0
126	65	0
164	25	0
4	119	0
38	31	0
181	154	0
42	184	0
13	165	0
177	181	0
52	181	0
50	173	0
4	192	0
193	57	0
107	172	0
134	181	0
50	57	0
131	90	0
76	188	0
155	129	0
133	130	0
107	152	0
206	190	0
103	93	0
99	168	0
160	134	0
135	123	0
148	8	0
125	34	0
151	175	0
60	195	0
23	38	0
38	4	0
137	203	0
57	126	0
86	43	0
27	13	0
155	64	0
111	84	0
166	146	0
120	60	0
114	173	0
133	60	0
128	199	0
4	173	0
144	99	0
21	29	0
157	69	0
172	71	0
28	47	0
111	93	0
52	176	0
71	128	0
85	7	0
28	144	0
161	201	0
144	132	0
159	43	0
86	13	0
149	31	0
90	53	0
36	98	0
199	135	0
48	119	0
208	159	0
207	62	0
57	143	0
96	116	0
151	195	0
136	64	0
140	173	0
124	96	0
134	172	0
54	119	0
184	94	0
41	161	0
142	192	0
55	185	0
78	11	0
32	5	0
81	87	0
69	68	0
101	195	0
84	62	0
36	168	0
11	157	0
40	52	0
162	176	0
166	36	0
52	174	0
9	131	0
27	1	0
79	124	0
156	95	0
112	76	0
200	88	0
184	119	0
67	188	0
180	177	0
13	60	0
103	62	0
8	153	0
188	39	0
159	101	0
77	25	0
2	27	0
102	135	0
86	184	0
64	202	0
115	35	0
106	140	0
190	128	0
108	9	0
8	65	0
55	62	0
136	148	0
96	28	0
31	82	0
49	130	0
59	34	0
61	27	0
203	12	0
14	167	0
29	118	0
154	158	0
97	13	0
167	168	0
16	132	0
52	49	0
47	24	0
150	194	0
188	166	0
138	129	0
177	38	0
91	50	0
11	156	0
159	85	0
179	146	0
78	140	0
151	106	0
107	44	0
206	67	0
15	197	0
178	16	0
38	46	0
147	34	0
174	177	0
148	17	0
113	96	0
110	187	0
103	157	0
200	9	0
92	110	0
185	150	0
57	133	0
94	149	0
150	158	0
201	58	0
0	163	0
92	22	0
70	162	0
25	105	0
131	87	0
24	54	0
157	58	0
204	19	0
148	15	0
191	100	0
36	7	0
113	181	0
28	61	0
193	15	0
79	176	0
194	105	0
134	179	0
138	189	0
83	202	0
117	62	0
70	6	0
172	153	0
12	17	0
82	56	0
66	202	0
196	106	0
35	119	0
11	90	0
149	59	0
193	85	0
132	30	0
153	133	0
192	120	0
119	150	0
142	178	0
21	76	0
124	194	0
163	127	0
159	65	0
182	146	0
176	176	0
87	2	0
158	17	0
203	132	0
47	42	0
53	33	0
127	60	0
189	161	0
167	164	0
198	97	0
19	140	0
45	202	0
131	195	0
49	144	0
2	112	0
194	123	0
208	101	0
194	40	0
163	180	0
156	16	0
201	77	0
104	190	0
185	62	0
34	64	0
32	149	0
42	112	0
209	85	0
188	45	0
71	88	0
199	151	0
126	2	0
22	26	0
87	112	0
160	99	0
127	103	0
14	28	0
56	21	0
115	164	0
26	119	0
135	117	0
120	71	0
5	14	0
6	157	0
119	99	0
173	136	0
12	198	0
169	41	0
161	86	0
203	92	0
42	138	0
201	145	0
206	10	0
35	77	0
130	103	0
124	129	0
169	21	0
64	24	0
208	99	0
209	40	0
52	171	0
51	51	0
39	10	0
93	191	0
102	17	0
129	28	0
89	21	0
89	11	0
180	159	0
93	59	0
138	191	0
206	154	0
144	53	0
107	46	0
160	49	0
39	121	0
198	93	0
161	21	0
59	20	0
181	33	0
53	160	0
30	151	0
67	127	0
124	100	0
2	36	0
35	167	0
77	76	0
179	147	0
169	14	0
120	132	0
51	174	0
131	1	0
40	30	0
202	96	0
38	178	0
204	168	0
100	13	0
81	110	0
197	72	0
14	178	0
132	40	0
133	73	0
82	88	0
33	200	0
110	129	0
40	60	0
28	106	0
91	202	0
101	198	0
97	149	0
121	184	0
182	188	0
116	73	0
22	91	0
65	197	0
92	71	0
48	13	0
65	64	0
129	180	0
170	153	0
27	185	0
184	110	0
55	70	0
34	27	0
75	10	0
47	50	0
15	70	0
203	129	0
84	27	0
108	42	0
14	35	0
106	127	0
4	115	0
20	109	0
40	25	0
39	141	0
124	25	0
147	195	0
162	160	0
8	104	0
179	88	0
69	197	0
2	20	0
172	202	0
119	5	0
31	6	0
135	136	0
121	165	0
162	77	0
96	89	0
115	160	0
71	15	0
104	201	0
7	72	0
123	25	0
180	16	0
111	131	0
136	161	0
107	171	0
115	147	0
113	24	0
63	167	0
107	99	0
207	105	0
79	195	0
23	2	0
167	122	0
207	14	0
2	197	0
67	52	0
190	67	0
9	70	0
59	7	0
114	188	0
88	160	0
13	31	0
6	146	0
110	168	0
177	21	0
102	189	0
192	84	0
105	54	0
146	116	0
174	72	0
195	34	0
146	103	0
137	105	0
76	2	0
17	138	0
36	36	0
127	176	0
12	119	0
153	190	0
51	135	0
53	64	0
154	33	0
100	78	0
178	72	0
21	170	0
101	32	0
35	30	0
111	117	0
10	7	0
52	105	0
40	46	0
145	28	0
34	0	0
182	117	0
68	43	0
140	15	0
167	88	0
152	28	0
49	157	0
76	69	0
6	1	0
154	148	0
33	60	0
173	75	0
112	46	0
24	71	0
155	57	0
89	173	0
109	88	0
84	142	0
27	115	0
23	99	0
12	194	0
154	82	0
68	5	0
188	61	0
88	162	0
27	76	0
165	151	0
107	128	0
120	115	0
4	201	0
123	33	0
41	52	0
136	79	0
184	133	0
206	160	0
144	52	0
100	75	0
76	33	0
62	82	0
61	110	0
44	20	0
33	107	0
9	161	0
11	180	0
186	41	0
1	174	0
69	21	0
73	62	0
164	158	0
186	131	0
192	104	0
65	202	0
87	142	0
177	111	0
115	106	0
195	177	0
45	158	0
208	142	0
53	77	0
208	108	0
99	69	0
128	147	0
96	14	0
194	179	0
72	189	0
152	155	0
155	133	0
127	33	0
182	196	0
23	73	0
26	130	0
1	117	0
20	185	0
186	159	0
146	5	0
35	169	0
156	54	0
65	41	0
130	174	0
153	86	0
198	127	0
67	165	0
25	55	0
166	139	0
191	93	0
206	29	0
103	40	0
100	201	0
143	154	0
42	163	0
102	150	0
202	165	0
32	97	0
82	195	0
139	131	0
31	38	0
13	159	0
25	137	0
62	32	0
20	107	0
11	153	0
41	131	0
155	132	0
200	59	0
203	37	0
19	87	0
74	81	0
77	30	0
5	110	0
163	139	0
186	110	0
208	199	0
61	202	0
29	51	0
190	142	0
111	44	0
144	54	0
163	149	0
130	82	0
127	141	0
179	44	0
159	122	0
21	187	0
34	166	0
115	48	0
65	139	0
152	118	0
49	26	0
139	1	0
43	117	0
177	126	0
128	143	0
110	119	0
4	10	0
178	66	0
0	14	0
81	7	0
39	58	0
111	177	0
141	190	0
104	199	0
1	143	0
69	137	0
161	54	0
17	181	0
128	27	0
146	75	0
195	18	0
204	173	0
13	57	0
77	167	0
66	93	0
157	115	0
22	52	0
179	118	0
10	95	0
150	139	0
172	129	0
144	19	0
34	88	0
160	111	0
207	8	0
30	84	0
148	139	0
99	70	0
9	24	0
143	86	0
209	23	0
166	137	0
84	157	0
40	19	0
109	69	0
171	1	0
16	92	0
169	124	0
174	182	0
112	197	0
93	196	0
116	161	0
87	35	0
102	35	0
186	135	0
117	80	0
49	153	0
209	168	0
57	59	0
163	195	0
195	75	0
37	107	0
18	84	0
103	56	0
177	201	0
128	44	0
6	162	0
178	189	0
207	138	0
125	39	0
8	161	0
44	180	0
41	137	0
72	129	0
126	35	0
126	200	0
66	154	0
44	163	0
132	15	0
191	76	0
45	120	0
134	115	0
89	37	0
81	91	0
138	58	0
117	99	0
108	82	0
103	187	0
84	146	0
131	47	0
120	164	0
126	143	0
176	171	0
198	7	0
34	176	0
91	118	0
92	153	0
113	2	0
41	168	0
166	25	0
67	125	0
70	20	0
132	129	0
164	51	0
7	202	0
108	81	0
92	187	0
103	120	0
35	61	0
183	171	0
173	200	0
49	47	0
136	152	0
23	199	0
88	81	0
97	8	0
99	190	0
118	139	0
48	6	0
100	109	0
18	72	0
93	102	0
92	67	0
67	55	0
57	63	0
13	18	0
53	137	0
196	34	0
35	75	0
37	111	0
83	167	0
39	64	0
144	24	0
102	169	0
140	185	0
157	194	0
201	54	0
164	83	0
125	105	0
75	179	0
131	7	0
112	97	0
140	53	0
96	93	0
7	185	0
155	151	0
24	81	0
17	44	0
91	129	0
79	145	0
31	11	0
108	67	0
141	18	0
41	188	0
200	203	0
172	40	0
172	24	0
74	88	0
57	141	0
139	146	0
147	173	0
31	109	0
64	163	0
166	18	0
58	62	0
180	132	0
35	163	0
163	100	0
95	176	0
46	139	0
73	137	0
111	191	0
62	139	0
30	9	0
76	83	0
1	203	0
174	85	0
45	116	0
159	103	0
209	143	0
25	65	0
75	157	0
63	114	0
52	52	0
29	106	0
79	133	0
15	66	0
99	85	0
12	108	0
97	22	0
179	149	0
207	195	0
6	5	0
50	155	0
141	76	0
202	51	0
65	1	0
109	188	0
44	116	0
168	96	0
81	70	0
37	164	0
124	109	0
140	137	0
176	73	0
125	199	0
185	39	0
129	17	0
54	79	0
16	147	0
94	203	0
17	197	0
166	95	0
15	7	0
20	193	0
134	159	0
0	147	0
7	9	0
172	37	0
176	114	0
106	184	0
54	66	0
126	64	0
38	120	0
102	102	0
2	104	0
105	179	0
8	120	0
41	144	0
158	124	0
50	138	0
96	110	0
109	137	0
8	160	0
26	1	0
135	155	0
107	173	0
167	93	0
99	181	0
174	175	0
71	106	0
81	72	0
155	65	0
148	144	0
149	151	0
122	45	0
182	184	0
107	107	0
88	201	0
73	8	0
63	156	0
179	136	0
18	8	0
83	34	0
84	7	0
2	161	0
143	117	0
166	201	0
21	42	0
164	97	0
129	169	0
57	67	0
194	171	0
125	32	0
168	201	0
191	118	0
54	146	0
151	92	0
11	7	0
71	13	0
146	58	0
171	129	0
61	172	0
150	197	0
95	64	0
75	118	0
41	156	0
5	185	0
192	47	0
104	34	0
181	162	0
142	78	0
16	165	0
73	22	0
15	122	0
71	118	0
165	35	0
154	160	0
140	32	0
79	199	0
62	104	0
167	163	0
196	179	0
91	137	0
154	164	0
153	138	0
1	113	0
114	5	0
155	170	0
182	174	0
61	8	0
56	169	0
162	131	0
160	88	0
35	109	0
176	160	0
149	119	0
127	151	0
175	64	0
105	118	0
50	4	0
30	7	0
198	50	0
112	181	0
19	30	0
52	141	0
137	78	0
9	181	0
12	73	0
202	4	0
91	103	0
6	44	0
84	29	0
123	6	0
66	129	0
51	14	0
94	57	0
64	73	0
56	175	0
123	61	0
35	168	0
18	61	0
201	59	0
3	52	0
59	200	0
113	173	0
90	106	0
175	196	0
121	121	0
167	144	0
198	15	0
96	10	0
101	152	0
103	177	0
183	39	0
135	39	0
11	116	0
0	80	0
116	18	0
193	183	0
94	91	0
151	123	0
108	139	0
170	57	0
50	77	0
45	96	0
20	42	0
143	158	0
204	99	0
204	39	0
176	80	0
11	84	0
51	22	0
79	157	0
134	137	0
48	107	0
146	71	0
204	16	0
127	14	0
27	114	0
195	193	0
142	57	0
40	129	0
141	136	0
20	161	0
145	176	0
56	40	0
62	6	0
32	45	0
132	84	0
88	100	0
6	165	0
119	134	0
127	100	0
92	192	0
200	116	0
46	183	0
191	138	0
26	47	0
62	7	0
40	139	0
177	196	0
155	148	0
61	88	0
26	106	0
33	197	0
126	125	0
160	38	0
71	134	0
139	72	0
28	59	0
201	158	0
135	131	0
125	31	0
11	22	0
136	159	0
39	9	0
189	33	0
34	165	0
141	134	0
119	162	0
2	75	0
172	92	0
22	36	0
44	71	0
7	178	0
98	183	0
127	17	0
203	6	0
26	28	0
87	122	0
69	155	0
105	187	0
64	6	0
155	143	0
9	106	0
116	96	0
96	18	0
1	64	0
68	164	0
48	69	0
155	18	0
3	130	0
151	181	0
183	114	0
38	92	0
109	59	0
70	63	0
137	45	0
48	124	0
5	111	0
161	32	0
185	193	0
109	112	0
176	162	0
56	92	0
11	12	0
91	87	0
147	26	0
55	190	0
186	16	0
49	98	0
150	74	0
38	185	0
41	74	0
89	174	0
182	153	0
54	197	0
75	80	0
8	198	0
18	17	0
183	102	0
33	170	0
152	159	0
147	83	0
186	170	0
147	92	0
189	20	0
115	171	0
195	58	0
181	146	0
93	3	0
128	166	0
122	152	0
100	157	0
42	190	0
14	89	0
15	6	0
42	75	0
72	56	0
40	95	0
180	46	0
92	14	0
97	29	0
89	192	0
148	5	0
52	122	0
161	159	0
82	144	0
68	143	0
144	140	0
141	4	0
172	125	0
26	139	0
59	58	0
160	112	0
4	193	0
14	122	0
41	169	0
22	129	0
25	36	0
65	94	0
10	119	0
157	108	0
141	156	0
164	173	0
20	47	0
95	41	0
106	5	0
127	138	0
168	136	0
149	7	0
131	69	0
178	173	0
142	132	0
84	136	0
17	161	0
106	20	0
21	138	0
65	61	0
160	102	0
126	36	0
26	191	0
73	112	0
174	125	0
188	105	0
78	54	0
66	106	0
33	127	0
40	50	0
202	194	0
163	148	0
196	51	0
109	97	0
101	140	0
92	65	0
141	151	0
193	2	0
191	145	0
44	177	0
25	71	0
102	55	0
60	75	0
90	8	0
190	121	0
27	54	0
30	13	0
19	119	0
182	145	0
80	162	0
97	2	0
141	1	0
27	62	0
79	163	0
65	170	0
10	82	0
145	34	0
165	75	0
169	90	0
110	35	0
85	5	0
67	18	0
164	53	0
106	55	0
0	120	0
204	195	0
138	131	0
84	198	0
87	13	0
36	169	0
102	96	0
96	194	0
124	135	0
203	75	0
64	41	0
92	41	0
45	106	0
52	170	0
18	201	0
105	177	0
166	174	0
151	12	0
58	171	0
110	50	0
127	80	0
11	55	0
35	140	0
11	94	0
178	195	0
156	192	0
44	9	0
204	148	0
114	128	0
13	194	0
55	147	0
26	79	0
193	147	0
206	5	0
187	133	0
143	98	0
0	129	0
174	111	0
48	135	0
192	109	0
49	38	0
110	101	0
98	192	0
53	61	0
101	169	0
168	70	0
165	41	0
182	7	0
121	192	0
204	60	0
152	104	0
66	56	0
85	116	0
172	57	0
148	165	0
59	88	0
30	146	0
122	49	0
33	141	0
156	78	0
60	153	0
133	63	0
99	161	0
143	100	0
38	102	0
153	44	0
140	89	0
80	64	0
185	9	0
144	123	0
118	149	0
22	74	0
40	114	0
155	171	0
78	147	0
26	49	0
30	195	0
87	95	0
79	171	0
78	157	0
45	25	0
180	118	0
59	126	0
9	190	0
125	154	0
4	187	0
63	116	0
202	167	0
20	164	0
101	15	0
141	46	0
188	147	0
92	128	0
98	41	0
172	17	0
11	145	0
189	164	0
34	14	0
32	20	0
197	1	0
39	32	0
159	42	0
27	7	0
129	133	0
141	171	0
146	160	0
150	8	0
161	182	0
174	38	0
191	196	0
139	46	0
39	22	0
54	4	0
186	203	0
40	162	0
101	79	0
178	45	0
23	77	0
179	130	0
94	102	0
63	169	0
72	43	0
188	106	0
32	150	0
197	183	0
36	178	0
152	77	0
107	124	0
200	58	0
75	127	0
176	103	0
141	36	0
5	126	0
166	73	0
168	24	0
66	150	0
31	51	0
147	178	0
146	74	0
160	46	0
123	196	0
92	123	0
63	201	0
93	87	0
130	57	0
25	125	0
8	71	0
65	154	0
24	26	0
170	123	0
164	180	0
205	141	0
114	158	0
200	110	0
38	30	0
3	102	0
197	142	0
195	175	0
130	196	0
47	44	0
184	156	0
21	140	0
183	109	0
39	106	0
202	18	0
129	203	0
29	186	0
127	150	0
179	137	0
60	22	0
1	165	0
183	163	0
58	190	0
28	182	0
169	166	0
199	71	0
148	23	0
20	174	0
131	12	0
3	74	0
86	90	0
106	131	0
129	158	0
162	130	0
209	82	0
43	153	0
162	177	0
21	156	0
61	137	0
19	60	0
171	157	0
59	13	0
74	118	0
6	198	0
48	116	0
194	7	0
180	25	0
15	110	0
57	23	0
137	143	0
68	1	0
53	193	0
136	76	0
174	62	0
179	143	0
87	1	0
104	132	0
155	169	0
150	176	0
85	132	0
56	51	0
109	105	0
201	187	0
7	122	0
159	163	0
50	203	0
102	26	0
129	109	0
102	9	0
41	79	0
66	128	0
31	17	0
106	74	0
33	156	0
198	131	0
197	11	0
23	186	0
75	94	0
99	175	0
98	140	0
22	148	0
86	2	0
25	117	0
169	45	0
102	115	0
126	152	0
38	187	0
164	77	0
133	118	0
132	47	0
153	100	0
70	118	0
19	0	0
109	18	0
140	180	0
206	112	0
17	179	0
162	141	0
136	167	0
159	66	0
78	197	0
20	39	0
125	41	0
98	60	0
135	128	0
56	134	0
134	199	0
20	198	0
66	195	0
42	182	0
174	101	0
144	200	0
116	24	0
113	13	0
108	88	0
80	131	0
121	72	0
89	131	0
34	52	0
178	8	0
58	76	0
19	139	0
147	186	0
119	183	0
59	199	0
21	75	0
1	80	0
93	116	0
158	53	0
100	36	0
171	134	0
193	186	0
10	175	0
65	15	0
177	178	0
12	163	0
209	39	0
52	84	0
154	180	0
153	167	0
99	189	0
209	9	0
148	180	0
203	108	0
142	35	0
159	135	0
169	88	0
19	38	0
203	51	0
209	190	0
32	144	0
47	49	0
53	28	0
77	133	0
78	68	0
160	117	0
96	146	0
51	40	0
180	28	0
169	36	0
177	80	0
143	91	0
74	34	0
64	38	0
183	34	0
201	196	0
143	185	0
208	133	0
169	147	0
194	112	0
107	166	0
145	203	0
208	84	0
8	132	0
168	121	0
184	43	0
160	37	0
204	180	0
183	94	0
190	15	0
140	83	0
145	126	0
179	11	0
179	176	0
195	114	0
155	53	0
23	173	0
116	82	0
178	118	0
7	91	0
46	113	0
141	58	0
196	54	0
53	38	0
160	80	0
167	92	0
154	18	0
193	81	0
20	65	0
182	115	0
166	198	0
124	118	0
134	51	0
8	1	0
77	16	0
19	46	0
47	175	0
104	110	0
128	20	0
29	110	0
155	34	0
149	105	0
138	2	0
171	62	0
156	90	0
97	182	0
197	141	0
166	100	0
66	15	0
27	126	0
61	156	0
177	142	0
203	181	0
120	113	0
131	132	0
200	146	0
208	190	0
96	37	0
141	97	0
164	10	0
147	58	0
190	186	0
178	49	0
149	95	0
192	148	0
67	199	0
163	179	0
155	145	0
149	46	0
195	29	0
203	180	0
116	195	0
97	138	0
206	60	0
82	17	0
38	42	0
169	60	0
23	69	0
40	122	0
21	12	0
159	87	0
37	134	0
156	98	0
73	23	0
182	17	0
138	158	0
31	0	0
129	49	0
36	38	0
164	69	0
15	115	0
180	1	0
141	133	0
209	5	0
48	82	0
174	81	0
204	68	0
113	122	0
184	83	0
103	88	0
121	125	0
206	127	0
132	175	0
134	113	0
104	138	0
86	196	0
58	89	0
35	202	0
107	197	0
151	82	0
198	44	0
183	108	0
75	35	0
184	117	0
91	105	0
191	169	0
123	151	0
101	46	0
184	139	0
159	51	0
35	20	0
116	31	0
23	51	0
40	98	0
1	87	0
119	51	0
2	44	0
46	65	0
31	103	0
3	176	0
174	79	0
192	129	0
86	31	0
180	193	0
71	55	0
103	52	0
191	162	0
84	102	0
100	39	0
121	161	0
16	176	0
8	44	0
62	28	0
93	67	0
88	83	0
156	203	0
200	75	0
114	159	0
76	155	0
68	201	0
124	34	0
11	189	0
43	110	0
163	203	0
117	165	0
209	4	0
141	107	0
20	85	0
143	3	0
146	110	0
133	198	0
16	150	0
112	50	0
114	124	0
168	91	0
38	22	0
71	59	0
21	7	0
201	169	0
17	184	0
79	161	0
67	68	0
196	20	0
196	155	0
29	192	0
198	27	0
118	178	0
35	120	0
101	34	0
55	133	0
169	11	0
103	110	0
52	68	0
39	103	0
160	91	0
160	69	0
190	127	0
94	9	0
51	185	0
141	111	0
45	170	0
74	152	0
203	0	0
194	192	0
142	83	0
127	173	0
118	168	0
176	76	0
62	86	0
190	110	0
156	161	0
110	160	0
165	19	0
38	160	0
16	33	0
175	123	0
114	70	0
49	81	0
185	92	0
127	43	0
45	164	0
74	23	0
20	61	0
62	143	0
70	112	0
185	74	0
83	126	0
179	121	0
5	135	0
45	76	0
154	203	0
40	62	0
164	36	0
86	126	0
147	194	0
103	173	0
76	35	0
78	132	0
24	95	0
50	178	0
118	86	0
112	73	0
13	117	0
187	104	0
41	112	0
143	64	0
68	182	0
26	92	0
98	93	0
199	145	0
44	108	0
86	135	0
146	143	0
95	177	0
43	18	0
111	104	0
198	89	0
131	117	0
79	196	0
59	52	0
128	160	0
62	59	0
167	13	0
128	29	0
133	128	0
71	184	0
37	56	0
129	50	0
49	66	0
10	40	0
169	97	0
207	174	0
43	49	0
49	2	0
144	5	0
17	200	0
15	157	0
41	64	0
17	164	0
23	28	0
117	119	0
112	105	0
30	165	0
127	82	0
73	113	0
118	179	0
24	203	0
42	20	0
62	124	0
45	27	0
21	16	0
154	101	0
24	167	0
209	123	0
178	141	0
96	149	0
93	33	0
149	153	0
10	102	0
16	125	0
4	39	0
42	151	0
35	12	0
44	75	0
53	92	0
106	3	0
135	20	0
22	161	0
174	201	0
58	40	0
17	18	0
13	153	0
109	70	0
70	36	0
109	150	0
170	31	0
3	51	0
8	83	0
42	196	0
102	59	0
152	114	0
28	27	0
142	137	0
183	2	0
53	11	0
67	66	0
92	66	0
148	181	0
148	125	0
79	56	0
60	165	0
133	100	0
205	57	0
74	123	0
138	196	0
77	147	0
39	76	0
158	104	0
102	156	0
13	164	0
136	126	0
67	130	0
83	107	0
133	157	0
111	141	0
147	122	0
36	191	0
128	154	0
180	151	0
150	66	0
47	156	0
153	93	0
163	136	0
185	135	0
185	29	0
148	120	0
150	51	0
99	23	0
132	52	0
119	177	0
177	98	0
127	166	0
24	61	0
10	59	0
4	120	0
120	47	0
77	73	0
159	31	0
69	33	0
60	23	0
183	135	0
98	157	0
43	43	0
91	170	0
156	155	0
206	93	0
32	40	0
89	23	0
209	122	0
206	18	0
56	45	0
112	96	0
96	107	0
206	82	0
75	45	0
206	45	0
160	22	0
142	95	0
8	102	0
33	43	0
98	162	0
118	9	0
10	104	0
95	191	0
164	187	0
135	84	0
71	148	0
64	29	0
91	31	0
85	111	0
89	113	0
88	75	0
107	54	0
120	83	0
204	117	0
143	25	0
145	75	0
106	65	0
28	109	0
146	114	0
171	163	0
34	158	0
146	129	0
41	101	0
159	6	0
149	117	0
60	142	0
201	87	0
5	56	0
187	102	0
165	126	0
39	89	0
196	195	0
56	76	0
194	164	0
82	126	0
113	189	0
160	187	0
5	169	0
48	113	0
186	173	0
102	168	0
5	98	0
10	28	0
152	158	0
64	137	0
97	17	0
170	160	0
163	66	0
187	136	0
29	23	0
137	46	0
43	113	0
30	59	0
113	88	0
42	87	0
164	116	0
117	136	0
95	117	0
36	152	0
189	52	0
49	108	0
197	164	0
196	85	0
157	79	0
86	86	0
85	188	0
78	155	0
148	100	0
145	98	0
187	128	0
105	68	0
8	116	0
58	121	0
116	65	0
49	86	0
59	61	0
96	96	0
19	166	0
121	21	0
7	184	0
33	129	0
185	184	0
93	9	0
100	194	0
55	21	0
204	44	0
88	18	0
107	143	0
174	70	0
44	187	0
98	16	0
131	41	0
15	132	0
91	117	0
77	172	0
144	203	0
68	64	0
157	22	0
36	23	0
152	30	0
139	156	0
18	153	0
100	43	0
22	168	0
106	134	0
38	61	0
6	55	0
35	82	0
91	131	0
71	62	0
126	13	0
135	152	0
199	41	0
179	70	0
152	63	0
78	175	0
107	94	0
22	189	0
87	32	0
178	58	0
140	64	0
40	33	0
55	98	0
15	64	0
199	181	0
112	174	0
33	83	0
159	95	0
161	3	0
63	85	0
195	115	0
61	191	0
80	137	0
76	40	0
0	108	0
84	81	0
112	85	0
153	163	0
143	33	0
91	126	0
7	12	0
200	139	0
43	202	0
87	18	0
52	0	0
202	57	0
140	139	0
201	105	0
193	30	0
124	149	0
201	34	0
57	152	0
40	116	0
165	1	0
178	61	0
146	194	0
8	163	0
25	127	0
101	170	0
96	4	0
37	191	0
116	172	0
170	187	0
165	5	0
176	27	0
60	193	0
111	22	0
68	163	0
205	13	0
156	132	0
74	194	0
60	58	0
12	81	0
107	18	0
158	0	0
174	65	0
137	25	0
152	173	0
16	34	0
32	82	0
6	71	0
133	11	0
48	25	0
201	136	0
86	178	0
47	151	0
93	108	0
183	82	0
14	71	0
158	138	0
52	129	0
63	57	0
138	0	0
197	195	0
