0
1
3
4
5
6
8
9
11
12
13
15
16
18
19
21
22
24
26
27
28
29
31
32
33
34
35
38
39
42
43
44
47
49
51
52
53
54
55
56
57
58
59
60
61
62
63
64
65
66
67
69
70
72
73
74
75
76
77
79
80
81
82
83
84
85
86
87
88
89
90
91
92
93
94
95
96
98
99
100
101
103
105
107
108
109
110
111
112
113
114
115
116
117
118
119
120
121
122
123
124
125
126
127
129
130
133
134
135
136
137
138
139
141
142
143
144
145
146
147
148
149
150
152
154
155
156
158
159
160
161
162
163
165
167
168
169
171
172
173
175
176
177
178
180
182
183
184
185
187
188
190
192
193
194
196
197
198
199
200
201
203
204
205
206
207
208
209
211
212
213
214
215
216
217
218
219
220
221
222
223
224
226
227
228
230
231
232
233
234
235
236
237
238
239
240
241
242
245
247
248
250
251
252
254
256
257
258
259
260
261
262
263
264
265
267
268
269
270
271
272
273
274
275
276
277
278
280
282
283
284
286
287
288
289
290
291
292
293
294
295
296
297
299
300
301
302
303
304
305
306
307
308
309
310
311
313
314
315
316
318
319
320
321
323
324
325
326
328
329
330
331
332
333
334
336
337
338
339
340
342
344
345
346
347
349
350
352
353
354
355
356
358
359
360
361
362
363
364
366
367
369
371
373
374
375
377
378
380
381
382
383
386
387
388
390
391
392
393
394
395
396
397
398
399
400
401
402
403
404
405
406
408
409
410
411
412
413
414
416
423
424
425
426
428
429
431
432
433
434
435
436
437
439
440
441
442
443
444
445
446
448
449
450
453
454
458
460
461
463
464
465
466
467
469
470
471
472
473
475
476
477
478
479
480
483
484
485
486
488
489
490
491
492
493
494
495
496
497
498
500
501
502
503
504
505
506
507
508
510
511
512
513
514
515
516
517
518
519
520
521
523
524
525
526
527
528
529
530
531
532
533
534
535
536
537
538
539
542
545
547
548
550
553
556
557
558
559
560
562
563
564
565
567
568
569
570
572
574
575
576
579
580
582
584
585
586
587
588
589
591
594
595
596
597
598
599
600
601
602
603
605
607
608
609
610
611
612
613
614
615
616
617
618
619
620
621
622
623
624
625
626
627
628
629
630
631
632
635
637
638
639
640
641
642
643
644
645
646
648
649
650
652
653
654
656
657
659
660
661
662
664
665
666
667
668
669
671
672
673
675
677
679
680
681
682
684
685
686
687
688
690
691
692
693
694
695
696
697
699
700
701
702
705
706
709
710
712
714
715
716
717
719
721
722
724
726
727
728
729
731
732
733
734
736
737
738
740
741
742
744
745
746
747
748
749
750
751
754
755
756
757
759
760
761
762
764
765
766
767
768
770
772
773
775
776
777
778
780
782
783
784
785
786
787
789
790
791
793
794
795
796
797
798
799
801
803
805
807
808
809
810
811
812
813
815
817
818
819
820
821
823
824
826
827
828
829
830
831
833
836
837
838
839
840
841
842
843
844
845
846
847
848
850
851
852
853
854
855
856
857
858
859
861
862
863
865
866
867
868
869
870
871
873
874
875
876
877
878
879
880
881
882
883
884
885
886
887
888
889
891
892
893
894
895
896
898
899
900
902
903
905
906
909
910
913
914
915
916
917
918
919
920
921
922
923
924
928
929
930
931
932
933
935
936
937
938
939
940
941
942
943
944
945
946
947
948
949
950
951
952
953
954
956
957
958
959
961
962
965
966
967
969
970
971
972
973
974
975
976
977
978
981
983
984
985
986
987
988
989
990
991
992
993
994
995
996
997
998
999
1000
1002
1003
1004
1005
1006
1008
1010
1011
1012
1013
1014
1015
1016
1018
1019
1020
1021
1022
1023
1025
1026
1027
1028
1029
1030
1031
1032
1033
1036
1038
1039
1041
1042
1043
1044
1045
1047
1048
1049
1050
1051
1052
1053
1054
1055
1056
1057
1059
1060
1061
1062
1063
1064
1065
1066
1067
1068
1069
1070
1071
1072
1073
1074
1075
1076
1077
1078
1079
1081
1083
1086
1087
1088
1089
1090
1091
1092
1093
1094
1096
1098
1099
1100
1101
1102
1103
1104
1105
1107
1109
1110
1111
1112
1113
1114
1115
1116
1117
1118
1120
1121
1122
1123
1125
1128
1130
1131
1135
1136
1137
1139
1140
1141
1142
1143
1144
1145
1146
1147
1148
1149
1150
1152
1153
1154
1155
1156
1158
1159
1160
1161
1162
1164
1166
1168
1169
1170
1171
1172
1173
1174
1175
1176
1177
1178
1181
1184
1185
1186
1187
1188
1189
1190
1192
1194
1195
1196
1198
1199
1200
1201
1202
1204
1205
1206
1207
1208
1209
1210
1211
1212
1214
1215
1216
1217
1218
1219
1220
1221
1222
1223
1224
1225
1226
1227
1228
1230
1231
1232
1235
1236
1237
1238
1239
1240
1241
1242
1243
1244
1249
1251
1253
1254
1255
1256
1258
1259
1260
1261
1263
1265
1266
1267
1268
1269
