0
2
3
4
5
6
7
8
9
10
11
12
13
14
15
16
17
18
19
20
21
22
23
25
26
27
29
30
31
32
33
34
35
36
37
38
39
40
41
42
43
45
46
48
49
50
51
53
54
58
59
60
62
63
64
65
67
68
70
71
73
74
75
76
78
80
81
82
84
85
86
87
89
90
91
92
93
94
95
96
97
98
99
101
102
103
104
105
106
107
108
109
110
111
112
114
115
116
117
118
119
120
121
124
126
127
128
129
130
131
132
133
134
136
138
139
140
141
143
145
146
148
150
151
153
154
156
157
158
159
160
161
162
163
164
165
166
167
168
169
170
173
174
175
179
180
181
182
184
185
186
189
190
191
192
193
194
195
196
197
198
200
201
202
204
205
206
207
209
210
211
214
215
216
217
218
219
223
224
225
226
227
229
230
232
233
235
237
240
241
242
243
244
246
247
248
249
250
251
252
253
254
255
256
257
259
260
262
265
266
267
268
269
270
271
272
275
276
277
278
279
280
281
282
284
285
286
287
288
289
290
291
292
293
294
295
296
297
298
300
301
303
304
305
306
307
309
310
311
312
314
315
317
318
319
320
321
322
323
324
325
327
328
330
331
332
333
334
335
336
338
339
340
341
342
343
344
345
348
349
350
351
352
354
355
356
357
358
359
360
363
365
366
367
368
369
370
371
372
373
374
375
376
378
379
381
382
383
384
385
386
387
389
390
391
392
393
394
397
398
399
400
401
402
404
405
406
407
408
409
410
411
412
413
415
417
418
419
420
421
422
423
424
425
426
427
428
429
430
431
432
434
435
436
437
438
439
440
441
442
444
445
446
447
449
450
451
452
453
454
455
456
457
458
459
460
461
462
466
467
468
469
470
472
474
475
476
478
479
481
482
484
485
486
487
488
489
490
493
495
496
497
498
499
500
503
504
505
506
508
509
510
511
512
513
514
515
517
519
520
522
523
524
525
526
527
528
529
530
532
533
535
538
539
540
541
542
543
544
546
547
548
549
550
551
552
554
555
556
559
561
564
565
566
567
568
569
570
571
572
573
575
576
577
578
580
581
582
583
584
586
587
588
589
590
591
592
593
595
596
597
599
601
602
604
605
606
607
608
609
610
611
613
616
618
619
620
622
623
624
625
627
628
630
631
632
633
634
636
637
638
639
640
641
644
645
646
647
648
649
651
652
655
656
657
658
659
660
661
663
664
665
670
671
673
674
675
676
677
678
680
683
684
685
687
688
689
690
691
692
693
694
696
697
698
699
700
702
703
704
705
706
707
708
709
710
711
712
713
714
715
716
717
718
719
720
721
723
724
725
726
728
729
730
731
733
734
735
736
738
739
740
741
742
743
744
745
747
748
749
750
751
752
753
754
755
756
758
759
760
761
762
763
765
768
769
770
771
772
773
774
776
777
778
779
780
781
782
783
785
786
787
788
789
791
792
793
794
795
798
799
800
801
802
803
804
806
807
808
809
810
811
814
815
816
818
819
821
822
823
824
825
826
827
828
831
832
833
834
835
837
839
840
842
844
845
846
847
848
849
852
853
854
855
856
857
858
860
861
862
863
864
865
866
867
868
870
871
872
873
874
875
876
877
878
879
880
881
883
884
885
886
887
888
890
891
893
895
896
897
898
899
901
902
904
905
906
907
908
910
911
912
913
914
916
918
919
920
921
922
923
924
925
926
927
928
930
931
932
933
934
936
937
938
940
941
943
944
946
947
950
951
952
953
955
956
957
958
959
960
961
962
963
964
965
966
967
968
969
970
971
972
973
975
976
978
979
980
981
982
983
984
985
987
988
989
990
991
992
993
996
997
998
999
1000
1001
1002
1003
1004
1005
1006
1007
1008
1009
1010
1012
1014
1015
1016
1017
1018
1019
1020
1021
1022
1024
1025
1026
1027
1028
1029
1030
1031
1034
1035
1037
1038
1039
1040
1043
1044
1045
1046
1047
1048
1049
1050
1051
1052
1054
1055
1056
1058
1060
1062
1066
1067
1070
1071
1072
1073
1074
1075
1076
1077
1078
1079
1080
1081
1082
1083
1084
1085
1086
1087
1089
1090
1091
1093
1095
1097
1098
1099
1100
1101
1102
1105
1106
1107
1108
1109
1112
1115
1116
1119
1120
1121
1122
1123
1124
1125
1126
1127
1129
1130
1132
1133
1134
1135
1137
1138
1139
1140
1142
1143
1144
1145
1146
1147
1149
1151
1152
1154
1155
1156
1157
1159
1161
1162
1163
1164
1165
1166
1167
1169
1173
1174
1176
1177
1178
1179
1180
1182
1183
1184
1185
1186
1188
1190
1191
1192
1193
1194
1195
1196
1197
1198
1199
1200
1201
1202
1203
1205
1206
1208
1209
1210
1211
1212
1213
1214
1215
1217
1218
1219
1220
1221
1223
1224
1225
1226
1227
1228
1229
1230
1231
1233
1234
1235
1236
1237
1238
1239
1240
1242
1244
1245
1246
1247
1248
1249
1250
1251
1252
1254
1255
1257
1258
1259
1260
1261
1262
1263
1264
1265
1269
