0
1
2
3
4
5
6
7
9
10
12
13
14
15
16
17
20
21
23
24
25
26
27
28
30
31
32
33
34
35
36
37
38
39
40
41
42
43
44
45
46
47
48
49
50
51
52
53
54
55
56
57
58
59
60
61
62
63
64
66
67
68
69
71
72
73
74
75
76
77
78
79
81
82
83
84
85
86
87
88
89
90
91
93
94
95
96
97
98
100
102
103
104
105
106
108
110
111
112
113
115
117
118
119
122
123
124
125
127
128
131
132
133
134
135
137
138
139
140
142
143
144
145
146
147
148
149
151
152
153
155
157
159
161
163
164
165
166
168
169
170
171
172
173
174
176
177
178
179
180
181
182
183
184
186
187
188
189
190
191
193
194
195
198
199
202
203
206
207
208
210
211
212
213
216
217
220
221
222
223
224
225
226
228
229
230
231
233
234
235
236
237
238
239
240
241
242
243
244
245
246
247
248
249
251
253
254
255
256
257
258
259
260
261
263
264
266
267
268
269
271
272
273
274
276
279
280
281
283
284
285
286
288
289
290
291
292
293
296
298
299
300
302
303
304
305
306
308
310
312
313
316
317
318
319
320
322
324
325
326
327
328
329
330
331
332
333
334
335
337
340
341
343
344
346
347
348
350
351
352
353
354
356
357
359
360
361
362
363
364
365
368
369
370
371
372
373
374
375
376
377
378
379
380
381
382
383
384
385
386
388
389
390
393
394
395
396
398
400
403
404
405
406
407
408
409
410
411
412
413
414
415
416
417
418
419
420
421
422
424
426
427
428
430
433
434
436
437
438
441
442
443
444
445
446
447
448
449
451
452
454
455
456
457
459
462
463
464
465
466
468
469
470
471
472
473
474
475
477
478
480
481
482
483
485
486
487
488
489
491
492
494
495
496
497
498
499
500
501
502
504
505
506
507
508
509
510
512
513
514
515
516
517
518
521
522
525
526
529
530
531
532
533
534
536
537
538
539
540
541
542
543
544
545
546
548
549
550
551
552
553
554
555
556
557
558
559
560
561
562
563
564
565
566
567
568
571
572
573
574
576
577
578
579
580
581
582
583
585
587
588
590
592
593
594
595
596
597
598
599
600
601
603
604
605
606
607
608
609
612
613
614
615
616
617
618
619
620
621
623
624
625
626
627
628
629
633
634
635
636
637
638
642
643
644
646
647
649
650
651
652
653
654
655
656
657
658
660
661
662
663
664
665
666
667
668
669
670
671
672
674
675
676
677
678
679
680
681
682
683
684
685
686
688
689
690
692
693
694
695
696
697
698
699
700
701
702
703
704
705
706
707
708
709
710
711
712
713
716
717
718
720
722
723
724
725
727
729
730
731
732
733
734
735
736
737
738
739
741
742
743
744
746
747
748
749
750
752
753
754
755
756
757
758
759
760
762
763
764
765
766
767
768
769
770
771
772
773
774
775
776
777
779
781
782
784
787
788
790
791
792
793
795
796
797
798
800
801
802
803
804
805
806
807
809
810
811
812
813
814
815
816
817
818
820
821
822
825
828
829
830
831
832
833
834
835
836
837
838
839
841
842
843
844
845
846
847
848
849
850
851
852
854
856
858
859
860
861
862
864
865
866
869
871
872
873
876
877
879
882
883
884
885
888
889
890
892
893
894
895
896
897
898
899
900
901
903
904
907
908
909
910
911
912
913
915
916
917
918
919
921
922
923
925
926
927
928
929
930
931
933
934
935
937
939
940
942
943
944
945
947
948
949
950
952
953
954
955
956
958
960
963
964
965
966
967
968
971
972
974
976
977
979
980
982
983
986
987
989
990
991
992
993
994
995
996
999
1001
1002
1006
1007
1008
1009
1010
1011
1012
1013
1014
1015
1016
1017
1018
1020
1021
1023
1024
1026
1027
1028
1030
1032
1033
1034
1035
1036
1037
1038
1039
1040
1041
1042
1043
1044
1045
1046
1048
1049
1052
1053
1054
1055
1057
1058
1059
1060
1061
1062
1063
1064
1065
1067
1068
1069
1073
1074
1075
1077
1078
1079
1080
1081
1082
1084
1085
1086
1087
1088
1089
1090
1091
1092
1093
1094
1095
1096
1097
1098
1100
1101
1103
1104
1105
1106
1108
1110
1111
1112
1113
1114
1115
1117
1118
1119
1122
1123
1124
1125
1126
1127
1128
1129
1130
1131
1132
1133
1134
1135
1136
1137
1138
1139
1140
1141
1142
1143
1147
1148
1149
1150
1151
1153
1154
1156
1157
1158
1160
1161
1163
1164
1165
1166
1167
1168
1169
1170
1171
1172
1173
1175
1176
1177
1179
1180
1181
1182
1183
1184
1185
1187
1188
1189
1190
1191
1192
1193
1195
1197
1198
1199
1200
1201
1202
1203
1204
1206
1207
1210
1212
1213
1214
1215
1216
1217
1219
1220
1222
1223
1225
1226
1227
1229
1230
1232
1233
1234
1235
1236
1237
1238
1239
1241
1243
1244
1245
1246
1247
1248
1250
1251
1252
1253
1254
1256
1257
1258
1259
1260
1261
1262
1263
1264
1265
1266
1267
1268
1269
