1
2
4
5
6
7
8
9
10
11
13
14
16
17
18
19
20
21
22
23
24
25
27
28
29
30
31
35
36
37
39
40
41
44
45
46
47
48
50
51
52
55
56
57
60
61
63
64
65
66
67
68
69
70
71
72
73
74
75
77
78
79
80
82
83
86
88
90
92
93
94
95
96
97
98
99
100
101
102
103
104
106
107
108
109
110
112
113
114
116
117
118
119
120
121
122
123
124
125
126
128
129
130
131
132
135
136
137
138
139
140
141
142
144
147
148
149
150
151
152
153
154
155
156
157
158
160
161
162
163
164
165
166
167
168
169
170
171
172
174
175
176
177
178
179
180
181
183
185
186
187
188
189
190
191
192
193
194
195
196
197
198
199
200
201
202
203
204
205
208
209
210
212
213
214
215
216
218
219
220
221
222
224
225
227
228
229
231
232
234
235
236
237
238
239
240
241
243
244
245
246
249
250
252
253
254
255
257
258
259
260
261
262
263
264
265
266
267
268
270
271
273
274
275
276
277
278
279
280
281
282
283
285
287
289
291
292
294
295
296
297
298
299
300
301
302
307
308
309
310
311
312
313
314
315
316
317
321
322
323
326
327
329
330
333
334
335
336
337
338
339
340
341
342
343
344
345
346
347
348
349
351
352
353
355
357
358
359
360
361
362
363
364
365
366
367
368
369
370
371
372
374
376
377
378
379
380
381
382
384
385
387
388
389
390
391
392
395
396
397
398
399
401
402
403
405
407
411
414
415
416
417
418
419
420
421
422
423
425
427
428
429
430
431
432
433
434
435
437
438
439
440
441
443
447
448
449
450
451
452
453
455
456
457
458
459
460
461
462
463
464
465
466
467
468
471
473
474
475
476
477
478
479
480
481
482
483
484
485
486
487
488
489
490
491
492
493
494
495
496
497
498
499
501
502
503
504
505
506
507
509
511
514
516
517
518
519
520
521
522
523
524
526
527
528
529
530
531
534
535
536
537
538
539
540
541
543
544
545
546
547
548
549
551
552
553
554
555
557
558
560
561
562
563
565
566
567
568
569
570
571
573
574
575
577
578
579
581
583
584
585
586
588
589
590
591
592
593
594
596
598
600
602
603
604
605
606
608
609
610
611
612
614
615
616
617
618
620
621
622
623
626
629
630
631
632
633
634
635
636
637
638
639
640
641
642
643
644
645
646
647
648
650
651
652
653
654
655
656
658
659
661
662
663
664
666
667
668
669
670
671
672
673
674
675
676
677
678
679
680
681
682
683
684
686
687
688
689
691
692
693
694
695
698
699
701
702
703
704
707
708
710
711
712
713
714
715
717
718
719
720
721
722
723
725
726
727
728
729
730
731
732
733
734
735
737
739
740
743
745
746
747
749
750
751
752
753
754
757
758
760
761
763
764
766
767
768
769
771
774
775
776
777
778
779
780
781
783
784
785
786
788
789
790
792
793
794
795
796
797
798
799
800
801
802
803
804
805
806
808
812
813
814
815
816
817
819
820
821
822
823
824
825
826
827
829
830
831
832
834
835
836
838
840
841
842
843
844
845
849
850
851
852
853
854
855
857
858
859
860
863
864
867
868
869
870
871
872
874
875
877
878
880
881
882
884
886
887
888
889
890
891
892
893
894
895
897
898
899
900
901
902
903
904
905
906
907
908
909
911
912
914
915
916
917
918
920
922
923
924
925
926
927
929
932
933
934
935
936
937
938
939
940
941
942
944
945
946
947
948
949
950
951
953
954
955
957
958
959
960
961
962
963
964
967
968
969
970
972
973
974
975
977
978
979
980
981
982
984
985
986
987
988
989
994
995
997
998
1000
1001
1002
1003
1004
1005
1006
1007
1008
1009
1011
1012
1013
1015
1016
1017
1018
1019
1021
1022
1023
1024
1025
1026
1027
1029
1030
1031
1032
1033
1034
1035
1036
1037
1039
1040
1041
1042
1046
1047
1048
1049
1050
1051
1052
1053
1056
1057
1058
1059
1060
1061
1062
1063
1064
1065
1066
1067
1068
1069
1070
1071
1072
1074
1075
1076
1077
1078
1080
1081
1082
1083
1084
1085
1087
1088
1092
1093
1094
1095
1096
1097
1099
1102
1103
1104
1105
1106
1107
1108
1109
1110
1111
1113
1114
1115
1116
1117
1118
1119
1120
1121
1122
1123
1124
1126
1127
1128
1129
1130
1131
1132
1133
1134
1136
1137
1138
1141
1143
1144
1145
1146
1147
1148
1150
1151
1152
1153
1155
1157
1158
1159
1160
1162
1163
1165
1167
1168
1169
1170
1171
1172
1173
1174
1175
1177
1178
1179
1180
1181
1182
1183
1184
1186
1187
1188
1189
1191
1192
1193
1194
1196
1197
1199
1200
1203
1204
1205
1206
1207
1208
1209
1210
1211
1212
1213
1214
1216
1218
1219
1220
1221
1222
1224
1226
1228
1229
1230
1231
1232
1233
1234
1235
1239
1240
1241
1242
1243
1244
1245
1246
1247
1248
1249
1250
1252
1253
1254
1255
1256
1257
1259
1260
1262
1264
1266
1267
1268
