1
2
3
4
5
6
7
8
10
11
12
13
14
18
20
21
23
24
25
26
27
28
29
30
31
32
34
36
37
38
39
40
41
42
43
44
45
46
47
49
50
52
53
55
56
57
58
59
61
62
63
64
65
67
68
69
70
72
73
74
75
77
78
79
81
82
83
84
85
87
88
89
90
91
92
93
95
97
98
99
100
101
104
107
108
110
111
112
113
115
116
118
119
121
122
123
124
126
127
128
129
130
132
133
135
136
137
138
139
140
141
142
143
144
145
146
148
149
150
153
154
155
157
158
159
160
161
162
164
165
167
168
169
170
171
172
173
174
175
176
177
179
180
182
184
185
186
187
188
189
190
191
192
193
194
195
196
197
198
199
200
201
203
204
205
206
207
208
209
210
211
212
213
214
215
216
217
218
220
223
224
226
227
228
229
230
231
232
233
234
237
238
239
240
242
243
245
247
248
249
251
252
253
254
255
256
257
259
260
261
262
264
265
266
267
268
269
270
271
272
273
274
275
276
277
279
280
281
282
283
284
285
286
287
288
289
290
291
292
293
294
295
296
297
298
299
300
302
303
304
305
306
307
309
310
312
313
314
315
316
317
319
320
321
323
324
325
327
328
329
330
331
332
333
334
335
337
338
339
340
341
342
343
344
345
347
348
349
351
352
353
354
355
356
357
358
359
360
362
363
364
365
366
367
368
369
370
372
373
374
376
377
379
380
381
382
383
385
386
387
388
389
390
393
394
395
396
397
398
399
401
402
403
405
406
408
409
410
411
412
413
414
415
416
417
419
420
421
422
423
424
425
427
428
429
430
431
432
433
434
435
436
437
438
439
440
441
442
444
445
446
448
449
450
452
453
454
456
458
460
462
463
464
465
467
468
469
470
472
475
476
477
478
479
480
485
486
487
488
489
491
492
493
495
497
498
499
500
501
502
503
504
505
507
508
510
512
514
515
516
518
519
520
521
522
523
524
525
526
527
528
529
531
532
533
534
535
537
538
539
540
541
542
543
544
545
546
548
549
550
552
553
554
555
556
557
559
561
562
563
564
565
566
567
570
571
573
575
576
577
578
579
582
584
585
586
587
588
589
591
592
593
594
596
597
598
599
600
602
606
607
608
609
610
611
612
613
614
615
616
618
619
620
622
623
624
625
627
628
630
631
632
633
635
636
637
638
639
640
641
643
645
646
647
648
649
650
651
652
653
654
655
656
658
659
660
661
662
663
664
665
666
667
669
670
671
673
674
675
676
677
678
679
680
681
682
683
684
685
686
688
690
691
692
693
694
695
696
697
698
699
700
701
702
703
704
705
706
707
708
709
711
712
713
714
716
717
718
719
720
721
722
723
724
726
727
728
729
730
731
732
733
735
736
738
739
740
742
743
744
745
747
748
749
750
751
752
753
754
755
756
757
758
759
760
761
763
764
765
766
768
769
770
772
774
776
777
779
781
782
783
785
786
789
790
793
794
795
796
797
798
799
800
801
802
803
806
810
813
815
816
817
819
821
822
824
826
827
828
829
830
831
832
833
834
835
838
839
842
843
844
847
848
849
850
853
854
855
858
859
860
861
862
863
865
866
868
869
870
872
874
875
877
878
879
880
881
882
883
884
886
889
890
891
892
893
894
895
896
897
898
899
900
902
904
906
907
908
909
910
911
912
913
914
916
917
918
919
920
921
922
923
925
926
927
928
929
930
931
932
933
934
937
938
939
940
941
942
943
946
947
949
950
951
953
954
955
956
958
959
960
961
964
965
966
967
968
969
970
971
972
975
976
980
981
982
983
984
985
986
987
988
989
991
992
993
994
995
996
998
999
1000
1001
1002
1003
1005
1006
1008
1009
1010
1012
1013
1014
1015
1017
1018
1019
1020
1021
1022
1023
1024
1025
1026
1030
1031
1032
1034
1035
1036
1038
1039
1040
1041
1042
1043
1044
1045
1046
1047
1048
1049
1050
1052
1054
1056
1057
1058
1059
1060
1062
1063
1066
1068
1069
1071
1072
1073
1074
1075
1076
1077
1079
1080
1082
1083
1084
1085
1087
1088
1089
1090
1091
1092
1093
1097
1098
1099
1101
1102
1103
1104
1105
1108
1109
1110
1111
1112
1113
1114
1115
1116
1117
1118
1119
1120
1121
1122
1123
1124
1125
1126
1127
1128
1129
1130
1131
1133
1134
1135
1136
1137
1138
1139
1140
1141
1142
1143
1145
1146
1147
1148
1149
1150
1151
1152
1153
1156
1157
1158
1160
1161
1163
1164
1165
1166
1167
1168
1169
1170
1172
1173
1174
1175
1176
1178
1179
1181
1182
1183
1185
1186
1187
1190
1191
1192
1194
1195
1196
1197
1198
1200
1203
1204
1205
1206
1207
1210
1211
1213
1214
1215
1218
1220
1222
1223
1224
1225
1227
1228
1229
1230
1231
1232
1233
1236
1237
1238
1239
1240
1241
1242
1243
1246
1247
1248
1249
1250
1251
1252
1253
1254
1255
1256
1257
1258
1259
1260
1262
1263
1264
1265
1266
1267
1268
1270
1271
1272
1273
1274
1275
1276
1277
1278
1279
1280
1283
1285
1286
1288
1290
1291
1292
1293
1294
1295
1296
1297
1298
1301
1302
1303
1304
1305
1306
1307
1308
1309
1310
1312
1314
1317
1318
1319
1321
1322
1323
1324
1325
1326
1328
1329
1330
1332
1333
1334
1336
1338
1339
1340
1341
1342
1343
1344
1345
1346
1347
1348
1349
1350
1351
1352
1353
1354
1355
1356
1357
1358
1359
1360
1361
1363
1364
1365
1367
1368
1370
1371
1373
1375
1376
1377
1378
1379
1380
1381
1382
1383
1384
1385
1386
1387
1388
1390
1391
1392
1394
1396
1397
1399
1400
1401
1402
1403
1404
1405
1406
1407
1409
1410
1411
1412
1413
1414
1417
1418
1419
1420
1421
1422
1424
1425
1426
1427
1429
1430
1431
1432
1433
1434
1435
1436
1438
1439
1441
1442
1443
1444
1445
1447
1448
1449
1450
1451
1452
1453
1454
1455
1457
1458
1459
1461
1462
1463
1464
1465
1467
1469
1470
1472
1475
1476
1477
1478
1480
1483
1484
1485
1487
1488
1490
1492
1493
1495
1497
1499
1500
1501
1502
1503
1504
1505
1506
1507
1508
1509
1510
1511
1513
1514
1515
1516
1518
1519
1520
1522
1523
1524
1525
1528
1529
1530
1531
1532
1534
1535
1536
1537
1538
1540
1542
1544
1545
1546
1548
1549
1550
1551
1552
1554
1555
1556
1557
1558
1559
1560
1561
1562
1563
1564
1565
1566
1567
1569
1571
1572
1573
1574
1575
1576
1577
1578
1579
1580
1581
1582
1583
1584
1585
1586
1587
1588
1589
1590
1591
1592
1593
1595
1596
1597
1598
1600
1603
1605
1607
1608
1610
1613
1614
1615
1616
1617
1618
1619
1620
1621
1625
1628
1629
1630
1631
1633
1634
1636
1637
1638
1640
1643
1644
1646
1647
1648
1650
1651
1652
1653
1654
1655
1656
1657
1658
1661
1662
1663
1664
1665
1666
1667
1668
1669
1670
1671
1672
1673
1674
1675
1676
1678
1679
1681
1682
1685
1686
1687
1689
1690
1691
1692
1693
1694
1695
1696
1697
1698
1699
1700
1701
1703
1704
1705
1707
1708
1710
1711
1712
1713
1714
1715
1717
1718
1719
1722
1723
1724
1725
1726
1727
1728
1729
1730
1731
1732
1733
1736
1737
1738
1739
1741
1742
1744
1746
1747
1748
1749
1751
1753
1755
1757
1758
1759
1760
1761
1762
1763
1765
1766
1767
1768
1769
1770
1771
1772
1773
1774
1775
1776
1777
1779
1780
1781
1782
1783
1784
1785
1786
1787
1788
1789
1790
1791
1794
1795
1796
1797
1799
1800
1801
1802
1803
1806
1807
1808
1809
1810
1811
1812
1813
1814
1815
1818
1819
1820
1821
1822
1823
1824
1826
1827
1829
1831
1832
1834
1836
1837
1838
1839
1840
1841
1842
1844
1845
1846
1847
1851
1852
1853
1854
1855
1856
1858
1859
1860
1861
1862
1863
1864
1865
1866
1867
1868
1869
1870
1872
1874
1876
1877
1878
1879
1880
1881
1882
1883
1884
1885
1886
1887
1888
1890
1891
1892
1893
1894
1895
1896
1897
1898
1899
1900
1901
1902
1903
1905
1907
1908
1911
1912
1913
1914
1915
1916
1917
1918
1919
1920
1922
1924
1925
1926
1927
1928
1929
1930
1932
1934
1935
1936
1938
1939
1940
1941
1944
1945
1946
1947
1948
1949
1950
1952
1953
1954
1955
1956
1957
1958
1959
1960
1961
1963
1964
1966
1968
1971
1972
1974
1976
1977
1979
1980
1981
1982
1984
1986
1987
1988
1989
1990
1991
1992
1993
1994
1995
1997
1998
2000
2001
2002
2003
2005
2006
2007
2008
2009
2010
2011
2012
2013
2014
2015
2017
2018
2019
2020
2021
2022
2024
2025
2026
2027
2028
2030
2031
2032
2033
2034
2035
2036
2037
2038
2039
2040
2041
2042
2043
2044
2045
2046
2047
2048
2049
2050
2051
2052
2053
2054
2055
2057
2058
2059
2060
2062
2063
2065
2066
2067
2068
2070
2073
2074
2075
2076
2078
2079
2080
2081
2082
2083
2084
2085
2086
2087
2088
2089
2090
2091
2092
2093
2094
2095
2096
2097
2098
2099
2100
2101
2102
2103
2104
2105
2106
2107
2109
2110
2111
2112
2113
2114
2115
2116
2117
2118
2119
2120
2121
2122
2124
2125
2126
2127
2128
2129
2130
2131
2132
2133
2134
2135
2136
2138
2139
2140
2141
2142
2143
2144
2145
2146
2147
2148
2149
2150
2151
2152
2153
2154
2155
2156
2158
2159
2160
2161
2162
2163
2164
2167
2170
2172
2173
2174
2175
2176
2177
2178
2179
2181
2183
2186
2187
2188
2189
2191
2192
2193
2197
2198
2200
2201
2202
2203
2204
2205
2206
2207
2208
2209
2210
2211
2212
2213
2214
2215
2216
2219
2220
2221
2222
2223
2224
2225
2226
2227
2228
2229
2230
2231
2232
2234
2235
2236
2237
2239
2241
2243
2244
2245
2246
2247
2248
2250
2251
2253
2254
2255
2256
2257
2259
2260
2261
2264
2265
2266
2267
2269
2272
2273
2277
2278
2279
2281
2287
2288
2289
2290
2291
2292
2294
2296
2297
2298
2299
2300
2301
2302
2304
2305
2307
2308
2309
2311
2312
2313
2315
2317
2319
2320
2321
2322
2323
2324
2325
2326
2327
2329
2330
2331
2332
2333
2334
2335
2337
2338
2339
2340
2341
2342
2343
2344
2345
2347
2349
2350
2352
2353
2354
2355
2356
2357
2358
2359
2361
2362
2363
2364
2366
2367
2368
2370
2371
2372
2376
2378
2380
2382
2384
2385
2386
2388
2389
2390
2391
2393
2394
2395
2397
2398
2400
2402
2403
2404
2406
2407
2408
2409
2410
2411
2412
2413
2414
2415
2416
2418
2419
2420
2421
2422
2423
2424
2425
2426
2427
2428
2429
2430
2431
2432
2433
2434
2435
2436
2437
2438
2441
2442
2443
2446
2449
2450
2451
2452
2453
2454
2455
2456
2457
2458
2459
2460
2462
2463
2464
2465
2466
2467
2468
2469
2470
2471
2472
2473
2474
2475
2477
2479
2480
2482
2483
2484
2486
2487
2488
2489
2490
2491
2493
2498
2499
2500
2501
2502
2503
2504
2505
2506
2507
2508
2509
2510
2511
2512
2513
2514
2516
2518
2519
2520
2521
2522
2524
2525
2526
2527
2528
2529
2530
2531
2532
2533
2534
2535
2536
2538
2539
2540
2541
2545
2546
2547
2548
2549
2551
2552
2553
2554
2555
2556
2557
2559
2561
2562
2563
2565
2566
2567
2568
2569
2570
2571
2572
2574
2576
2577
2578
2579
2580
2582
2583
2584
2585
2587
2588
2589
2590
2591
2592
2596
2597
2598
2599
2600
2601
2602
2603
2604
2605
2606
2607
2608
2610
2611
2612
2613
2614
2615
2616
2617
2619
2620
2621
2622
2623
2624
2625
2626
2627
2629
2631
2633
2634
2635
2636
2637
2638
2639
2640
2641
2642
2643
2644
2645
2646
2648
2649
2650
2652
2653
2654
2655
2656
2658
2659
2660
2661
2662
2663
2665
2667
2668
2669
2670
2671
2672
2673
2674
2675
2676
2677
2678
2679
2680
2681
2682
2683
2685
2686
2687
2688
2689
2691
2693
2694
2695
2697
2698
2699
2701
2703
2705
2706
2707
2709
2710
2711
2712
2713
2714
2715
2716
2718
2719
2720
2721
2722
2723
2724
2726
2727
2728
2729
2730
2731
2732
2733
2734
2735
2737
2738
2739
2740
2741
2743
2744
2745
2746
2747
2748
2749
2751
2754
2755
2756
2758
2759
2761
2762
2763
2764
2766
2767
2768
2769
2771
2772
2773
2775
2776
2777
2779
2781
2782
2784
2785
2786
2787
2788
2790
2791
2793
2796
2797
2798
2799
2800
2801
2802
2803
2804
2805
2806
2807
2808
2810
2811
2813
2815
2817
2820
2821
2822
2823
2824
2825
2826
2827
2828
2829
2830
2831
2832
2833
2835
2836
2837
2838
2841
2842
2843
2844
2845
2846
2847
2848
2849
2850
2851
2852
2854
2855
2856
2858
2859
2860
2861
2862
2863
2864
2865
2866
2867
2868
2869
2871
2873
2875
2878
2879
2880
2881
2882
2883
2884
2885
2886
2889
2890
2891
2892
2893
2894
2895
2897
2898
2899
2900
2902
2903
2904
2907
2908
2911
2912
2913
2914
2915
2917
2918
2919
2920
2922
2923
2924
2925
2926
2929
2930
2931
2932
2933
2934
2935
2936
2937
2938
2939
2941
2942
2943
2944
2945
2946
2947
2948
2950
2951
