0
1
3
4
5
6
7
10
11
12
13
14
15
16
17
18
19
20
22
23
24
25
26
27
28
31
33
35
36
40
41
42
43
44
45
46
48
49
51
52
53
55
56
57
58
59
60
61
62
63
64
65
66
67
68
69
70
71
72
74
75
77
78
80
81
82
83
86
89
90
92
93
94
96
97
98
101
102
103
104
105
106
107
109
110
111
113
115
117
118
120
122
124
125
126
127
128
129
130
132
133
134
135
136
137
138
139
140
141
142
143
144
145
146
147
148
149
150
151
152
153
154
155
156
158
159
160
161
162
163
164
165
166
167
168
169
170
171
172
173
175
178
179
180
181
182
183
184
185
186
187
188
191
192
193
194
195
196
199
200
201
202
203
204
205
206
208
209
210
211
213
214
215
216
217
218
220
221
222
223
224
226
227
228
229
230
231
233
234
235
237
239
240
241
242
246
247
248
249
250
251
252
253
255
256
257
258
259
260
261
262
263
264
266
267
268
272
273
274
275
276
277
278
280
283
284
285
286
287
288
289
290
291
292
294
295
296
297
298
299
300
301
302
303
306
307
308
311
312
313
314
315
316
318
319
320
321
323
324
325
326
327
328
329
330
331
332
333
334
336
338
339
340
342
343
344
345
346
347
348
349
350
351
352
353
354
355
356
359
360
361
363
364
365
366
367
368
369
371
373
375
376
377
378
379
380
383
384
385
387
388
389
390
391
392
393
394
395
396
398
399
402
403
404
405
406
407
408
409
410
415
416
417
419
420
421
422
423
424
425
426
427
428
429
430
432
433
435
436
437
438
439
440
441
442
443
444
446
447
448
449
450
453
454
455
456
457
458
459
461
463
464
465
466
468
469
471
472
474
475
476
477
478
480
481
482
483
484
485
486
487
488
489
490
491
492
493
495
496
497
498
499
500
504
505
506
507
508
509
510
511
512
513
514
516
517
518
519
520
521
522
523
524
526
528
529
530
531
535
536
537
539
540
541
542
544
545
546
547
549
550
551
552
553
554
555
558
559
560
561
562
563
566
567
569
570
571
572
573
574
575
576
578
579
580
582
583
584
585
586
587
588
589
590
591
592
593
594
595
596
597
598
599
600
601
602
604
605
606
608
610
612
613
614
615
616
618
619
620
621
622
623
624
625
626
628
629
630
632
633
634
635
636
637
638
639
641
642
643
646
648
649
650
651
652
653
654
655
657
658
659
660
661
662
663
664
665
666
667
668
670
671
673
674
675
677
678
679
680
681
683
684
685
687
688
689
690
691
692
694
696
697
698
699
700
701
702
703
704
705
708
709
710
711
712
713
715
716
717
720
721
722
723
724
726
727
728
729
730
732
733
734
735
736
737
738
739
740
741
742
743
745
746
747
748
749
750
751
752
753
755
756
757
759
760
761
763
765
766
767
768
769
770
771
773
774
776
777
778
779
780
781
783
785
786
788
789
790
792
793
794
796
798
800
801
802
803
804
806
807
808
809
810
811
812
814
815
816
819
820
821
822
823
824
825
826
828
829
830
832
833
835
836
838
839
840
842
844
845
850
851
852
853
854
857
858
859
860
861
862
863
865
866
867
868
869
870
871
872
873
874
875
876
877
878
879
880
884
885
886
887
889
890
892
893
896
897
899
900
901
902
905
906
907
908
909
911
912
914
917
918
919
920
921
922
923
924
925
926
927
928
929
930
931
932
933
934
935
936
937
938
940
941
942
943
945
946
947
948
949
950
951
952
953
955
956
957
959
960
962
963
966
969
970
971
972
973
974
975
979
980
981
982
983
984
985
986
987
989
990
991
992
993
994
995
997
998
999
1000
1001
1002
1003
1004
1005
1006
1007
1009
1011
1012
1013
1014
1015
1016
1017
1019
1020
1022
1023
1024
1025
1026
1027
1028
1029
1030
1031
1032
1034
1035
1036
1038
1039
1040
1041
1045
1048
1049
1051
1052
1053
1054
1056
1057
1058
1059
1060
1062
1063
1064
1065
1067
1070
1071
1073
1075
1076
1077
1078
1080
1081
1082
1083
1085
1086
1087
1090
1091
1092
1093
1094
1095
1097
1098
1099
1100
1101
1102
1103
1104
1105
1107
1108
1109
1110
1112
1113
1115
1116
1117
1118
1120
1121
1122
1123
1124
1126
1127
1128
1129
1130
1132
1133
1134
1136
1137
1141
1144
1146
1147
1148
1149
1150
1151
1153
1154
1156
1158
1160
1161
1162
1163
1164
1165
1168
1170
1171
1172
1173
1174
1175
1178
1179
1180
1181
1182
1183
1184
1186
1187
1188
1189
1190
1191
1192
1193
1194
1195
1196
1198
1200
1201
1202
1203
1204
1205
1206
1207
1210
1211
1214
1215
1216
1217
1218
1219
1220
1221
1222
1223
1224
1225
1226
1227
1228
1229
1230
1231
1232
1233
1235
1236
1237
1238
1239
1240
1241
1242
1243
1244
1246
1247
1248
1251
1252
1254
1255
1256
1257
1258
1259
1260
1261
1262
1263
1264
1265
1266
1267
1268
1269
1270
1271
1272
1273
1274
1275
1276
1278
1279
1281
1282
1283
1284
1285
1286
1287
1288
1289
1290
1291
1292
1293
1295
1296
1298
1299
1301
1302
1303
1304
1305
1307
1308
1309
1310
1311
1312
1313
1314
1315
1316
1317
1318
1319
1321
1322
1323
1325
1326
1327
1329
1330
1331
1333
1334
1335
1336
1337
1338
1339
1340
1341
1342
1343
1345
1346
1347
1348
1349
1353
1354
1355
1356
1357
1358
1360
1361
1362
1363
1364
1365
1366
1367
1368
1369
1371
1372
1373
1374
1375
1377
1378
1379
1380
1381
1382
1383
1385
1387
1388
1389
1390
1391
1392
1393
1395
1397
1398
1401
1402
1403
1404
1405
1406
1407
1408
1409
1410
1411
1413
1414
1415
1416
1417
1418
1419
1420
1421
1422
1423
1424
1425
1426
1428
1429
1430
1431
1432
1433
1434
1435
1436
1437
1438
1439
1440
1441
1442
1443
1444
1445
1447
1448
1449
1453
1454
1456
1457
1460
1462
1463
1464
1465
1466
1467
1468
1469
1470
1471
1473
1475
1476
1477
1478
1479
1480
1481
1482
1484
1485
1486
1488
1491
1492
1493
1494
1496
1498
1499
1500
1502
1503
1504
1505
1506
1507
1508
1511
1512
1513
1514
1515
1517
1518
1519
1520
1522
1523
1524
1525
1527
1528
1530
1534
1535
1536
1537
1539
1540
1541
1542
1544
1545
1546
1547
1548
1549
1550
1551
1552
1554
1555
1557
1558
1562
1563
1564
1565
1566
1567
1568
1570
1572
1573
1574
1576
1577
1578
1579
1580
1581
1584
1585
1586
1588
1590
1591
1592
1593
1594
1596
1597
1598
1599
1600
1602
1605
1606
1608
1609
1610
1611
1613
1614
1615
1616
1617
1619
1620
1621
1622
1623
1624
1625
1626
1627
1628
1631
1632
1634
1636
1637
1638
1639
1640
1641
1643
1645
1646
1647
1649
1651
1652
1654
1655
1656
1657
1658
1660
1661
1662
1663
1664
1665
1668
1671
1672
1673
1674
1675
1676
1677
1678
1679
1680
1681
1682
1683
1684
1685
1686
1687
1689
1690
1691
1692
1693
1694
1695
1697
1701
1702
1703
1704
1706
1707
1709
1710
1711
1713
1714
1715
1716
1717
1718
1721
1722
1723
1724
1725
1726
1728
1729
1730
1731
1732
1733
1734
1737
1738
1739
1740
1741
1744
1745
1747
1750
1751
1752
1753
1756
1757
1759
1760
1761
1762
1763
1764
1765
1766
1767
1768
1769
1770
1771
1772
1773
1774
1775
1776
1777
1778
1779
1780
1781
1782
1783
1786
1788
1789
1790
1791
1792
1793
1794
1796
1797
1798
1799
1800
1801
1802
1804
1805
1806
1807
1809
1810
1811
1812
1813
1814
1816
1818
1819
1820
1821
1822
1823
1824
1826
1827
1829
1830
1831
1833
1834
1835
1836
1837
1838
1840
1841
1842
1843
1844
1846
1847
1849
1851
1852
1853
1854
1855
1856
1858
1862
1863
1865
1866
1867
1868
1869
1871
1873
1874
1875
1877
1878
1880
1882
1884
1885
1887
1889
1891
1892
1894
1895
1897
1898
1899
1900
1904
1908
1909
1910
1911
1913
1914
1915
1916
1917
1918
1919
1921
1923
1924
1925
1926
1927
1928
1929
1930
1933
1935
1936
1937
1938
1939
1940
1941
1942
1945
1946
1947
1948
1949
1950
1951
1952
1953
1954
1955
1956
1957
1958
1959
1960
1961
1962
1965
1966
1967
1968
1969
1970
1972
1973
1974
1975
1977
1978
1979
1980
1981
1982
1983
1984
1985
1986
1987
1988
1990
1991
1992
1994
1995
1997
1998
2001
2002
2003
2004
2005
2006
2007
2008
2009
2010
2011
2015
2016
2018
2019
2020
2021
2022
2023
2027
2028
2029
2030
2031
2032
2033
2034
2036
2037
2039
2040
2041
2042
2043
2045
2046
2047
2048
2050
2051
2052
2053
2054
2056
2058
2059
2060
2061
2062
2063
2064
2065
2066
2067
2068
2069
2070
2072
2075
2076
2079
2080
2081
2083
2084
2085
2087
2088
2089
2090
2092
2093
2095
2096
2097
2098
2099
2100
2101
2104
2105
2106
2107
2108
2109
2111
2112
2113
2115
2116
2117
2118
2119
2120
2121
2122
2123
2124
2129
2130
2131
2132
2133
2134
2135
2136
2137
2138
2139
2140
2142
2143
2144
2145
2146
2147
2148
2149
2151
2154
2155
2156
2157
2158
2160
2161
2163
2164
2165
2166
2167
2168
2169
2170
2171
2172
2173
2174
2175
2176
2177
2178
2179
2180
2182
2183
2184
2185
2186
2187
2188
2189
2190
2191
2193
2194
2195
2196
2199
2200
2201
2202
2203
2204
2205
2206
2207
2208
2209
2211
2212
2214
2215
2216
2217
2219
2221
2223
2225
2226
2228
2229
2231
2232
2234
2235
2236
2238
2241
2242
2243
2244
2245
2247
2248
2249
2252
2253
2254
2257
2258
2260
2261
2262
2264
2265
2266
2267
2268
2269
2270
2271
2273
2274
2275
2276
2278
2279
2281
2282
2283
2285
2286
2288
2289
2290
2291
2294
2295
2296
2298
2299
2300
2301
2303
2304
2305
2306
2307
2309
2310
2311
2312
2313
2314
2316
2318
2319
2320
2321
2322
2323
2325
2326
2327
2328
2329
2330
2331
2332
2334
2335
2336
2337
2338
2339
2340
2342
2343
2344
2345
2346
2348
2349
2350
2351
2352
2353
2355
2356
2357
2358
2359
2361
2362
2363
2364
2367
2369
2371
2372
2374
2375
2376
2378
2380
2381
2382
2383
2386
2387
2388
2390
2391
2393
2394
2395
2396
2397
2398
2399
2400
2401
2403
2404
2406
2407
2408
2409
2410
2411
2414
2415
2416
2417
2419
2420
2422
2423
2424
2426
2427
2428
2429
2430
2431
2432
2433
2435
2436
2437
2438
2439
2440
2441
2443
2444
2445
2446
2447
2448
2449
2450
2451
2452
2453
2454
2455
2456
2458
2459
2460
2461
2462
2463
2464
2465
2466
2467
2468
2469
2470
2471
2473
2475
2476
2477
2478
2479
2481
2482
2483
2484
2485
2486
2487
2488
2489
2490
2491
2492
2493
2494
2495
2496
2497
2500
2501
2502
2503
2504
2505
2506
2507
2508
2509
2510
2512
2513
2514
2515
2517
2518
2519
2520
2522
2523
2524
2525
2526
2528
2529
2530
2531
2532
2533
2534
2535
2536
2537
2538
2540
2541
2542
2543
2544
2545
2547
2548
2549
2550
2551
2552
2553
2554
2555
2557
2558
2559
2561
2562
2563
2566
2567
2568
2569
2570
2571
2572
2574
2575
2576
2578
2580
2581
2582
2583
2584
2585
2586
2588
2590
2591
2592
2593
2594
2596
2598
2599
2600
2601
2602
2603
2604
2605
2606
2607
2608
2609
2610
2611
2612
2613
2616
2617
2618
2621
2622
2623
2624
2626
2627
2628
2629
2630
2631
2632
2633
2634
2635
2636
2640
2641
2643
2645
2646
2647
2648
2649
2651
2653
2654
2657
2658
2660
2663
2664
2665
2666
2667
2668
2669
2670
2673
2674
2675
2676
2677
2678
2679
2680
2681
2682
2683
2684
2685
2686
2687
2688
2690
2691
2692
2693
2694
2695
2697
2698
2699
2702
2703
2704
2705
2706
2707
2709
2711
2712
2713
2714
2715
2717
2718
2720
2721
2722
2723
2724
2725
2726
2727
2728
2729
2730
2732
2733
2734
2735
2736
2737
2738
2739
2741
2742
2743
2744
2745
2746
2747
2748
2749
2750
2751
2752
2753
2754
2755
2756
2759
2760
2761
2762
2764
2765
2766
2767
2770
2771
2772
2773
2774
2775
2776
2777
2778
2779
2780
2781
2783
2784
2785
2786
2787
2788
2789
2790
2791
2792
2793
2794
2795
2797
2798
2799
2800
2801
2803
2804
2805
2806
2808
2809
2810
2811
2812
2813
2814
2815
2816
2817
2818
2819
2820
2821
2822
2823
2824
2825
2826
2827
2828
2829
2830
2831
2832
2833
2834
2835
2836
2837
2838
2839
2840
2842
2844
2845
2846
2848
2849
2851
2852
2853
2854
2855
2856
2857
2858
2859
2860
2861
2862
2865
2866
2867
2868
2869
2870
2871
2872
2873
2874
2875
2876
2877
2878
2880
2883
2884
2885
2886
2887
2888
2890
2891
2893
2894
2895
2896
2897
2899
2900
2902
2903
2904
2906
2908
2912
2913
2914
2915
2917
2918
2919
2920
2921
2922
2923
2924
2925
2927
2928
2929
2930
2931
2932
2933
2934
2935
2936
2937
2938
2940
2941
2943
2944
2945
2946
2947
2948
2949
2950
2951
2953
2954
2955
2956
2958
2959
2960
2961
2962
2963
2964
2966
2967
2968
2970
2972
2973
2974
2975
2976
2979
2980
2981
2983
2984
2986
2987
2988
2989
2990
2991
2994
2997
2998
2999
3000
3001
3002
3004
3005
3006
3007
3008
3009
3010
3011
3012
3013
3014
3015
3016
3017
3018
3019
3020
3021
3022
3023
3024
3026
3027
3028
3029
3030
3031
3032
3033
3035
3036
3041
3043
3044
3046
3048
3050
3053
3054
3055
3058
3060
3061
3062
3063
3065
3066
3067
3068
3069
3070
3071
3073
3075
3076
3077
3078
3079
3080
3081
3083
3085
3086
3087
3088
3090
3093
3094
3095
3096
3097
3098
3100
3102
3103
3104
3105
3106
3107
3108
3114
3115
3116
3117
3118
3119
3120
3121
3122
3123
3124
3125
3126
3127
3129
3130
3131
3132
3133
3134
3135
3137
3138
3139
3140
3141
3142
3143
3144
3146
3149
3150
3151
3152
3153
3154
3155
3156
3157
3158
3160
3161
3162
3163
3164
3167
3168
3169
3171
3172
3174
3175
3176
3177
3179
3181
3182
3183
3184
3185
3186
3187
3188
3189
3190
3191
3192
3193
3196
3197
3198
3199
3200
3201
3202
3204
3205
3206
3207
3208
3209
3211
3212
3213
3214
3216
3217
3218
3220
3222
3223
3224
3225
3226
3227
3228
3229
3231
3232
3233
3234
3235
3236
3237
3238
3239
3240
3241
3242
3243
3245
3246
3248
3249
3250
3251
3252
3253
3254
3255
3256
3257
3258
3260
3261
3263
3265
3266
3269
3272
3273
3274
3276
3277
3278
3280
3281
3282
3283
3284
3285
3286
3287
3290
3291
3292
3293
3294
3295
3297
3298
3299
3300
3301
3302
3303
3304
3305
3306
3307
3308
3309
3311
3315
3316
3317
3318
3319
3321
3322
3323
3325
3326
3327
3328
3329
3331
3333
3334
3335
3337
3338
3341
3342
3343
3344
3345
3346
3347
3348
3350
3352
3353
3354
3355
3356
3358
3359
3361
3362
3363
3365
3366
3367
3368
3370
3373
3374
3375
3376
3377
3378
3379
3380
3382
3383
3385
3386
3387
3388
3391
3392
3393
3394
3396
3397
3399
3400
3401
3402
3403
3404
3405
3406
3407
3408
3410
3411
3412
3413
3414
3415
3416
3417
3418
3420
3422
3423
3424
3425
3426
3427
3428
3429
3430
3431
3432
3433
3435
3436
3437
3440
3441
3442
3443
3444
3445
3447
3450
3451
3452
3454
3456
3457
3458
3459
3460
3462
3463
3464
3466
3467
3468
3469
3470
3471
3472
3473
3474
3476
3477
3478
3479
3480
3481
3482
3483
3484
3485
3486
3488
3489
3491
3492
3493
3494
3495
3496
3498
3499
3500
3501
3502
3503
3504
3505
3506
3507
3510
3511
3512
3514
3515
3517
3518
3519
3520
3521
3522
3523
3524
3526
3528
3532
3533
3535
3536
3537
3538
3539
3540
3541
3542
3544
3547
3548
3549
3551
3552
3555
3557
3559
3560
3561
3562
3563
3564
3565
3566
3568
3569
3570
3571
3572
3573
3574
3575
3576
3577
3578
3579
3580
3581
3583
3584
3586
3588
3589
3590
3591
3592
3593
3594
3595
3597
3598
3600
3601
3602
3604
3605
3606
3607
3608
3610
3611
3612
3613
3614
3615
3617
3618
3619
3620
3621
3622
3623
3624
3625
3626
3629
3631
3633
3634
3636
3637
3640
3641
3642
3643
3644
3645
3646
3647
3648
3649
3650
3651
3652
3653
3656
3658
3659
3660
3663
3664
3665
3666
3667
3669
3671
3672
3674
3675
3676
3677
3678
3679
3680
3681
3682
3683
3685
3687
3688
3689
3690
3691
3692
3693
3694
3695
3696
3697
3698
3699
3700
3701
3702
3703
3704
3705
3706
3707
3708
3710
3711
3712
3713
3714
3716
3717
3718
3719
3720
3721
3722
3723
3724
3725
3726
3728
3729
3731
3732
3733
3734
3735
3736
3738
3739
3740
3741
3742
3743
3744
3745
3746
3747
3748
3749
3751
3752
3753
3755
3756
3757
3759
3760
3761
3762
3764
3765
3766
3767
3769
3770
3771
3772
3773
3774
3775
3776
3777
3778
3779
3780
3781
3782
3784
3785
3786
3787
3788
3789
3790
3791
3793
3795
3796
3797
3799
3800
3803
3804
3805
3806
3807
3808
3809
3810
3813
3814
3815
3817
3818
3819
3820
3822
3823
3824
3825
3826
3827
3828
3829
3830
3831
3832
3833
3836
3837
3838
3839
3840
3841
3842
3843
3844
3845
3846
3847
3848
3851
3852
3853
3854
3855
3857
3858
3859
3861
3862
3863
3864
3866
3867
3868
3869
3871
3872
3873
3874
3876
3877
3878
3879
3880
3881
3882
3884
3885
3887
3889
3890
3891
3892
3893
3894
3895
3896
3898
3899
3900
3901
3902
3904
3905
3906
3907
3908
3909
3910
3911
3914
3915
3916
3918
3919
3920
3921
3923
3924
3925
3927
3928
3929
3930
3931
3932
3933
3935
3938
3939
3940
3941
3942
3943
3944
3945
3946
3947
3949
3950
3952
3953
3954
3955
3956
3957
3959
3960
3961
3962
3965
3966
3968
3969
3971
3972
3973
3974
3975
3976
3979
3980
3981
3982
3983
3984
3985
3987
3988
3989
3990
3991
3992
3993
3994
3995
3996
3998
3999
4000
4002
4003
4004
4005
4007
4008
4009
4010
4011
4012
4013
4014
4015
4016
4017
4018
4020
4021
4022
4023
4024
4025
4026
4027
4029
4030
4031
4032
4033
4034
4035
4036
4040
4041
4042
4047
4049
4050
4051
4052
4053
4054
4055
4056
4058
4060
4061
4062
4065
4068
4069
4071
4072
4073
4074
4075
4076
4077
4078
4080
4081
4082
4083
4084
4085
4086
4089
4090
4091
4092
4093
4094
4095
4096
4097
4098
4099
4100
4101
4102
4103
4105
4106
4107
4108
4109
4110
4111
4112
4114
4115
4117
4118
4120
4121
4122
4123
4124
4125
4127
4129
4130
4131
4134
4135
4136
4137
4138
4140
4141
4142
4144
4145
4146
4147
4148
4150
4151
4152
4153
4154
4155
4156
4157
4158
4159
4160
4161
4162
4164
4165
4166
4167
4168
4170
4171
4172
4173
4174
4175
4176
4177
4178
4179
4180
4182
4183
4184
4185
4187
4188
4189
4190
4192
4193
4194
4196
4197
4198
4199
4201
4202
4203
4204
4205
4206
4208
4209
4210
4211
4212
4214
4215
4216
4217
4218
4219
4220
4221
4223
4224
4225
4228
4229
4230
4231
4232
4233
4234
4235
4237
4238
4240
4242
4243
4244
4245
4246
4247
4248
4249
4250
4253
4254
4255
4257
4258
4259
4260
4261
4262
4263
4264
4265
4266
4267
4268
4269
4271
4272
4273
4274
4275
4276
4277
4278
4281
4282
4283
4285
4286
4289
4291
4292
4294
4295
4296
4297
4298
4299
4301
4302
4305
4306
4307
4308
4309
4310
4311
4312
4314
4315
4320
4322
4323
4324
4325
4326
4327
4328
4329
4332
4333
4334
4335
4336
4337
4338
4339
4340
4341
4342
4344
4345
4346
4347
4348
4349
4350
4352
4353
4354
4355
4357
4358
4361
4364
4365
4366
4367
4368
4369
4370
4371
4372
4373
4375
4376
4378
4379
4380
4382
4383
4384
4385
4386
4387
4389
4390
4391
4392
4394
4395
4396
4397
4398
4399
4400
4401
4402
4404
4405
4406
4407
4409
4410
4412
4414
4415
4417
4418
4419
4421
4423
4425
4427
4428
4429
4430
4431
4432
4433
4434
4435
4436
4437
4439
4440
4441
4442
4443
4444
4445
4446
4449
4450
4451
4452
4453
4455
4456
4457
4458
4459
4460
4461
4462
4463
4464
4465
4467
4468
4469
4470
4471
4472
4473
4474
4475
4476
4478
4479
4480
4481
4482
4484
4485
4486
4487
4488
4489
4490
4491
4492
4493
4494
4495
4496
4497
4498
4499
4500
4501
4502
4503
4506
4507
4508
4509
4510
4512
4515
4516
4517
4519
4520
4521
4522
4523
4525
4526
4527
4528
4529
4530
4531
4532
4533
4534
4536
4539
4540
4541
4542
4543
4544
4545
4546
4547
4548
4549
4551
4552
4555
4556
4558
4559
4560
4562
4563
4564
4566
4567
4568
4569
4570
4571
4573
4574
4575
4576
4577
4578
4579
4580
4581
4582
4584
4586
4587
4588
4589
4590
4592
4593
4594
4595
4596
4597
4598
4599
4600
4601
4602
4603
4604
4607
4608
4609
4610
4611
4612
4614
4615
4616
4617
4618
4619
4620
4621
4623
4624
4625
4626
4627
4628
4629
4630
4631
4632
4633
4634
4635
4636
4637
4638
4639
4641
4643
4644
4645
4646
4648
4649
4650
4651
4652
4653
4654
4655
4656
4657
4659
4660
4661
4662
4663
4664
4665
4666
4667
4668
4669
4670
4671
4672
4674
4675
4678
4679
4682
4683
4685
4686
4687
4688
4690
4691
4692
4693
4694
4695
4697
4698
4699
4700
4701
4703
4704
4705
4707
4708
4709
4710
4711
4712
4713
4714
4715
4717
4718
4720
4721
4722
4723
4724
4725
4726
4727
4728
4729
4730
4731
4732
4733
4734
4735
4736
4737
4738
4739
4740
4742
4743
4744
4745
4746
4747
4748
4749
4751
4752
4753
4754
4755
4757
4758
4759
4760
4762
4763
4764
4766
4767
4768
4770
4771
4772
4773
4774
4776
4777
4778
4779
4780
4781
4782
4783
4785
4786
4789
4790
4791
4792
4793
4795
4796
4797
4798
4799
4800
4801
4802
4803
4804
4805
4807
4808
4810
4811
4812
4814
4815
4816
4817
4818
4819
4820
4821
4823
4824
4825
4826
4828
4829
4830
4831
4833
4836
4837
4838
4839
4840
4841
4842
4844
4845
4846
4847
4848
4849
4850
4853
4854
4855
4856
4858
4859
4860
4861
4862
4863
4864
4866
4867
4868
4869
4870
4871
4872
4874
4875
4877
4878
4879
4880
4881
4883
4885
4886
4887
4888
4889
4890
4891
4893
4894
4895
4896
4898
4899
4900
4901
4902
4903
4904
4905
4906
4907
4908
4910
4911
4912
4913
4914
4916
4917
4918
4919
4920
4921
4922
4923
4926
4927
4928
4929
4931
4932
4933
4935
4936
4937
4939
4941
4942
4943
4944
4945
4947
4949
4951
4952
4953
4954
4958
4959
4960
4961
4962
4963
4964
4965
4967
4968
4969
4972
4973
4974
4976
4977
4978
4979
4980
4981
4982
4983
4984
4985
4986
4987
4988
4989
4991
4992
4993
4994
4995
4996
4997
4998
4999
5000
5001
5002
5003
5004
5005
5006
5007
5008
5009
5010
5011
5012
5013
5016
5017
5019
5021
5022
5023
5024
5026
5027
5028
5029
5030
5031
5032
5033
5034
5035
5036
5037
5038
5039
5040
5041
5042
5043
5044
5046
5047
5049
5050
5051
5052
5053
5054
5055
5056
5057
5060
5062
5064
5065
5067
5068
5069
5070
5071
5072
5074
5075
5078
5079
5080
5081
5082
5083
5084
5086
5088
5090
5091
5092
5093
5095
5096
5097
5098
5100
5101
5102
5103
5105
5106
5107
5109
5111
5113
5114
5116
5117
5118
5119
5120
5121
5122
5123
5124
5125
5128
5129
5130
5131
5133
5134
5135
5136
5137
5138
5140
5141
5142
5145
5146
5147
5148
5149
5150
5151
5152
5153
5154
5155
5156
5158
5161
5162
5163
5164
5165
5166
5167
5168
5169
5170
5172
5173
5174
5175
5176
5177
5178
5179
5180
5181
5182
5183
5184
5186
5187
5188
5189
5191
5192
5193
5194
5195
5196
5197
5198
5201
5202
5203
5205
5206
5207
5208
5209
5210
5211
5212
5213
5214
5215
5216
5217
5218
5219
5220
5221
5223
5224
5225
5227
5228
5231
5232
5233
5234
5235
5236
5237
5238
5239
5241
5242
5244
5245
5246
5248
5251
5252
5253
5255
5256
5257
5258
5260
5261
5262
5263
5264
5265
5266
5267
5268
5269
5271
5272
5274
5275
5277
5278
5281
5282
5283
5285
5288
5289
5290
5291
5292
5293
5296
5297
5299
5300
5301
5302
5303
5304
5309
5310
5311
5315
5316
5318
5319
5320
5321
5322
5324
5325
5327
5328
5329
5331
5333
5334
5335
5336
5338
5339
5340
5341
5342
5343
5344
5345
5346
5347
5348
5349
5351
5352
5353
5354
5355
5356
5357
5358
5359
5360
5361
5362
5363
5364
5365
5366
5367
5368
5369
5370
5371
5372
5373
5375
5376
5377
5379
5380
5381
5382
5383
5384
5385
5386
5387
5388
5389
5391
5392
5393
5394
5395
5399
5400
5402
5403
5404
5405
5406
5407
5410
5411
5412
5416
5417
5420
5421
5422
5423
5424
5425
5426
5427
5428
5429
5430
5431
5434
5435
5436
5437
5438
5439
5440
5441
5443
5444
5445
5447
5449
5450
5451
5452
5453
5454
5455
5457
5458
5459
5460
5461
5462
5463
5464
5465
5466
5467
5468
5469
5470
5472
5473
5474
5475
5476
5477
5479
5480
5481
5482
5483
5485
5486
5487
5488
5489
5490
5491
5492
5493
5494
5495
5496
5497
5498
5500
5501
5502
5503
5504
5505
5506
5507
5508
5510
5511
5513
5514
5516
5517
5518
5519
5520
5521
5522
5523
5524
5525
5526
5527
5528
5529
5530
5531
5532
5534
5536
5537
5538
5539
5540
5542
5543
5544
5547
5548
5550
5551
5552
5553
5554
5556
5558
5559
5560
5561
5562
5563
5565
5567
5568
5570
5571
5572
5573
5575
5576
5577
5579
5580
5581
5583
5584
5585
5586
5588
5590
5591
5592
5593
5594
5595
5596
5597
5598
5599
5600
5601
5603
5604
5605
5606
5608
5609
5610
5611
5612
5613
5614
5616
5617
5618
5619
5621
5623
5624
5625
5626
5627
5628
5629
5632
5633
5635
5636
5637
5638
5639
5641
5642
5643
5644
5645
5646
5647
5648
5649
5650
5651
5652
5653
5654
5655
5657
5658
5660
5664
5665
5666
5667
5669
5672
5674
5675
5676
5677
5678
5680
5681
5682
5683
5684
5685
5686
5688
5690
5691
5692
5694
5695
5696
5697
5699
5700
5701
5702
5703
5704
5705
5706
5707
5708
5709
5711
5714
5715
5717
5718
5719
5720
5722
5723
5724
5725
5728
5729
5730
5731
5732
5733
5734
5736
5737
5738
5739
5740
5741
5743
5744
5745
5746
5747
5749
5750
5751
5752
5754
5755
5756
5757
5759
5761
5762
5764
5765
5766
5767
5768
5769
5770
5771
5772
5773
5774
5775
5776
5777
5778
5780
5782
5784
5786
5788
5789
5791
5792
5794
5795
5796
5797
5798
5801
5802
5803
5804
5805
5807
5808
5811
5812
5813
5814
5815
5816
5817
5818
5819
5821
5823
5824
5825
5826
5827
5828
5831
5832
5833
5834
5836
5837
5838
5839
5841
5843
5844
5845
5846
5847
5848
5849
5850
5851
5853
5854
5855
5856
5857
5858
5859
5860
5861
5863
5864
5865
5867
5868
5869
5870
5871
5872
5874
5875
5876
5877
5878
5879
5880
5883
5884
5885
5886
5887
5888
5889
5890
5891
5892
5893
5894
5895
5896
5897
5898
5902
5904
5905
5906
5907
5908
5909
5910
5911
5912
5913
5914
5915
5916
5917
5918
5920
5922
5923
5926
5927
5928
5929
5930
5931
5932
5933
5934
5936
5937
5938
5939
5940
5941
5942
5943
5944
5945
5946
5947
5948
5949
5950
5951
5952
5953
5954
5955
5956
5957
5958
5960
5961
5962
5965
5966
5967
5968
5969
5970
5971
5972
5973
5974
5975
5976
5977
5978
5981
5982
5983
5984
5987
5988
5989
5990
5991
5992
5993
5995
5996
5998
5999
6001
6002
6003
6005
6006
6008
6009
6010
6012
6013
6014
6015
6020
6021
6022
6023
6024
6026
6027
6029
6030
6032
6033
6034
6035
6036
6037
6038
6039
6040
6041
6042
6043
6044
6045
6046
6047
6048
6051
6052
6054
6056
6057
6058
6059
6060
6063
6064
6065
6066
6069
6070
6071
6072
6073
6074
6075
6076
6077
6078
6079
6080
6081
6082
6083
6084
6085
6086
6087
6088
6089
6090
6092
6093
6094
6095
6096
6097
6098
6100
6101
6102
6104
6105
6106
6107
6108
6109
6111
6112
6113
6114
6115
6116
6117
6118
6120
6121
6122
6124
6125
6126
6127
6128
6130
6132
6133
6134
6135
6136
6137
6139
6141
6142
6144
6146
6147
6148
6149
6150
6151
6152
6154
6158
6160
6161
6163
6164
6166
6167
6168
6169
6170
6171
6174
6176
6177
6178
6179
6180
6181
6183
6185
6186
6187
6188
6189
6190
6192
6195
6196
6198
6199
6200
6201
6202
6203
6204
6207
6208
6210
6212
6213
6214
6215
6216
6217
6218
6219
6220
6222
6223
6224
6225
6227
6228
6229
6230
6232
6233
6235
6237
6238
6240
6241
6242
6243
6245
6246
6247
6248
6250
6251
6254
6255
6256
6257
6258
6259
6260
6261
6262
6263
6265
6266
6267
6268
6271
6272
6273
6275
6276
6277
6278
6279
6281
6282
6285
6287
6288
6290
6291
6292
6294
6295
6296
6299
6300
6301
6302
6303
6304
6305
6306
6307
6308
6309
6310
6311
6312
6314
6315
6316
6317
6318
6319
6320
6322
6323
6324
6325
6326
6327
6328
6329
6332
6333
6335
6336
6337
6339
6340
6341
6342
6343
6344
6345
6349
6352
6353
6354
6355
6356
6357
6358
6360
6361
6363
6364
6366
6367
6368
6369
6370
6372
6373
6374
6375
6378
6379
6380
6381
6383
6385
6386
6387
6389
6390
6391
6392
6393
6394
6395
6396
6397
6398
6399
6400
6401
6402
6404
6405
6406
6407
6409
6412
6413
6414
6415
6416
6418
6419
6421
6422
6423
6425
6427
6429
6430
6432
6433
6434
6435
6436
6438
6439
6440
6443
6444
6445
6446
6448
6449
6450
6451
6452
6453
6454
6455
6456
6458
6459
6460
6464
6465
6466
6468
6469
6470
6471
6472
6473
6474
6475
6477
6478
6480
6481
6484
6485
6486
6487
6488
6492
6493
6494
6496
6497
6498
6499
6501
6502
6503
6504
6506
6507
6508
6509
6510
6511
6513
6514
6515
6516
6517
6518
6519
6521
6522
6523
6524
6525
6527
6528
6531
6532
6533
6534
6536
6537
6538
6540
6541
6542
6543
6544
6546
6547
6548
6549
6551
6552
6553
6554
6556
6557
6558
6560
6561
6562
6563
6564
6565
6566
6567
6568
6569
6570
6571
6572
6573
6574
6575
6576
6577
6578
6579
6580
6581
6582
6584
6585
6587
6589
6590
6591
6592
6593
6594
6595
6596
6597
6598
6599
6600
6601
6604
6605
6606
6607
6608
6609
6610
6611
6612
6613
6614
6615
6616
6617
6618
6619
6620
6621
6622
6623
6624
6625
6626
6627
6628
6629
6630
6632
6633
6634
6635
6636
6637
6638
6639
6640
6641
6642
6643
6644
6645
6646
6647
6648
6649
6651
6652
6653
6654
6655
6656
6657
6658
6660
6661
6662
6665
6666
6667
6670
6671
6672
6673
6675
6677
6678
6679
6680
6681
6683
6684
6685
6686
6687
6688
6689
6692
6694
6695
6696
6697
6698
6699
6700
6701
6702
6703
6704
6705
6706
6707
6708
6709
6710
6711
6712
6713
6714
6715
6716
6717
6719
6720
6722
6723
6724
6725
6726
6727
6728
6729
6730
6731
6732
6733
6734
6735
6736
6737
6739
6740
6742
6743
6744
6745
6746
6747
6748
6749
6750
6751
6752
6753
6754
6756
6757
6758
6759
6760
6761
6763
6764
6765
6766
6767
6768
6769
6770
6771
6773
6774
6775
6776
6777
6778
6779
6780
6781
6782
6783
6785
6786
6787
6788
6790
6791
6793
6794
6795
6796
6797
6799
6801
6802
6803
6804
6805
6807
6808
6809
6810
6811
6812
6813
6814
6815
6816
6818
6819
6820
6821
6822
6823
6824
6826
6827
6828
6831
6832
6833
6834
6835
6836
6837
6838
6839
6841
6843
6844
6845
6846
6847
6848
6849
6850
6851
6853
6854
6855
6857
6858
6859
6860
6861
6862
6863
6864
6865
6866
6867
6869
6870
6871
6872
6874
6875
6876
6877
6879
6880
6881
6883
6884
6885
6886
6887
6888
6889
6890
6891
6893
6894
6895
6896
6897
6898
6899
6900
6901
6903
6904
6906
6907
6909
6910
6911
6912
6913
6914
6915
6916
6918
6919
6920
6921
6922
6923
6925
6926
6927
6929
6930
6931
6932
6934
6936
6937
6938
6939
6940
6941
6942
6943
6944
6945
6946
6947
6948
6949
6950
6951
6954
6956
6957
6958
6959
6960
6962
6963
6964
6966
6967
6969
6970
6971
6972
6974
6975
6976
6977
6979
6981
6982
6983
6984
6985
6986
6987
6988
6989
6990
6991
6993
6995
6996
6997
6999
7002
7003
7004
7005
7006
7007
7008
7009
7010
7011
7013
7014
7015
7016
7018
7019
7021
7022
7023
7024
7025
7026
7027
7028
7029
7030
7031
7032
7033
7036
7038
7039
7041
7042
7043
7046
7048
7049
7050
7051
7052
7053
7054
7055
7057
7058
7059
7060
7061
7062
7063
7064
7065
7067
7068
7069
7070
7072
7073
7075
7076
7077
7078
7080
7081
7083
7087
7088
7089
7090
7091
7092
7093
7094
7095
7096
7097
7098
7099
7101
7102
7103
7104
7105
7106
7107
7108
7109
7112
7113
7114
7115
7116
7117
7118
7120
7121
7122
7123
7124
7125
7126
7128
7129
7132
7133
7134
7135
7138
7140
7141
7142
7145
7146
7148
7149
7150
7151
7152
7153
7154
7156
7157
7159
7160
7161
7162
7163
7164
7165
7168
7170
7171
7172
7173
7174
7175
7177
7179
7180
7181
7183
7184
7185
7186
7187
7188
7190
7191
7192
7193
7195
7196
7197
7198
7199
7200
7201
7202
7203
7204
7205
7206
7207
7208
7209
7210
7211
7212
7213
7214
7215
7216
7219
7220
7221
7222
7223
7224
7226
7227
7228
7229
7230
7234
7235
7236
7238
7239
7240
7241
7242
7243
7244
7245
7246
7247
7248
7249
7250
7253
7254
7255
7256
7257
7259
7260
7261
7262
7265
7266
7267
7268
7269
7271
7272
7274
7276
7279
7280
7281
7282
7283
7285
7286
7287
7288
7289
7290
7291
7292
7293
7295
7296
7297
7299
7301
7302
7303
7304
7307
7309
7310
7311
7312
7313
7314
7315
7316
7319
7320
7321
7324
7326
7327
7328
7329
7331
7332
7333
7334
7335
7336
7337
7338
7339
7340
7341
7342
7343
7345
7346
7347
7348
7349
7350
7351
7352
7353
7354
7355
7356
7358
7359
7360
7361
7363
7364
7365
7366
7367
7368
7369
7370
7371
7372
7373
7374
7375
7376
7378
7379
7380
7381
7382
7383
7384
7385
7386
7387
7388
7389
7390
7391
7392
7393
7394
7395
7396
7397
7398
7399
7401
7403
7404
7405
7407
7408
7409
7410
7411
7412
7413
7414
7415
7416
7418
7419
7420
7421
7422
7423
7424
7425
7426
7427
7428
7429
7430
7431
7432
7434
7435
7436
7437
7438
7440
7442
7443
7444
7445
7446
7447
7448
7449
7450
7451
7452
7453
7455
7456
7458
7459
7460
7462
7463
7464
7465
7466
7468
7469
7470
7471
7473
7474
7475
7476
7478
7479
7480
7482
7483
7484
7486
7488
7490
7491
7492
7493
7494
7495
7496
7497
7498
7499
7500
7501
7503
7504
7506
7507
7508
7509
7510
7513
7514
7515
7517
7518
7519
7520
7521
7522
7523
7524
7525
7526
7527
7528
7529
7530
7531
7532
7533
7535
7538
7539
7540
7541
7542
7545
7546
7548
7549
7550
7551
7552
7553
7554
7555
7556
7557
7558
7559
7560
7562
7565
7566
7567
7568
7570
7571
7574
7576
7577
7578
7580
7582
7584
7585
7586
7588
7589
7590
7591
7592
7593
7594
7595
7596
7597
7598
7600
7601
7602
7603
7604
7606
7607
7608
7610
7611
7612
7613
7614
7615
7616
7617
7618
7619
7624
7625
7626
7627
7628
7629
7630
7631
7632
7633
7635
7637
7638
7639
7640
7641
7642
7643
7644
7645
7646
7648
7649
7651
7652
7654
7655
7656
7657
7658
7659
7660
7662
7663
7666
7667
7668
7669
7670
7671
7672
7674
7676
7677
7678
7679
7680
7681
7682
7683
7684
7685
7688
7690
7691
7692
7693
7694
7695
7698
7699
7700
7702
7704
7705
7706
7707
7708
7709
7711
7714
7715
7716
7717
7718
7719
7720
7722
7723
7725
7727
7728
7729
7732
7734
7735
7736
7737
7738
7740
7742
7745
7746
7748
7749
7750
7752
7753
7754
7755
7756
7760
7761
7762
7763
7764
7766
7767
7768
7769
7770
7771
7773
7774
7776
7779
7780
7781
7782
7783
7788
7789
7790
7791
7792
7793
7796
7797
7799
7800
7801
7802
7804
7805
7806
7807
7808
7809
7810
7811
7812
7813
7814
7815
7816
7817
7818
7819
7820
7822
7823
7826
7829
7830
7832
7833
7834
7835
7836
7837
7838
7839
7840
7842
7843
7844
7845
7846
7847
7848
7849
7850
7851
7852
7853
7854
7855
7857
7859
7861
7862
7865
7866
7868
7870
7872
7873
7875
7876
7877
7878
7879
7880
7881
7882
7884
7885
7886
7887
7888
7890
7891
7893
7894
7895
7898
7899
7900
7901
7902
7903
7904
7905
7906
7907
7909
7910
7911
7912
7913
7914
7915
7916
7917
7918
7919
7920
7921
7922
7923
7925
7926
7928
7929
7930
7931
7932
7934
7935
7936
7938
7939
7940
7941
7942
7943
7944
7946
7947
7949
7950
7953
7958
7959
7960
7961
7962
7963
7964
7965
7966
7968
7969
7970
7971
7974
7975
7977
7978
7979
7980
7981
7982
7983
7984
7986
7987
7988
7989
7990
7991
7992
7993
7994
7995
7996
7997
7998
7999
8000
8001
8002
8003
8005
8006
8007
8008
8009
8011
8012
8013
8014
8015
8016
8019
8020
8021
8023
8024
8025
8026
8027
8029
8030
8031
8032
8033
8035
8037
8038
8039
8040
8041
8042
8043
8044
8045
8046
8047
8049
8050
8051
8052
8054
8055
8056
8057
8058
8059
8060
8061
8062
8064
8065
8066
8068
8070
8072
8073
8074
8075
8076
8078
8079
8081
8084
8085
8086
8087
8088
8089
8090
8093
8094
8095
8096
8097
8099
8105
8109
8111
8112
8114
8115
8116
8117
8119
8120
8123
8124
8125
8126
8127
8128
8129
8131
8132
8134
8135
8136
8138
8139
8140
8141
8142
8143
8144
8145
8146
8147
8148
8149
8151
8152
8153
8154
8155
8156
8157
8158
8159
8160
8161
8162
8163
8164
8165
8166
8167
8168
8169
8171
8172
8173
8174
8175
8176
8177
8179
8180
8181
8182
8183
8184
8186
8187
8189
8190
8191
8195
8196
8197
8198
8199
8200
8201
8202
8203
8204
8205
8206
8207
8208
8209
8210
8211
8212
8213
8214
8216
8217
8218
8219
8221
8222
8223
8225
8226
8227
8228
8229
8230
8231
8232
8233
8234
8235
8236
8237
8238
8239
8240
8241
8242
8243
8247
8248
8250
8251
8252
8253
8254
8255
8257
8258
8260
8262
8263
8264
8265
8266
8267
8268
8269
8270
8271
8272
8273
8274
8275
8277
8278
8279
8280
8281
8283
8286
8287
8288
8289
8290
8292
8293
8295
8296
8297
8298
8299
8300
8301
8302
8303
8304
8305
8306
8307
8308
8309
8310
8312
8313
8314
8315
8316
8317
8319
8320
8321
8322
8323
8324
8325
8326
8327
8328
8329
8330
8331
8333
8334
8335
8336
8337
8338
8339
8340
8342
8343
8344
8345
8346
8347
8349
8350
8351
8352
8353
8354
8355
8356
8357
8359
8360
8361
8362
8363
8364
8365
8366
8367
8368
8372
8375
8376
8377
8379
8380
8381
8382
8383
8384
8385
8386
8387
8388
8389
8391
8392
8393
8394
8395
8396
8399
8400
8402
8403
8404
8405
8406
8408
8409
8410
8411
8412
8413
8414
8415
8416
8417
8418
8419
8420
8421
8422
8423
8424
8425
8426
8427
8428
8429
8430
8432
8433
8434
8435
8436
8437
8438
8439
8440
8444
8445
8447
8449
8451
8452
8453
8455
8457
8458
8459
8460
8461
8462
8463
8464
8467
8468
8469
8470
8471
8472
8473
8475
8476
8478
8480
8482
8483
8486
8488
8489
8490
8491
8492
8493
8494
8495
8496
8497
8498
8499
8503
8504
8505
8506
8507
8508
8509
8510
8511
8512
8513
8515
8516
8517
8518
8519
8520
8521
8522
8523
8524
8525
8527
8528
8529
8530
8531
8532
8533
8534
8535
8536
8537
8539
8541
8542
8543
8544
8545
8546
8547
8549
8550
8551
8552
8553
8554
8555
8556
8557
8558
8560
8562
8563
8564
8565
8566
8569
8570
8571
8572
8575
8579
8580
8581
8582
8584
8585
8587
8588
8589
8590
8591
8592
8593
8594
8595
8597
8598
8600
8601
8603
8604
8605
8606
8607
8608
8609
8610
8612
8614
8615
8616
8617
8618
8619
8620
8621
8622
8623
8624
8625
8627
8628
8630
8631
8632
8633
8634
8635
8636
8637
8638
8640
8641
8642
8643
8644
8645
8646
8647
8648
8649
8650
8651
8652
8653
8654
8656
8658
8659
8660
8661
8662
8663
8664
8665
8666
8667
8668
8669
8671
8672
8674
8675
8676
8678
8680
8681
8682
8683
8686
8687
8688
8689
8690
8691
8692
8693
8694
8695
8696
8697
8698
8699
8701
8703
8706
8707
8708
8709
8710
8711
8713
8714
8716
8717
8718
8719
8720
8721
8722
8724
8727
8728
8729
8730
8731
8733
8734
8735
8736
8737
8738
8739
8740
8741
8743
8744
8745
8746
8747
8749
8750
8752
8753
8754
8755
8756
8757
8758
8759
8761
8762
8763
8764
8765
8766
8767
8768
8769
8770
8771
8772
8773
8774
8775
8776
8778
8779
8781
8782
8783
8784
8785
8787
8788
8789
8790
8792
8793
8794
8795
8796
8797
8799
8800
8801
8802
8803
8805
8806
8807
8809
8811
8812
8813
8814
8815
8816
8818
8819
8820
8821
8822
8823
8824
8825
8827
8829
8830
8831
8832
8833
8834
8835
8837
8838
8839
8840
8841
8842
8843
8844
8845
8846
8847
8849
8850
8851
8852
8853
8855
