0
2
3
4
5
6
7
9
10
12
13
15
18
19
21
22
23
24
25
26
27
28
29
31
32
33
35
36
38
39
40
41
42
43
44
45
46
48
49
50
51
52
53
55
58
60
61
62
63
64
65
66
67
68
69
70
71
72
73
74
75
76
78
79
80
81
84
85
86
87
88
89
90
91
92
93
95
96
97
98
99
100
101
102
103
104
105
106
110
111
112
113
114
115
116
118
119
121
122
123
124
125
126
127
128
131
132
133
134
135
136
137
138
139
141
142
143
145
146
148
149
151
152
153
154
155
156
157
159
161
162
163
164
165
167
168
170
171
172
173
174
175
176
177
179
180
182
184
185
186
187
189
190
191
192
193
194
195
196
197
198
199
200
201
202
203
204
205
206
207
208
209
210
212
213
214
219
222
223
226
227
228
229
230
231
233
234
235
237
238
240
242
243
246
247
248
249
250
252
255
256
257
258
259
261
262
263
264
265
266
267
268
269
270
271
275
276
277
278
280
282
283
284
285
286
287
288
289
290
291
292
293
294
295
296
297
298
299
300
301
304
305
306
308
309
310
311
312
315
316
317
318
319
320
321
323
324
325
326
327
328
330
331
332
333
334
335
336
337
338
339
340
341
342
344
345
346
347
349
350
351
352
353
356
358
359
360
361
362
363
364
365
367
371
372
374
377
378
379
380
381
383
385
386
387
388
391
392
393
394
395
396
397
398
403
404
407
408
409
412
413
414
415
416
417
418
419
420
421
422
423
424
425
426
427
428
429
430
431
432
433
434
435
436
437
438
439
440
441
442
443
444
445
448
449
451
452
453
454
455
457
458
459
460
461
464
465
466
467
468
470
472
474
475
476
479
481
483
484
485
487
488
489
490
492
493
494
495
499
501
502
504
505
506
507
508
509
510
511
512
513
514
516
519
521
522
524
525
526
527
528
529
530
531
532
533
534
535
536
537
538
539
540
541
542
543
544
545
547
548
549
550
551
552
553
554
556
557
558
559
561
563
566
567
568
569
570
571
572
574
575
576
577
578
579
580
581
582
584
585
586
587
588
589
590
591
592
594
595
596
597
598
600
601
602
604
606
607
609
610
611
612
613
614
616
617
621
623
624
625
626
627
628
629
630
631
632
633
634
636
639
641
642
643
644
645
646
647
648
649
650
652
653
654
657
658
659
660
661
663
664
669
671
672
673
674
676
677
678
680
681
682
683
684
685
686
687
688
689
690
691
692
693
695
698
699
700
701
702
704
705
707
708
710
712
714
715
716
718
719
720
721
722
725
726
727
728
729
730
731
732
733
734
735
737
738
739
741
742
743
744
745
746
747
748
749
750
751
752
753
755
756
757
758
759
760
761
762
763
764
765
766
767
769
771
772
773
774
775
776
778
779
780
782
783
784
785
786
787
788
789
790
791
792
794
796
797
799
800
801
802
803
806
808
809
810
811
812
813
814
818
819
820
821
822
823
824
825
826
828
829
830
831
832
833
835
836
839
841
842
843
844
845
846
847
848
849
850
851
852
853
854
855
856
857
858
859
860
861
862
863
864
865
867
869
870
872
873
874
875
878
879
880
881
882
883
884
885
888
889
890
892
893
894
895
897
898
899
900
901
902
904
905
906
907
908
909
910
911
912
915
916
917
918
919
920
921
923
924
925
926
927
928
929
930
931
932
934
935
938
939
940
942
944
945
946
947
948
949
950
951
952
953
954
955
956
957
959
963
964
965
966
967
968
969
970
971
972
973
974
976
977
978
979
980
981
982
983
985
986
987
988
989
991
992
993
994
995
996
997
998
999
1000
1002
1003
1004
1005
1006
1007
1008
1009
1010
1011
1012
1014
1015
1016
1017
1019
1020
1021
1025
1027
1028
1030
1031
1032
1033
1034
1035
1036
1037
1038
1039
1040
1041
1042
1044
1045
1046
1047
1048
1049
1051
1052
1053
1054
1055
1056
1057
1059
1060
1061
1062
1064
1065
1066
1068
1069
1072
1073
1074
1075
1076
1077
1078
1079
1080
1081
1082
1083
1085
1086
1087
1089
1091
1092
1093
1095
1097
1098
1099
1100
1101
1102
1103
1105
1106
1107
1108
1109
1110
1111
1113
1115
1116
1117
1118
1119
1120
1121
1122
1123
1124
1125
1126
1127
1128
1129
1130
1132
1133
1134
1135
1136
1137
1138
1139
1140
1141
1143
1145
1146
1147
1148
1150
1152
1154
1157
1158
1159
1160
1162
1163
1164
1165
1167
1168
1170
1171
1172
1173
1174
1175
1176
1177
1178
1179
1181
1182
1183
1184
1185
1186
1188
1190
1192
1193
1194
1196
1197
1198
1200
1202
1203
1204
1205
1206
1207
1208
1209
1210
1211
1212
1213
1215
1216
1217
1218
1219
1222
1223
1224
1225
1227
1228
1229
1230
1231
1232
1233
1234
1235
1236
1237
1238
1239
1240
1241
1242
1243
1244
1245
1247
1248
1249
1250
1251
1252
1253
1254
1255
1256
1257
1258
1260
1261
1262
1263
1264
1268
1269
1271
1272
1273
1274
1275
1276
1278
1279
1281
1283
1284
1285
1286
1288
1289
1290
1291
1292
1293
1294
1295
1296
1297
1298
1299
1300
1301
1304
1305
1306
1307
1308
1310
1311
1312
1313
1314
1315
1316
1318
1319
1320
1321
1322
1323
1324
1325
1326
1327
1328
1329
1330
1331
1334
1335
1336
1338
1339
1340
1342
1343
1344
1345
1346
1347
1348
1349
1350
1351
1352
1354
1355
1356
1357
1358
1359
1360
1361
1362
1363
1364
1365
1366
1368
1369
1370
1371
1373
1374
1375
1377
1379
1381
1382
1383
1384
1385
1386
1387
1388
1389
1390
1391
1392
1393
1395
1396
1397
1398
1399
1400
1402
1405
1406
1407
1410
1411
1412
1414
1416
1419
1420
1421
1422
1423
1424
1427
1428
1429
1430
1431
1432
1433
1435
1436
1437
1438
1441
1442
1443
1444
1445
1447
1449
1450
1452
1454
1456
1458
1459
1460
1461
1463
1464
1465
1466
1467
1468
1469
1470
1471
1472
1473
1475
1476
1477
1478
1479
1480
1481
1482
1483
1485
1486
1487
1488
1489
1490
1491
1492
1494
1495
1496
1497
1498
1499
1500
1501
1502
1503
1504
1505
1506
1507
1511
1512
1513
1514
1515
1516
1517
1518
1520
1521
1522
1523
1524
1525
1526
1527
1528
1529
1530
1531
1532
1533
1535
1537
1539
1540
1541
1542
1544
1545
1546
1547
1548
1549
1550
1551
1553
1554
1556
1557
1558
1559
1560
1561
1563
1564
1565
1566
1567
1568
1569
1570
1572
1574
1575
1576
1577
1578
1581
1582
1583
1584
1585
1586
1588
1589
1590
1592
1594
1595
1596
1597
1599
1600
1601
1602
1603
1605
1606
1609
1610
1611
1612
1613
1614
1615
1616
1617
1619
1620
1621
1622
1623
1624
1625
1626
1627
1628
1631
1633
1634
1635
1636
1638
1641
1642
1643
1644
1645
1646
1647
1648
1649
1650
1652
1653
1655
1657
1659
1660
1661
1662
1663
1664
1666
1667
1668
1669
1670
1672
1673
1674
1675
1677
1678
1679
1680
1681
1682
1683
1685
1686
1687
1688
1689
1690
1691
1692
1693
1696
1697
1698
1699
1700
1701
1702
1703
1704
1705
1707
1709
1710
1711
1712
1713
1714
1715
1717
1718
1719
1720
1722
1724
1725
1726
1727
1728
1729
1730
1731
1733
1734
1735
1736
1737
1738
1739
1741
1743
1744
1745
1747
1748
1749
1750
1751
1752
1753
1754
1755
1756
1758
1759
1763
1764
1765
1766
1767
1768
1769
1770
1771
1772
1773
1774
1775
1776
1777
1778
1779
1780
1781
1782
1783
1784
1785
1786
1787
1788
1789
1790
1791
1794
1795
1796
1797
1799
1800
1801
1802
1803
1804
1805
1807
1808
1810
1811
1814
1818
1819
1820
1822
1823
1825
1826
1827
1828
1829
1830
1831
1833
1835
1837
1838
1840
1842
1843
1845
1847
1848
1849
1851
1852
1853
1854
1855
1856
1858
1859
1860
1861
1862
1863
1864
1865
1866
1867
1868
1869
1870
1871
1872
1874
1875
1876
1877
1878
1880
1883
1884
1885
1886
1887
1888
1890
1891
1892
1893
1894
1895
1896
1897
1898
1899
1900
1901
1902
1903
1904
1905
1906
1908
1909
1910
1911
1912
1914
1915
1918
1920
1921
1922
1923
1925
1927
1928
1929
1930
1932
1933
1934
1935
1936
1937
1938
1939
1941
1944
1946
1947
1949
1951
1952
1953
1954
1956
1957
1959
1961
1965
1966
1967
1968
1969
1970
1972
1973
1974
1975
1976
1977
1979
1980
1981
1982
1983
1985
1986
1987
1988
1989
1990
1991
1992
1993
1994
1996
1997
1998
1999
2001
2003
2004
2005
2006
2007
2008
2009
2010
2011
2013
2014
2015
2016
2017
2020
2021
2022
2023
2024
2025
2026
2027
2029
2030
2031
2032
2033
2035
2036
2038
2039
2040
2041
2042
2044
2045
2046
2048
2049
2050
2051
2052
2056
2057
2058
2059
2060
2061
2062
2063
2064
2065
2066
2067
2068
2069
2070
2071
2072
2073
2074
2076
2077
2079
2080
2081
2082
2083
2084
2085
2086
2087
2088
2089
2091
2092
2093
2094
2096
2097
2098
2099
2103
2104
2105
2106
2108
2109
2111
2112
2113
2114
2115
2116
2117
2118
2119
2120
2121
2122
2123
2124
2126
2129
2130
2131
2132
2133
2134
2136
2138
2139
2140
2141
2142
2143
2144
2146
2147
2152
2153
2154
2156
2157
2158
2160
2161
2162
2163
2165
2166
2167
2168
2169
2170
2171
2172
2173
2174
2175
2176
2177
2178
2179
2180
2181
2183
2184
2186
2187
2188
2191
2193
2195
2196
2197
2200
2201
2202
2203
2205
2206
2207
2209
2210
2211
2212
2213
2216
2217
2218
2219
2220
2222
2223
2224
2225
2226
2228
2229
2231
2232
2236
2237
2238
2239
2240
2241
2242
2243
2244
2245
2246
2247
2248
2250
2251
2252
2253
2254
2255
2256
2259
2260
2261
2262
2263
2266
2267
2268
2270
2271
2272
2274
2275
2277
2279
2281
2282
2283
2284
2285
2286
2287
2289
2291
2292
2293
2294
2295
2297
2299
2301
2302
2303
2304
2305
2306
2307
2309
2310
2312
2313
2314
2315
2316
2318
2319
2320
2321
2322
2323
2325
2326
2327
2328
2329
2330
2332
2333
2334
2335
2336
2337
2338
2339
2340
2341
2343
2344
2345
2348
2349
2350
2351
2352
2353
2354
2356
2357
2358
2360
2362
2363
2364
2365
2367
2369
2370
2371
2372
2373
2374
2375
2376
2377
2378
2380
2381
2382
2383
2384
2386
2387
2388
2389
2390
2391
2392
2393
2395
2396
2397
2398
2399
2401
2402
2403
2404
2405
2406
2407
2408
2409
2411
2412
2413
2414
2415
2419
2420
2423
2424
2425
2427
2429
2430
2431
2432
2433
2434
2435
2436
2437
2439
2441
2442
2443
2444
2445
2447
2448
2449
2452
2454
2455
2456
2457
2459
2460
2461
2462
2463
2464
2465
2466
2467
2469
2470
2471
2472
2473
2474
2475
2476
2478
2479
2480
2481
2483
2485
2486
2487
2488
2489
2491
2492
2493
2494
2495
2497
2498
2499
2500
2501
2502
2503
2504
2505
2506
2507
2508
2509
2510
2511
2512
2513
2514
2515
2516
2517
2518
2519
2520
2521
2522
2524
2525
2526
2527
2528
2529
2530
2531
2532
2533
2534
2535
2536
2537
2538
2539
2540
2541
2542
2543
2544
2547
2548
2549
2551
2552
2554
2555
2556
2560
2561
2562
2563
2565
2566
2567
2568
2570
2571
2572
2573
2574
2575
2576
2577
2579
2580
2581
2582
2583
2584
2585
2586
2587
2588
2590
2591
2592
2593
2594
2595
2596
2597
2598
2599
2600
2601
2602
2604
2605
2606
2607
2608
2609
2610
2611
2614
2615
2616
2617
2618
2619
2620
2621
2622
2623
2624
2625
2627
2629
2630
2631
2632
2633
2634
2635
2636
2637
2639
2641
2642
2643
2644
2646
2647
2648
2650
2651
2652
2653
2654
2655
2657
2659
2660
2661
2664
2667
2668
2669
2670
2671
2673
2674
2675
2678
2679
2680
2681
2682
2683
2684
2685
2686
2688
2689
2690
2692
2693
2694
2695
2697
2698
2699
2700
2701
2702
2704
2705
2706
2707
2708
2710
2711
2712
2714
2716
2717
2718
2719
2720
2721
2722
2723
2724
2725
2726
2727
2728
2729
2730
2731
2733
2734
2735
2737
2738
2739
2740
2741
2743
2744
2745
2746
2747
2748
2749
2750
2751
2752
2753
2754
2755
2756
2757
2758
2759
2760
2761
2762
2763
2764
2765
2766
2767
2768
2769
2770
2771
2772
2773
2775
2776
2778
2779
2781
2783
2784
2785
2789
2790
2791
2792
2793
2796
2797
2798
2799
2801
2802
2804
2805
2806
2807
2808
2809
2810
2811
2812
2815
2817
2818
2820
2822
2823
2824
2825
2826
2828
2829
2830
2831
2832
2833
2834
2835
2836
2837
2838
2841
2843
2844
2845
2846
2847
2848
2849
2850
2851
2852
2853
2854
2855
2856
2857
2858
2859
2860
2861
2862
2863
2864
2865
2866
2868
2869
2870
2872
2873
2874
2875
2876
2877
2878
2879
2880
2881
2882
2883
2884
2885
2886
2889
2890
2891
2893
2894
2895
2896
2897
2899
2900
2903
2904
2905
2906
2908
2909
2910
2911
2912
2913
2914
2915
2916
2918
2919
2921
2922
2924
2927
2928
2929
2931
2932
2933
2934
2936
2937
2938
2939
2940
2941
2942
2943
2944
2945
2946
2947
2949
2951
2952
2953
2955
2956
2957
2958
2959
2960
2961
2964
2965
2967
2968
2970
2971
2972
2973
2974
2976
2977
2978
2979
2980
2981
2982
2984
2985
2986
2987
2988
2990
2991
2992
2993
2994
2995
2996
2997
2998
2999
3000
3001
3002
3003
3005
3006
3007
3008
3010
3011
3012
3013
3014
3015
3016
3017
3018
3020
3022
3024
3025
3026
3027
3028
3029
3030
3031
3033
3034
3035
3036
3037
3038
3039
3040
3041
3042
3043
3044
3045
3046
3047
3049
3050
3051
3052
3053
3054
3055
3056
3057
3058
3059
3060
3061
3062
3063
3065
3067
3068
3070
3071
3073
3076
3078
3080
3081
3082
3084
3085
3086
3087
3088
3089
3090
3092
3093
3094
3095
3096
3097
3098
3100
3101
3102
3103
3105
3107
3108
3109
3110
3111
3112
3113
3115
3116
3117
3118
3119
3120
3121
3122
3123
3124
3125
3126
3127
3128
3129
3130
3131
3132
3133
3134
3136
3138
3140
3141
3142
3144
3145
3147
3148
3149
3151
3153
3154
3155
3156
3157
3161
3162
3163
3164
3166
3167
3168
3169
3170
3171
3172
3173
3174
3175
3176
3177
3178
3179
3180
3181
3182
3183
3184
3185
3186
3187
3188
3189
3191
3193
3195
3196
3197
3198
3199
3202
3204
3205
3206
3208
3210
3211
3212
3213
3214
3215
3216
3217
3218
3219
3220
3222
3223
3224
3225
3226
3228
3229
3230
3233
3234
3235
3236
3237
3239
3240
3241
3242
3244
3245
3248
3250
3251
3252
3254
3257
3259
3260
3261
3262
3263
3264
3266
3267
3268
3269
3270
3271
3272
3274
3276
3278
3279
3280
3281
3282
3283
3284
3285
3286
3287
3288
3289
3291
3292
3293
3294
3295
3296
3297
3299
3301
3302
3303
3304
3305
3306
3307
3308
3310
3312
3313
3315
3316
3317
3318
3319
3320
3321
3322
3323
3324
3325
3326
3327
3328
3329
3330
3332
3333
3336
3337
3339
3340
3341
3342
3343
3344
3345
3346
3347
3349
3350
3351
3352
3353
3354
3355
3356
3358
3359
3360
3361
3363
3364
3365
3366
3367
3368
3369
3370
3371
3372
3375
3376
3377
3379
3380
3382
3383
3384
3385
3386
3387
3388
3389
3390
3392
3393
3394
3397
3398
3400
3401
3402
3403
3404
3405
3406
3407
3408
3409
3410
3412
3413
3414
3415
3417
3419
3420
3422
3423
3424
3425
3426
3427
3428
3429
3430
3431
3432
3435
3436
3437
3438
3439
3440
3441
3442
3443
3444
3445
3447
3448
3449
3450
3451
3453
3457
3458
3459
3460
3461
3462
3463
3464
3465
3466
3467
3469
3470
3471
3472
3473
3474
3475
3477
3478
3480
3481
3482
3484
3486
3488
3489
3491
3492
3493
3495
3496
3498
3499
3501
3503
3507
3508
3509
3510
3511
3512
3513
3514
3515
3516
3517
3518
3519
3520
3521
3523
3524
3525
3527
3528
3529
3530
3531
3532
3534
3536
3537
3538
3539
3540
3541
3542
3543
3544
3545
3546
3547
3549
3550
3551
3552
3553
3554
3556
3557
3559
3560
3561
3562
3564
3565
3566
3570
3571
3572
3573
3574
3575
3576
3577
3578
3579
3580
3581
3582
3583
3584
3585
3586
3587
3588
3589
3590
3591
3592
3593
3596
3598
3599
3600
3601
3602
3603
3604
3605
3607
3608
3609
3610
3613
3614
3615
3616
3617
3618
3619
3621
3624
3625
3626
3627
3630
3631
3632
3633
3635
3636
3637
3638
3639
3640
3641
3642
3643
3644
3645
3646
3650
3651
3652
3654
3655
3656
3659
3661
3662
3663
3664
3665
3667
3668
3669
3670
3671
3673
3674
3675
3676
3677
3678
3679
3680
3684
3685
3687
3689
3690
3691
3692
3694
3696
3697
3700
3702
3703
3704
3705
3706
3708
3709
3710
3711
3712
3713
3714
3715
3717
3718
3719
3721
3722
3723
3726
3727
3728
3729
3731
3732
3733
3734
3735
3736
3737
3738
3739
3740
3741
3742
3743
3744
3745
3747
3748
3750
3752
3753
3754
3755
3756
3757
3758
3759
3761
3762
3764
3765
3767
3768
3769
3770
3771
3772
3773
3774
3775
3776
3778
3779
3780
3781
3783
3784
3786
3787
3789
3790
3791
3793
3794
3795
3796
3797
3798
3799
3800
3801
3802
3803
3804
3806
3807
3808
3809
3810
3811
3812
3813
3814
3815
3817
3819
3821
3822
3823
3825
3826
3827
3828
3831
3833
3837
3838
3839
3840
3841
3842
3843
3845
