2
3
5
6
7
8
9
10
11
12
13
14
15
16
17
19
20
21
22
23
25
26
27
28
29
30
32
33
35
36
37
38
40
41
42
45
47
48
50
51
52
53
54
55
56
57
58
59
61
62
63
64
65
67
68
69
70
71
72
73
75
77
78
79
80
82
83
84
85
86
88
89
90
91
92
93
94
96
99
101
102
103
104
105
106
107
108
109
110
111
113
117
118
119
120
121
122
123
124
125
126
127
128
129
130
131
132
133
134
136
137
138
139
140
143
144
145
146
147
148
149
150
151
152
153
154
155
156
157
158
159
160
161
162
163
164
165
166
167
168
169
171
173
174
175
177
178
181
182
184
185
186
187
189
190
192
193
194
195
197
198
199
200
202
204
205
206
207
208
209
211
213
214
215
216
217
218
219
220
221
222
224
225
226
227
229
230
232
233
234
235
236
238
239
240
246
247
248
249
251
252
253
254
255
257
258
259
260
261
262
263
264
265
266
267
269
270
271
273
274
277
278
279
280
281
283
285
286
287
288
289
291
292
293
296
297
298
299
300
301
302
303
304
306
307
310
311
312
313
314
315
317
318
319
320
323
324
327
329
332
333
334
335
336
337
338
339
341
343
344
345
346
348
350
351
353
354
355
356
357
358
359
360
362
364
365
366
367
368
369
370
371
372
373
374
375
376
377
378
379
380
381
382
383
384
385
387
388
389
390
391
392
394
395
396
397
399
400
405
406
407
408
409
410
412
413
415
416
417
418
419
420
421
422
423
424
425
426
427
429
430
431
432
433
436
437
438
439
440
441
442
443
444
445
447
449
450
451
454
456
458
459
460
461
463
464
465
466
467
469
470
471
472
473
474
475
476
477
478
479
480
481
482
483
484
485
486
487
488
491
492
493
495
496
499
500
501
502
503
504
505
506
507
508
510
511
512
513
514
515
516
517
518
519
520
521
522
523
524
526
527
528
529
530
531
532
534
535
536
537
538
539
