0
1
3
4
5
6
7
8
9
10
11
15
17
18
19
20
21
22
23
24
25
26
27
29
30
31
32
34
37
38
39
40
41
42
43
44
46
48
49
50
52
53
54
55
56
58
59
60
62
63
64
66
67
68
69
70
71
72
73
74
75
76
77
78
79
80
81
82
83
84
85
87
91
92
93
94
95
97
98
99
100
101
103
106
107
108
111
112
113
114
115
116
117
118
119
123
124
126
128
129
132
133
134
135
136
138
140
141
142
143
144
145
146
148
149
151
152
153
155
156
157
158
160
161
162
163
165
168
170
171
172
173
174
175
176
177
178
179
180
181
183
184
185
186
187
188
190
191
192
193
194
195
196
197
198
199
200
201
203
204
205
206
207
208
209
210
211
212
215
216
218
219
220
221
223
224
225
227
228
230
231
233
234
235
236
237
238
240
241
242
243
244
245
246
247
248
249
250
251
252
253
255
256
258
259
260
261
262
265
266
267
268
269
270
271
272
273
275
276
277
278
279
280
281
282
283
284
285
287
288
289
290
291
292
293
294
295
296
300
301
304
305
306
307
308
309
310
311
312
313
314
315
316
318
320
321
322
323
324
325
326
327
328
330
331
333
334
335
336
337
338
340
341
342
343
344
346
347
348
349
350
351
352
355
356
357
359
360
361
363
364
365
370
371
373
374
376
377
382
383
384
385
386
387
389
392
393
396
397
398
399
400
401
402
403
404
406
408
409
410
411
412
413
414
416
418
419
420
421
422
423
424
426
427
428
429
430
431
433
434
435
437
438
439
440
441
442
443
445
446
447
448
449
450
451
452
453
454
455
457
458
460
462
463
464
465
466
467
468
469
470
471
473
474
475
476
477
478
479
480
481
482
483
484
485
486
487
488
489
490
491
492
493
494
496
497
498
499
501
502
503
504
505
506
507
508
509
510
511
512
513
514
516
517
518
519
520
521
522
523
524
525
526
527
528
530
531
532
533
534
536
539
